7 0.7145833325 0.73055555625 0.7145833325 0.72916666625 0.7114583324999999 0.73194444375 0.7145833325 0.73055555625
7 0.6078125 0.39583333375 0.5453125 0.43958333375 0.55625 0.52916666625 0.5734375 0.5416666662499999 0.590625 0.57083333375 0.6046875 0.61666666625 0.634375 0.6541666662500001 0.6546875 0.65 0.684375 0.6145833337500001 0.709375 0.57083333375 0.7203125 0.52291666625 0.7359375 0.4875 0.728125 0.40625 0.6953125 0.3875 0.65625 0.42083333375000004 0.6453125 0.39583333375 0.6078125 0.39583333375
7 0.5484375 0 0.5328125 0.020833333750000002 0.5375 0.041666666250000005 0.525 0.06458333375 0.5109375 0.06875 0.4921875 0.10833333375000001 0.475 0.11041666624999999 0.459375 0.1 0.44375 0.125 0.4234375 0.18541666625 0.425 0.21666666625 0.415625 0.22291666625 0.421875 0.25208333374999997 0.446875 0.26458333375 0.4484375 0.27291666625 0.4390625 0.27708333375 0.403125 0.33125 0.403125 0.37708333375 0.4078125 0.38333333375 0.440625 0.39791666625 0.4859375 0.34583333375 0.5328125 0.37291666625 0.5546875 0.37708333375 0.565625 0.37083333375000005 0.5703125 0.35 0.603125 0.34166666625 0.6015625 0.32708333375000004 0.5890625 0.3125 0.5640625 0.30625 0.546875 0.29166666625000004 0.60625 0.24791666625 0.6109375 0.22083333375 0.6359375 0.19375 0.6265625 0.15 0.6125 0.14375 0.6171875 0.11666666625 0.603125 0.11458333375 0.603125 0.0875 0.6171875 0.03333333375 0.6171875 0 0.5484375 0
7 1 0.26875 0.99375 0.26875 0.934375 0.28333333374999997 0.875 0.31041666625000003 0.8609375 0.30833333375 0.7984375 0.33541666625 0.771875 0.3375 0.7765625 0.39166666624999996 0.8109375 0.41875 0.81875 0.45416666624999996 0.828125 0.4625 0.8765625 0.46458333375000005 0.8875 0.48125 0.90625 0.49166666625 0.9875 0.48958333375 1 0.48125 1 0.4 0.9875 0.39375 0.990625 0.375 1 0.36875 1 0.26875
7 0.465625 0.775 0.4640625 0.80208333375 0.4484375 0.83333333375 0.45 0.875 0.4578125 0.89583333375 0.515625 0.91666666625 0.55 0.92083333375 0.575 0.9125 0.609375 0.92083333375 0.6671875 0.91458333375 0.6953125 0.89583333375 0.690625 0.82916666625 0.6578125 0.74375 0.640625 0.7208333337499999 0.584375 0.6875 0.5 0.675 0.453125 0.6895833337499999 0.4640625 0.72916666625 0.465625 0.775
7 0.784375 0.58541666625 0.7671875 0.60208333375 0.7640625 0.6375 0.7515625 0.66875 0.75625 0.69791666625 0.78125 0.7229166662500001 0.8078125 0.73541666625 0.828125 0.73541666625 0.8359375 0.7229166662500001 0.8375 0.67083333375 0.828125 0.64791666625 0.828125 0.62916666625 0.859375 0.5875 0.8609375 0.57083333375 0.8828125 0.52291666625 0.8828125 0.48958333375 0.8703125 0.46666666625 0.8390625 0.49791666625 0.8234375 0.50208333375 0.784375 0.58541666625
7 0.275 0.55138889 0.2625 0.51388889 0.23229166750000002 0.51388889 0.2333333325 0.49583333375000005 0.190625 0.50694444375 0.159375 0.5597222225 0.1541666675 0.60833333375 0.1375 0.65694444375 0.10625 0.675 0.115625 0.70694444375 0.1302083325 0.7375 0.1510416675 0.77083333375 0.1708333325 0.80555555625 0.1885416675 0.8458333337499999 0.1833333325 0.86388889 0.2125 0.8805555562499999 0.2302083325 0.8513888900000001 0.23645833249999998 0.8152777775 0.27083333249999997 0.79305555625 0.3041666675 0.74305555625 0.2875 0.73888889 0.3125 0.7152777775 0.34270833250000005 0.7138888900000001 0.3333333325 0.67916666625 0.3333333325 0.64444444375 0.34479166749999995 0.6222222225 0.334375 0.5972222225 0.3197916675 0.59166666625 0.2979166675 0.5652777775 0.275 0.55138889
7 0.34375 0.6097222225 0.35729166749999997 0.5847222225 0.3864583325 0.56111111 0.4177083325 0.53055555625 0.4416666675 0.5222222225 0.471875 0.53194444375 0.5 0.56944444375 0.509375 0.60694444375 0.521875 0.6305555562499999 0.5458333325 0.61666666625 0.5572916674999999 0.5722222225 0.5427083325000001 0.54305555625 0.5302083325 0.5222222225 0.5364583325000001 0.49305555624999997 0.5177083325 0.46666666625 0.5427083325000001 0.45138889 0.5072916675 0.42083333375000004 0.490625 0.42638888999999996 0.45 0.43055555624999997 0.4458333325 0.42361111 0.45208333250000005 0.40555555624999995 0.4760416675 0.3902777775 0.46979166749999995 0.37222222250000003 0.4947916675 0.36944444375 0.4802083325 0.3527777775 0.43958333250000003 0.4 0.4 0.37638889 0.378125 0.4097222225 0.35625 0.425 0.34166666749999997 0.4472222225 0.353125 0.4625 0.340625 0.48333333375000004 0.3104166675 0.49583333375000005 0.2947916675 0.5055555562499999 0.2697916675 0.52638889 0.2791666675 0.55555555625 0.30625 0.56944444375 0.32604166749999997 0.5972222225 0.34375 0.6097222225
7 0.23125 0.50138889 0.2354166675 0.51111111 0.2625 0.50833333375 0.2666666675 0.52916666625 0.29166666750000003 0.5027777775 0.31875 0.49166666625 0.3395833325 0.48055555624999996 0.3552083325 0.46111111 0.3395833325 0.44444444375000003 0.3510416675 0.42916666625 0.375 0.41111111 0.3958333325 0.37916666624999995 0.38854166749999997 0.3625 0.36041666749999995 0.34861111 0.3239583325 0.3402777775 0.2947916675 0.38194444375000003 0.2541666675 0.40694444375000005 0.22083333249999998 0.43055555624999997 0.196875 0.44861111000000004 0.1916666675 0.47361111 0.1885416675 0.49444444375 0.15729166749999998 0.5027777775 0.13125 0.51944444375 0.1385416675 0.54583333375 0.1302083325 0.56666666625 0.13958333250000002 0.58194444375 0.15 0.56944444375 0.15625 0.58611111 0.1677083325 0.5402777775 0.19375 0.50416666625 0.23125 0.50138889
7 0.5197916674999999 0.67638889 0.5520833325000001 0.6847222225 0.5895833325000001 0.6930555562499999 0.6 0.6861111099999999 0.609375 0.69444444375 0.6229166675 0.6847222225 0.6395833325 0.675 0.6166666675 0.6277777775 0.5864583325 0.62083333375 0.5520833325000001 0.62083333375 0.5208333325000001 0.62916666625 0.50625 0.60138889 0.48645833250000003 0.6152777775 0.45625 0.62083333375 0.45 0.64444444375 0.48229166749999997 0.6819444437500001 0.5 0.67361111 0.5197916674999999 0.67638889
7 0.33125 0.7125 0.3104166675 0.71805555625 0.290625 0.73611111 0.34166666749999997 0.7444444437500001 0.35625 0.80138889 0.3385416675 0.82361111 0.31770833249999997 0.80416666625 0.28645833249999997 0.8166666662500001 0.28125 0.8347222225 0.2635416675 0.84444444375 0.271875 0.8625 0.26041666750000003 0.89166666625 0.3010416675 0.93055555625 0.3322916675 0.93055555625 0.3708333325 0.9388888900000001 0.39270833250000003 0.9430555562499999 0.3989583325 0.9027777775 0.40833333250000003 0.9027777775 0.4114583325 0.89305555625 0.43958333250000003 0.89305555625 0.459375 0.89444444375 0.45 0.8736111099999999 0.45 0.8277777775 0.46770833250000005 0.79444444375 0.4625 0.73888889 0.459375 0.6875 0.4572916675 0.6916666662500001 0.45625 0.6972222225 0.4302083325 0.6847222225 0.40520833250000005 0.7236111099999999 0.3625 0.7222222225 0.33125 0.7125
7 0.5947916675 0.34166666625 0.5885416674999999 0.37916666624999995 0.5833333325000001 0.41111111 0.615625 0.39166666624999996 0.6447916675 0.39444444375000004 0.659375 0.42083333375000004 0.69375 0.38888889 0.728125 0.4027777775 0.73125 0.45555555625 0.7552083325 0.45138889 0.76875 0.41805555624999996 0.7770833325 0.3902777775 0.7739583324999999 0.32916666624999996 0.7604166675 0.26944444375 0.7458333325 0.28055555625 0.7270833324999999 0.24444444375 0.71875 0.25555555625 0.7052083324999999 0.24027777749999998 0.6833333325 0.26944444375 0.6708333325 0.22777777749999997 0.6552083325 0.24166666625000002 0.6125 0.225 0.6052083325000001 0.25138889 0.6104166675 0.26805555625 0.6302083325000001 0.29444444375 0.6208333325000001 0.3 0.590625 0.2722222225 0.578125 0.28055555625 0.596875 0.29166666625000004 0.5927083325 0.30555555625 0.5833333325000001 0.30833333375 0.603125 0.325 0.60625 0.34305555624999995 0.5947916675 0.34166666625
7 0.4739583325 0.38888889 0.45520833250000003 0.4 0.4479166675 0.42638888999999996 0.4739583325 0.43055555624999997 0.503125 0.41944444375 0.5364583325000001 0.4472222225 0.5458333325 0.43611111 0.5822916674999999 0.41111111 0.5947916675 0.34861111 0.5791666675 0.34583333375 0.565625 0.37361111 0.55625 0.37638889 0.5197916674999999 0.36805555624999997 0.4895833325 0.34166666625 0.49375 0.37083333375000005 0.46875 0.36944444375 0.4739583325 0.38888889
7 0.3989583325 0.37222222250000003 0.40625 0.3277777775 0.4260416675 0.30555555625 0.4333333325 0.2847222225 0.446875 0.28611111 0.4645833325 0.26111111000000004 0.42291666749999995 0.25277777749999997 0.415625 0.22777777749999997 0.4 0.21944444375 0.3854166675 0.2847222225 0.36875 0.27361111 0.34375 0.2777777775 0.3395833325 0.31944444375 0.3395833325 0.3347222225 0.3625 0.34861111 0.384375 0.35694444375 0.3989583325 0.37222222250000003
7 0.2385416675 0.3597222225 0.19375 0.37361111 0.1864583325 0.38888889 0.209375 0.4277777775 0.25 0.4097222225 0.28645833249999997 0.38888889 0.3041666675 0.36388888999999996 0.3333333325 0.3347222225 0.309375 0.31111111 0.2958333325 0.325 0.271875 0.32083333375 0.2385416675 0.3597222225
7 0 0.46944444375000005 0.0104166675 0.48194444375 0.019791667500000002 0.52638889 0.0385416675 0.5902777775 0.07604166750000001 0.62083333375 0.10625 0.63611111 0.11979166749999999 0.6583333337499999 0.13125 0.6625 0.14166666749999998 0.64444444375 0.153125 0.6097222225 0.153125 0.57361111 0.1427083325 0.5847222225 0.1322916675 0.56666666625 0.13958333250000002 0.5527777775 0.134375 0.51805555625 0.18541666750000002 0.49722222250000003 0.196875 0.44861111000000004 0.21875 0.43333333375000005 0.190625 0.39444444375000004 0.16979166750000002 0.38888889 0.14375 0.36388888999999996 0.11770833250000001 0.37638889 0.10104166749999999 0.36111111 0.0927083325 0.36666666625 0.0770833325 0.34444444375000005 0.05625 0.33333333375 0.0291666675 0.30972222250000003 0.009375 0.325 0.0104166675 0.35 0.0375 0.375 0 0.38055555625 0 0.46944444375000005
7 0.2770833325 0.39444444375000004 0.290625 0.375 0.3239583325 0.35 0.3333333325 0.33611111 0.3104166675 0.32361111000000004 0.296875 0.3277777775 0.284375 0.32083333375 0.26041666750000003 0.33888889 0.24166666750000002 0.3625 0.22083333249999998 0.36666666625 0.203125 0.37083333375000005 0.184375 0.38611111000000004 0.1875 0.3847222225 0.1864583325 0.3902777775 0.2083333325 0.42083333375000004 0.21875 0.43194444375 0.2489583325 0.40833333375 0.2770833325 0.39444444375000004
7 0.753125 0.58888889 0.7666666675 0.5402777775 0.7885416675000001 0.53055555625 0.809375 0.5347222225 0.8291666675 0.49722222250000003 0.8708333325 0.47083333375 0.8291666675 0.4625 0.8083333325 0.41805555624999996 0.775 0.38888889 0.7541666675 0.45416666624999996 0.734375 0.4597222225 0.7385416675 0.49305555624999997 0.7166666675000001 0.53611111 0.7041666675 0.58055555625 0.6770833325 0.625 0.6416666675 0.6597222225 0.6677083325 0.6847222225 0.6989583325 0.6888888900000001 0.721875 0.6638888900000001 0.753125 0.58888889