0 0.133350185 0.405292425 0.16277155875 0.43816818875 0.21611958625 0.45677936750000003 0.33088939125000005 0.4662224475 0.34297476625 0.45806614125 0.35774522249999996 0.42738156875 0.36637619625 0.36828655 0.36096901000000003 0.33373203250000005 0.33514008500000003 0.29735559500000003 0.20877310000000002 0.2919727725 0.17364992999999998 0.29361573375 0.15127540375 0.3081780075 0.13437708875 0.3300751075 0.12687906875 0.36634417124999996 0.133350185 0.405292425
0 0.3215716075 0.27799452124999996 0.34454037875 0.31172755750000003 0.3630093325 0.3299336725 0.39870823625 0.3367804975 0.435540095 0.320801365 0.4432822125 0.28248427875 0.43084669124999997 0.2402972475 0.43162949625 0.16712795625 0.42622231 0.1325734375 0.39857864875 0.058141809999999995 0.3697330075 0.03375583 0.32170463 0.03711333625 0.29844124875 0.0724535425 0.29078666625 0.1233564625 0.3215716075 0.27799452124999996
0 0.11335264375 0.6130359475 0.12618882625 0.638541095 0.16443476125 0.6772990362500001 0.17611947749999998 0.6858246137499999 0.23844862500000003 0.69568411125 0.23958157875000002 0.672858155 0.2549967925 0.623443675 0.30577927375 0.5703382087500001 0.3108363125 0.55454939 0.28771098 0.53545021125 0.16052416375 0.5236256275 0.1234482075 0.541652785 0.11145037 0.56239492375 0.1090093875 0.5828751675 0.11335264375 0.6130359475
0 0.55880282625 0.32558881125 0.57142691 0.2463112375 0.5583281175 0.1830485875 0.5346085375 0.11565409624999999 0.53392675375 0.05477295125000001 0.5100691275 0.04181784625 0.501243345 0.025990396250000002 0.45691438125 0.02369185625 0.43778246375 0.048902128749999996 0.428976415 0.08282547750000001 0.42929456375 0.23999956 0.43838173625000004 0.28363923750000003 0.43979581375000004 0.3383763125 0.5111936225 0.35206996250000006 0.54549696125 0.34398524 0.55880282625 0.32558881125
0 0.6935654375 0.09167516625 0.65483130625 0.0570132725 0.6299972862500001 0.05225026375 0.6276253275 0.045510814999999996 0.50829688 0.026356135 0.494172315 0.025623749999999997 0.51794958625 0.09988997124999999 0.6382006287499999 0.30310967375000003 0.6668711962499999 0.30232398499999996 0.71046877875 0.256219865 0.7436896762499999 0.20393587875000002 0.744490995 0.17057211500000002 0.73083498125 0.138625205 0.6935654375 0.09167516625
0 0.617463475 0.36826216625 0.62491098375 0.39901832374999996 0.6534435025 0.45267201999999995 0.68703306 0.49053689749999996 0.70386235 0.49585949125 0.71129134625 0.48681012125 0.73579373125 0.48103532 0.75555220125 0.46178162125 0.7798795125 0.43083515 0.79407423375 0.3916607925 0.8248541475000001 0.35985705 0.7690786262500001 0.21508984125000002 0.74513346125 0.18954890375000003 0.7032630787499999 0.26112237875 0.6417032500000001 0.32472986249999997 0.617463475 0.36826216625
0 0.8155416275 0.35807096625 0.80272395875 0.372371345 0.79056955875 0.40774734375 0.78040497 0.5063502 0.7465763425 0.656975145 0.7483035425 0.6824445025 0.7577038374999999 0.69681646375 0.8024023750000001 0.7347171337499999 0.8693879025 0.74546969375 0.8910301337500001 0.7370514925 0.912828925 0.7139994325000001 0.9168910575 0.666597185 0.9127919 0.63438837875 0.92231173125 0.55451543 0.9171486425 0.5179128875 0.90692851625 0.497099165 0.87857107125 0.46861713625 0.8373589325 0.37482443375 0.82330225875 0.35955940750000004 0.8155416275 0.35807096625
0 0.50526280625 0.94796210875 0.53393337375 0.94717642 0.634333385 0.9706221899999999 0.67125277875 0.9672288925 0.6876628975 0.94942784125 0.70520597 0.908800835 0.7062513875 0.873389045 0.69536799 0.83149970125 0.66333056 0.7939325125000001 0.62321937625 0.7841445987500001 0.574458705 0.7936461774999999 0.531994075 0.81692434125 0.51289887625 0.8572536612499999 0.4992108625 0.9321374975000001 0.50526280625 0.94796210875
0 0.4710824375 0.34228204875 0.44968430499999995 0.34865222500000004 0.41963668499999995 0.37431189375 0.40005329 0.4187372625 0.40849570375 0.48110684875 0.5210736525 0.695423945 0.55546452875 0.6999250575000001 0.5755546325 0.69120916875 0.6166236975 0.6529994562500001 0.6360505325 0.6232079475 0.6426411837499999 0.56791129 0.6113360475 0.5242000275 0.6034003425000001 0.49753991999999997 0.59253545875 0.49545610250000005 0.57054308 0.4535309675 0.55493428125 0.437968255 0.540458435 0.39957958374999997 0.5093973975 0.35382029625 0.4710824375 0.34228204875
0 0.2709287675 0.9826222699999999 0.35784783750000004 0.9992928000000001 0.36510175875 0.96507176125 0.37092309125 0.8363081237500001 0.36108511125 0.75900699 0.34629614375 0.7498860374999999 0.25252381125 0.75075466375 0.245094815 0.7598040337499999 0.2351558125 0.8165533387499999 0.23896035999999998 0.9178353875 0.25997634625 0.9679526199999999 0.2709287675 0.9826222699999999
0 0.2598097325 0.60970288 0.24299895500000002 0.6441858137500001 0.2375412575 0.67665651625 0.25904543875 0.72267769875 0.28013044875 0.74557523875 0.32611850375 0.7460160925 0.36155479625 0.71510541625 0.37869721 0.6911602925 0.38415490625 0.65868959 0.3992569975 0.6385428275 0.387885405 0.60074953125 0.39105868125 0.57412521625 0.42829119875000005 0.5414642024999999 0.40514735375 0.48255949625 0.39346263875 0.47403391999999994 0.38652183875 0.47898724125000003 0.34815636625 0.5344742112499999 0.2598097325 0.60970288
0 0.35616109625 0.5339146262500001 0.38301692625 0.49507374624999995 0.39443902999999997 0.4658418225 0.38233514375 0.43419260125000003 0.37326648375 0.43035844875 0.331621685 0.46007837375 0.26676401875 0.45811328625000003 0.256562405 0.47710509 0.25951009625 0.492334325 0.28509492375 0.5307587862500001 0.32243349125000004 0.5504891325 0.35616109625 0.5339146262500001
0 0.69816591875 1 0.69821465875 0.98077937375 0.6841579862499999 0.9655143475 0.6459305625 0.9665619325 0.59143523 1 0.69816591875 1
0 0.68676038375 0.97229799375 0.7012177175 0.9708811375 0.7190048887499999 0.92820610625 0.78211684375 0.86489631 0.83101556375 0.8009553475 0.8790254274999999 0.757792315 0.8807341137500001 0.743456145 0.8132603912499999 0.7367996325 0.77077725 0.7202722699999999 0.75363483625 0.7442173950000001 0.7238683399999999 0.8474400925000001 0.7019129875 0.88512601125 0.700535935 0.9099999925 0.6830803975 0.9632128337499999 0.68676038375 0.97229799375
0 0.6641588512500001 0.46729620125 0.62966192625 0.41040372875000003 0.6169823050000001 0.3702647225 0.55711265125 0.37973050875 0.5401268 0.38904177500000003 0.5391504075 0.39723387250000003 0.5452898875000001 0.42564431625 0.56637489875 0.44854185625 0.5909833325 0.495158415 0.6085449175000001 0.494336935 0.6065921325 0.51072112875 0.61526013125 0.531237165 0.6437051137500001 0.5723050275 0.6420839625000001 0.59922703125 0.6301736612500001 0.63255500625 0.57890298375 0.68975652 0.6168863087500001 0.69075696 0.6738958074999999 0.6786477737500001 0.6789528462500001 0.6628589524999999 0.6725692675 0.63649653375 0.6641588512500001 0.46729620125
0 0.38561773375 0.83493678125 0.42353203375 0.86315691375 0.4486101525 0.8658718974999999 0.47180450874999996 0.8577513849999999 0.49792804500000004 0.8250545787500001 0.5100454175 0.7100675275 0.5032426675 0.6605814624999999 0.44249764375 0.54418890875 0.43628914 0.5429981575 0.40639808125000004 0.55402396625 0.38867993375 0.569479305 0.375968315 0.636171045 0.3791466175 0.7959885275 0.38561773375 0.83493678125
0 0.49017970875000005 1 0.503936265 0.9058108687499999 0.51901984375 0.84585857875 0.5110841374999999 0.81919847 0.5033235075 0.81771003 0.4776881675 0.8463107875 0.45580184 0.856777015 0.39584464875 0.85365696625 0.3678053525 0.98234902 0.368647075 1 0.49017970875000005 1
0 0.6930650575 0.7975405600000001 0.69826014375 0.72731235625 0.71139093625 0.68374426 0.70485079625 0.67201569875 0.677732355 0.67309907625 0.57621790375 0.7122847874999999 0.5729756025 0.7661287975000001 0.57960327875 0.7904431925000001 0.6245274037499999 0.7864903112499999 0.68718818625 0.8068876174999999 0.6930650575 0.7975405600000001
0 0.5559426725000001 0.32294541125000004 0.541416315 0.35158195999999997 0.56274542375 0.372431475 0.61469788375 0.37611110750000004 0.6594284225 0.30718102999999997 0.6280542625 0.29068946125 0.603689925 0.24202487625 0.5761523125 0.21998461 0.5559426725000001 0.32294541125000004
0 0.77357701 0.5616013424999999 0.8115553087499999 0.37615998375 0.7684459212500001 0.418168055 0.734161095 0.46605830374999996 0.7112108362499999 0.47213079375 0.7031370812500001 0.49991007000000004 0.67675093625 0.49484937375 0.67144979875 0.51268621625 0.6760926924999999 0.6602155537500001 0.68622528125 0.6684434425000001 0.7445428074999999 0.6586799675 0.77357701 0.5616013424999999