17 0.1517615175 0.40240963874999996 0.14905149 0.46506024125 0.16395664 0.5301204825 0.19783197875 0.5879518075 0.23441734375 0.61686747 0.26964769625 0.61686747 0.30894309 0.575903615 0.33333333375 0.51807228875 0.341463415 0.4698795175 0.34010840125 0.40722891625 0.32384823875 0.34939759000000004 0.2967479675 0.30602409625 0.26693767 0.28433735 0.22899729000000002 0.28192771125 0.19241192375000002 0.30602409625 0.16937669374999997 0.33975903625000003 0.1517615175 0.40240963874999996
17 0 0.48192771125 0.031165311249999997 0.47228915625 0.06233062375 0.4457831325 0.07859078625 0.41445783124999996 0.0867208675 0.36626506 0.0867208675 0.291566265 0.07588075875 0.23614457875 0.04065040625 0.175903615 0.00542005375 0.159036145 0 0.16144578375 0 0.48192771125
17 0.00013801124999999998 0.87976343875 0.02723828125 0.90385982375 0.06517866125 0.91108874 0.10718408125 0.88699235375 0.13563936625 0.8460284987500001 0.15596456875 0.7857875350000001 0.1573195825 0.73036584875 0.14512446125 0.66771524625 0.1153141625 0.6074742825 0.07872879625000001 0.57855861875 0.03807839 0.57614898125 0.02046321375 0.585787535 0.00013801124999999998 0.6147031975 0.00013801124999999998 0.87976343875
17 0.37398373999999995 1 0.39701897 0.90602409625 0.39701897 0.86024096375 0.38617886125 0.8120481925 0.3482384825 0.7469879512500001 0.3197831975 0.7277108437500001 0.2872628725 0.7228915662500001 0.23983739875 0.7566265062499999 0.215447155 0.8120481925 0.20596205999999997 0.85542168625 0.20596205999999997 0.908433735 0.215447155 0.96867469875 0.22764227625 1 0.37398373999999995 1
17 0.6233062325000001 1 0.61382113875 0.96385542125 0.5867208675 0.92289156625 0.555555555 0.89879518125 0.5257452575 0.8963855425 0.50135501375 0.90602409625 0.47696477000000004 0.9301204825 0.4552845525 0.96626506 0.44715447124999996 1 0.6233062325000001 1
17 0.3932455975 0.56652446 0.3932455975 0.6291750625 0.40137567875 0.67736783375 0.42712093625 0.7303798825 0.45015616625 0.7544762675 0.48403150500000003 0.76652446 0.52332689875 0.74965699 0.5612672775 0.70146421875 0.5802374675 0.63881361625 0.58159248125 0.5882112075 0.568042345 0.51592205 0.545007115 0.46531964125 0.5097767625 0.43399434 0.4772564375 0.42676542375 0.43660603125 0.44845217125 0.40408570625 0.508693135 0.3932455975 0.56652446
17 0.18834688375 0.17614892000000001 0.22357723624999998 0.17132964375 0.26016260125 0.13518506500000002 0.28590785875 0.067715185 0.29132791375 0.005064583750000001 0.10433604375 0.00024530625 0.10840108375 0.04602843875 0.135501355 0.12554651125 0.16260162625 0.16169108875 0.18834688375 0.17614892000000001
17 0.36599149750000004 0.13493975875 0.36870152500000003 0.19036144624999998 0.38225166 0.24819277125 0.414771985 0.2963855425 0.44729230999999997 0.31807228875 0.49471778499999997 0.31084337375 0.51639800125 0.29397590375 0.54485328625 0.23855421625 0.5556933937499999 0.18313253 0.55433838125 0.12289156625 0.5313031500000001 0.05301204875 0.50826792 0.01927710875 0.48658770375000004 0.0048192775 0.44593729625 0.0048192775 0.414771985 0.021686747500000002 0.38225166 0.0698795175 0.36599149750000004 0.13493975875
17 0.6207340450000001 0.7424139175000001 0.6207340450000001 0.80024524375 0.63292916625 0.86289584625 0.65867442375 0.9134982549999999 0.6925497625 0.9375946412499999 0.7345551825 0.9375946412499999 0.76843052125 0.91108861625 0.79688580625 0.86289584625 0.811790955 0.80506452 0.81043594125 0.74964283375 0.792820765 0.68940187 0.76843052125 0.6436187375 0.72642510125 0.61229343625 0.69661480375 0.6098837975 0.66544949125 0.62916090625 0.6410592475 0.6677151225 0.6207340450000001 0.7424139175000001
17 1 0.80722891625 0.96612466125 0.7783132525 0.929539295 0.775903615 0.8943089424999999 0.7951807225 0.8766937674999999 0.8168674699999999 0.85501355 0.8626506025 0.8428184287499999 0.9132530124999999 0.8428184287499999 0.959036145 0.8523035225 1 1 1 1 0.80722891625
17 0.61517615125 0.2963855425 0.612466125 0.38313253 0.62601626 0.43132530125 0.6585365849999999 0.48192771125 0.6937669375 0.50120481875 0.7303523037499999 0.50120481875 0.76016260125 0.48192771125 0.784552845 0.4457831325 0.8048780487499999 0.375903615 0.803523035 0.3204819275 0.7872628724999999 0.25542168625 0.757452575 0.20240963874999998 0.7222222225 0.1783132525 0.6897018975 0.175903615 0.6571815712500001 0.2 0.6300813012500001 0.240963855 0.61517615125 0.2963855425
17 1 0.38578281625000005 0.971544715 0.3592767925 0.93766937625 0.35445751625 0.8983739837500001 0.37855390125 0.86856368625 0.4267466725 0.85365853625 0.48216835875 0.84959349625 0.5472286 0.85907859125 0.60024064875 0.88211382125 0.64602378125 0.92411924125 0.6845779975 0.9539295387500001 0.68698763625 1 0.6604816125 1 0.38578281625000005
17 0.70731707375 0.0725346775 0.7357723575 0.05325756875 0.76016260125 0.00265515875 0.6002710025 0.00024552 0.62601626 0.04843829125 0.6544715449999999 0.07012503875000001 0.6815718162500001 0.07735395375000001 0.70731707375 0.0725346775
17 0.85365853625 0 0.8373983737499999 0.05060241000000001 0.8346883475 0.11084337375 0.8482384825 0.18313253 0.87398374 0.23373494 0.89566395625 0.257831325 0.9403794037500001 0.26506024125 0.97560975625 0.240963855 1 0.20722891624999998 0.99593495875 0.014457831249999999 0.97696477 0 0.85365853625 0