13 0.63822751375 0.76140873 0.32076719625000005 0.0434027775 0.29596560875 0.0434027775 0.59854497375 0.7651289687499999 0.63822751375 0.76140873
13 0.58531746 0.7502480162499999 0.63822751375 0.021081348750000003 0.60681216875 0.01984127 0.555555555 0.74404761875 0.58531746 0.7502480162499999
13 0.5522486775000001 0.88676656625 0.55886243375 0.09807608999999999 0.5357142862500001 0.09063561375000001 0.52414021125 0.87932609 0.5522486775000001 0.88676656625
13 0.50925925875 0.11780754 0.48776454999999996 0.9213789687499999 0.51917989375 0.92013888875 0.537367725 0.11656746 0.50925925875 0.11780754
13 0.48791627750000005 0.9810165725000001 0.49453003375000004 0.14520308125 0.471381885 0.14396300125 0.44988717625 0.97853641375 0.48791627750000005 0.9810165725000001
13 0.439959955 0.771329365 0.43169275874999996 0.034722222500000004 0.40689117125 0.03596230125 0.40193085375000004 0.772569445 0.439959955 0.771329365
13 0.40328500375 0.8185679937499999 0.399978125 0.12288347 0.3751765375 0.11916323125 0.37848341625000004 0.8495699775 0.40328500375 0.8185679937499999
13 0.37037037 0.82093254 0.38359788375000003 0.0632440475 0.35218254000000004 0.0545634925 0.33895502625 0.8134920637499999 0.37037037 0.82093254
13 0.3125 0.13516865125 0.2794312175 0.94866071375 0.31084656125 0.94370039625 0.33564814875000004 0.13888888875 0.3125 0.13516865125
13 0.2876984125 0.031113621249999997 0.2480158725 0.7528398125 0.28108465625 0.747879495 0.3075396825 0.026153303750000002 0.2876984125 0.031113621249999997
13 0.26124338625 0.10044642875 0.2000661375 0.8730158725 0.23644179875 0.8717757937499999 0.28604497375 0.1016865075 0.26124338625 0.10044642875
13 0.23644179875 0.06944444500000001 0.19345238125000003 0.8320932537500001 0.2000661375 0.8320932537500001 0.26620370375 0.0632440475 0.23644179875 0.06944444500000001
13 0.243055555 0.059523809999999996 0.24636243375 0.047123016250000004 0.22321428625 0.0545634925 0.15376984125 0.77504960375 0.19014550249999998 0.78249007875 0.2397486775 0.0644841275 0.243055555 0.059523809999999996