16 0.32385246500000003 0.3407070375 0.28641285125 0.46735177499999997 0.30935971125 0.654851775 0.32747565375 0.7337991425 0.3286833825 0.76833861625 0.3624998075 0.8703123012499999 0.368538455 0.8752465112500001 0.5231278275 0.8851149325000001 0.5448669575 0.8851149325000001 0.549697875 0.87689124875 0.56419062875 0.6482728274999999 0.56419062875 0.36373335375000004 0.56056744125 0.34728598499999996 0.54124376875 0.34399651124999997 0.527958745 0.3176807225 0.4989732375 0.3094570375 0.47240319 0.31932545875 0.46274135375000003 0.3407070375 0.32385246500000003 0.3407070375
16 0.56660922125 0.37084567 0.5654014912499999 0.513937775 0.54607782 0.857687775 0.54728555 0.888937775 0.55936284375 0.91525356375 0.7405222650000001 0.9185430375 0.74897637125 0.9037404062500001 0.81057057375 0.706371985 0.8625029412499999 0.518871985 0.86129521125 0.5040693537500001 0.806947385 0.34781935375000006 0.78883144375 0.33630619625 0.7598459362500001 0.33301672250000003 0.7441454525000001 0.34288514249999996 0.73086042875 0.36755619625 0.56660922125 0.37084567
16 0 0.65460526375 0.125603865 0.8914473687500001 0.31038647375 0.8815789475 0.31642512125 0.8667763162500001 0.32125603875000003 0.74013157875 0.30917874375 0.7023026312499999 0.28985507250000003 0.5674342099999999 0.27294686 0.48848684249999996 0.2439613525 0.38980263125000003 0.24275362375 0.35526315750000004 0.237922705 0.34868421 0.21135265749999999 0.34375 0.19202898499999999 0.32072368375000004 0.15942029 0.3190789475 0.13647343 0.33388157874999996 0.12801932375 0.35197368375000004 0.12198067625 0.35361842125000004 0 0.36184210499999997 0 0.65460526375
16 0.07608695625 0.23355263125 0.033816425 0.32730263125000003 0.03260869625 0.34046052625 0.0410628025 0.35855263125000003 0.12801932375 0.35361842125000004 0.14130434749999998 0.32401315750000004 0.16666666625 0.3125 0.18599033875 0.3125 0.20169082124999999 0.32401315750000004 0.214975845 0.34703947375 0.24154589375000002 0.34868421 0.2548309175 0.42763157874999996 0.28140096625 0.5427631575 0.28623188375 0.54605263125 0.29710144875 0.5378289475 0.28743961375 0.46875 0.3128019325 0.3815789475 0.29227053125 0.2697368425 0.28985507250000003 0.22697368375 0.28381642500000004 0.21710526375 0.26086956499999997 0.21875 0.24637681125 0.19572368375 0.21859903374999998 0.19243421000000002 0.19685990374999998 0.20888157875000002 0.193236715 0.22368421000000002 0.07608695625 0.23355263125
16 0.10024154625 0.138157895 0.055555555 0.20723684250000002 0.06642512125 0.24671052625 0.07125603875 0.24835526375 0.08212560375000001 0.23026315749999998 0.193236715 0.22532894750000002 0.1980676325 0.20394736875 0.21859903374999998 0.19078947375 0.24758454125 0.19572368375 0.262077295 0.22039473625 0.28743961375 0.22039473625 0.2777777775 0.1365131575 0.2560386475 0.12993421 0.2439613525 0.10197368375 0.21859903374999998 0.1003289475 0.1980676325 0.11513157874999999 0.194444445 0.13486842125 0.10024154625 0.138157895
16 0.4589371975 0.22532894750000002 0.34299516875 0.22532894750000002 0.31884058 0.31414473625 0.32125603875000003 0.33881579 0.46376811625000003 0.34539473625 0.4722222225 0.32401315750000004 0.4939613525 0.3125 0.51449275375 0.3125 0.5338164249999999 0.32401315750000004 0.54589372 0.32401315750000004 0.54710144875 0.22861842124999998 0.53019323625 0.22203947375 0.52294686 0.20394736875 0.51328502375 0.19572368375 0.48913043500000003 0.19407894750000002 0.47705314 0.19901315749999998 0.46859903375 0.22039473625 0.4589371975 0.22532894750000002
16 0.46859903375 0.13980263125 0.36594202875 0.13980263125 0.34299516875 0.22203947375 0.46739130375000004 0.22368421000000002 0.47826087 0.19736842124999998 0.50845410625 0.19407894750000002 0.5217391299999999 0.20394736875 0.5289855075 0.22697368375 0.52415458875 0.2565789475 0.53260869625 0.2565789475 0.53623188375 0.236842105 0.53019323625 0.22697368375 0.5410628024999999 0.22532894750000002 0.54468599 0.21875 0.54468599 0.14638157875 0.5289855075 0.13980263125 0.52657004875 0.11677631625 0.51932367125 0.10855263125 0.4951690825 0.1052631575 0.47705314 0.11513157874999999 0.47463768125 0.13486842125 0.46859903375 0.13980263125
16 0.70289855125 0.24506578999999998 0.57729468625 0.236842105 0.56521739125 0.32401315750000004 0.56884058 0.36348684249999996 0.59057971 0.3684210525 0.7342995175 0.3684210525 0.74154589375 0.34539473625 0.75120773 0.3371710525 0.78019323625 0.33552631624999996 0.805555555 0.34539473625 0.78260869625 0.22697368375 0.762077295 0.21381578999999998 0.7342995175 0.21381578999999998 0.72342995125 0.22368421000000002 0.71859903375 0.23848684250000002 0.70289855125 0.24506578999999998
16 1 0.21381578999999998 0.9661835750000001 0.21217105249999998 0.93599033875 0.24506578999999998 0.7995169087499999 0.23519736875 0.7898550725 0.24342105249999998 0.8067632849999999 0.34539473625 0.86111111125 0.5065789475 0.82125603875 0.65789473625 0.79227053125 0.74671052625 0.79468599 0.7582236837499999 0.9021739125 0.7730263162500001 0.9782608700000001 0.58388157875 1 0.518092105 1 0.21381578999999998
16 0.75241545875 0.14828054625 0.74879227 0.169662125 0.7560386475 0.21078054625 0.78019323625 0.2255831775 0.7874396137499999 0.2387410725 0.9142512075 0.24860949375 0.9468599037500001 0.2436752825 0.95289855125 0.22229370375 0.964975845 0.2074910725 0.94082125625 0.17130686125 0.9384057975000001 0.13512265125 0.9227053137500001 0.12360949375000001 0.8949275362500001 0.12032002 0.8840579712500001 0.12689896750000002 0.8756038650000001 0.14828054625 0.75241545875 0.14828054625
16 0.5519323675 0.32565789500000003 0.56400966125 0.32730263125000003 0.56642512125 0.32236842125000004 0.5760869562500001 0.236842105 0.70410628 0.24506578999999998 0.71859903375 0.24013157875000002 0.72342995125 0.22368421000000002 0.7330917875 0.21381578999999998 0.75724637625 0.21052631625 0.74758454125 0.15789473625 0.68599033875 0.15789473625 0.6074879225 0.1447368425 0.56642512125 0.1447368425 0.5495169087499999 0.21875 0.54830917875 0.32236842125000004 0.5519323675 0.32565789500000003