1 0.16666666625 0.63962616875 0.14749262500000002 0.65732528375 0.14306784625000002 0.79891820375 0.18141592875 0.92502439875 0.33185840749999995 0.8984757262499999 0.3200589975 0.6042279374999999 0.31710914500000004 0.59316599125 0.30088495625 0.59316599125 0.17256637125000002 0.6064403275 0.16666666625 0.613077495 0.16666666625 0.63962616875
1 0.07522123875 0.7610619475 0.08702064875 0.77433628375 0.1327433625 0.78539823 0.14601769875 0.77433628375 0.16519174 0.694690265 0.16519174 0.61283185875 0.1563421825 0.57522123875 0.1504424775 0.43362831874999996 0.14601769875 0.4203539825 0.12684365749999998 0.4026548675 0.04867256624999999 0.57300885 0.03982300875 0.623893805 0.07522123875 0.7610619475
1 0.647492625 0.93141592875 0.6622418875 0.68141592875 0.32300885 0.62168141625 0.3259587025 0.73672566375 0.3377581125 0.8694690262500001 0.647492625 0.93141592875
1 0.7079646012499999 0.98475437 0.71681415875 0.9803295912500001 0.79498525125 0.80333844 0.7890855462499999 0.65510835125 0.7713864312500001 0.62855967875 0.781710915 0.5975862275 0.77433628375 0.59094906 0.7728613575 0.56882516625 0.7654867262499999 0.56661277625 0.66076696125 0.7613030424999999 0.6799410025 0.9582056975000001 0.7079646012499999 0.98475437
1 0.68305469625 0.409292035 0.68895440125 0.3849557525 0.687479475 0.42256637124999996 0.70960336875 0.45132743374999995 0.7464765250000001 0.43141592875 0.74057682 0.49115044249999995 0.87479510875 0.6659292037500001 0.90134378125 0.7101769912499999 0.89249422375 0.77212389375 0.9042936337499999 0.7920353987500001 0.9455915687499999 0.60176991125 0.8851195925 0.44026548624999995 0.77450012375 0.36061946874999995 0.78334968125 0.269911505 0.78334968125 0.23672566374999998 0.77597505 0.23451327375000003 0.6727302125 0.2942477875 0.6668305075000001 0.39823008875 0.68305469625 0.409292035
1 0.50147492625 0.4427236375 0.505899705 0.54449354875 0.5029498525 0.65290062875 0.6637168137499999 0.68166169 0.67551622375 0.4936085925 0.5648967549999999 0.39405107125 0.5501474925000001 0.39405107125 0.55162241875 0.451573195 0.5206489675 0.43829885875 0.50147492625 0.4427236375
1 0.32300885 0.61750252 0.37020649 0.63741402375 0.50147492625 0.65290075 0.505899705 0.62856446625 0.50147492625 0.6064405725 0.43657817125000004 0.48033437874999996 0.399705015 0.42944942249999996 0.3790560475 0.42281225499999997 0.34660767 0.49360871500000003 0.32153392375 0.59316623625 0.32300885 0.61750252
1 0.15486725625 0.52433628375 0.16961651875 0.60398230125 0.18584070749999998 0.60840708 0.32153392375 0.59292035375 0.34513274375 0.50663716875 0.33923303875 0.45796460125000005 0.35988200625 0.32079645999999995 0.31120944 0.39823008875 0.30383480875 0.42256637124999996 0.28908554625 0.43362831874999996 0.27581121 0.43141592875 0.25958702125 0.4535398225 0.23451327375000003 0.45796460125000005 0.12241887875 0.32743362875000004 0.1209439525 0.31858407125 0.13421828875 0.28761062 0.12536873125 0.28539823 0.10176991125000001 0.35176991125 0.14749262500000002 0.44247787625 0.15486725625 0.52433628375
1 0.2359882 0.46262887999999996 0.29203539875 0.44935454375 0.30383480875 0.43165542875 0.32153392375 0.376345695 0.36283185875 0.30112445625 0.36283185875 0.29227489875 0.33333333375 0.25245189 0.36430678499999997 0.2502395 0.36725663750000004 0.232540385 0.33038348125 0.21041649125 0.28613569375000003 0.2037793225 0.258112095 0.17280587125 0.24041297875 0.19935454375 0.2448377575 0.161743925 0.2389380525 0.15731914624999999 0.182890855 0.15510675625 0.1445427725 0.2613014475 0.13421828875 0.340947465 0.2359882 0.46262887999999996
1 0.31710914500000004 0.1703539825 0.32743362875000004 0.20575221249999998 0.37020649 0.21017699125 0.376106195 0.39159292 0.38643067875 0.38274336249999996 0.39528023625 0.34292035374999996 0.40117994125 0.3473451325 0.4026548675 0.36946902625 0.4144542775 0.37831858375000005 0.5294985249999999 0.39823008875 0.5619469025 0.38938053125000005 0.5648967549999999 0.20353982250000002 0.5722713862500001 0.11283185874999999 0.42182890875 0.06415929249999999 0.41592920375 0.16371681375000002 0.38348082625 0.07522123875 0.31710914500000004 0.1703539825
1 0.68141592875 0.42920354000000005 0.6769911500000001 0.61061946875 0.6991150437500001 0.64601769875 0.7138643062500001 0.65707964625 0.7640118 0.57079646 0.77433628375 0.57079646 0.78318584125 0.60176991125 0.79793510375 0.78539823 0.83333333375 0.8362831862500001 0.8805309737499999 0.7964601775 0.90560472 0.71681415875 0.8908554575 0.68141592875 0.6769911500000001 0.40707964625000004 0.6681415925 0.39380530999999996 0.6681415925 0.36061946874999995 0.5678466075 0.23672566374999998 0.56047197625 0.38938053125000005 0.59587020625 0.41592920375 0.68141592875 0.42920354000000005
1 0.41313615374999996 0.44247787625 0.4588588675 0.5265486725 0.50753143375 0.53097345125 0.50458158125 0.44247787625 0.5178559175 0.4380530975 0.5532541475 0.4535398225 0.5473544425 0.39823008875 0.396911965 0.376106195 0.3880624075 0.38716814125 0.38363762875 0.4203539825 0.41313615374999996 0.44247787625