2 0.38060900750000004 0.3319846175 0.41443104374999995 0.33414362375 0.4813290875 0.31620577125 0.5690639774999999 0.2726308775 0.6095534 0.23397161625 0.6399530825 0.18197786125 0.6314858587500001 0.1211578525 0.5981020675 0.08412815875 0.56138458375 0.0675075975 0.5663851237499999 0.0368938975 0.5536633875 0.028943451250000002 0.49970620125000004 0.037396405 0.45053043375 0.03267100125 0.3862643875 0.04522480375 0.32827181125000005 0.08911197375 0.29094128999999996 0.16207839375 0.3022596325 0.20007900875 0.29322370124999997 0.26612692875 0.3255980125 0.26105515749999997 0.33116978750000003 0.30741361125 0.37073839 0.30121477875 0.38060900750000004 0.3319846175
2 0.7154538675000001 0.5405429425 0.7376941100000001 0.48485572875000005 0.7371672024999999 0.4451645225 0.7049676850000001 0.39552000249999997 0.6423241550000001 0.36058829000000003 0.57731208 0.35088622999999997 0.526469465 0.35636539375 0.45957141999999995 0.37430324499999995 0.4562820575 0.43199332625 0.43351491125 0.44798933249999995 0.43570866375 0.47747597249999996 0.41513526874999995 0.52295861875 0.45211620500000005 0.5594247825 0.52480514625 0.5704100425 0.57665724 0.60703234375 0.61719099125 0.6056540300000001 0.66250616125 0.59109736125 0.7154538675000001 0.5405429425
2 0.22641431874999998 0.358626675 0.23909172375 0.3292961725 0.24185418250000001 0.23191488625 0.18258867375 0.2138549875 0.14560773875 0.17738882374999998 0.13336857625 0.1718486375 0.11994514375 0.178923275 0.10432795875 0.15651127625 0.08226251 0.1574821975 0.04800222875 0.19019387999999998 0.07370915375 0.22594037374999998 0.07160406250000001 0.27101563125 0.087922945 0.27840254625 0.08463358124999999 0.33609262624999997 0.0978378925 0.3464533325 0.13477449875 0.34563854875 0.17030771125000002 0.37487393500000005 0.22641431874999998 0.358626675
2 0.27248057124999997 0.77400603 0.22620025125 0.78374218 0.20913534125000002 0.7540994037500001 0.18299017374999998 0.75322359625 0.1406147825 0.81952276625 0.13539512 0.8675718125 0.1548729025 0.9092658862499999 0.22036755125 0.92137820375 0.23401010875 0.8968682212500001 0.27121016625 0.91589904125 0.308365895 0.8976489125 0.29437122625 0.8277513974999999 0.276122045 0.810723445 0.28761518124999996 0.79400777 0.27248057124999997 0.77400603
2 0.88156772875 0.42519400625000003 0.91933649375 0.3173569 0.9025350375 0.30755972375 0.8818286525000001 0.24119952875 0.8035679362499999 0.183855815 0.7225004325000001 0.1866124425 0.69345981375 0.17127508125 0.64406492375 0.1839850225 0.63068582 0.22834060874999998 0.51996466125 0.30534685375 0.53369587625 0.35539876625 0.59629507875 0.35304953 0.6464359962499999 0.36259545125000003 0.73404042375 0.41101779625 0.7491750337499999 0.4310195375 0.78036507375 0.4385625925 0.88156772875 0.42519400625000003
2 0.8523201962500001 0.46441250375000004 0.7844126724999999 0.4402488875 0.7316397587500001 0.43608701625 0.73409696375 0.48541925874999997 0.7154538675000001 0.5405429425 0.652679875 0.59760847 0.74721514125 0.62505815 0.78823146875 0.62609009625 0.80841094875 0.652759085 0.82279953125 0.65050496375 0.85995526125 0.63225483625 0.8803095325 0.6042075324999999 0.89991777875 0.55390437 0.8962763025 0.51718695125 0.8523201962500001 0.46441250375000004
2 0.94062885 0.701649845 0.87557244625 0.6546668375 0.79810208625 0.656859935 0.80248958875 0.71583321375 0.76827364 0.78582584375 0.7097984887500001 0.82730275625 0.63522357875 0.8439574075 0.6486913425 0.87416371625 0.6878217 0.90283557375 0.71116008125 0.96381171875 0.77542612875 0.95125791625 0.8847438925 0.90430184125 0.92185529125 0.84877076625 0.9242238349999999 0.823541115 0.95322012375 0.80159753 0.94062885 0.701649845
2 0.80942042875 0.6948605499999999 0.80240092875 0.64127131875 0.79134604 0.62311630625 0.75489200875 0.62634134875 0.73401083125 0.614697445 0.66540161 0.605558915 0.51432149125 0.6292271825 0.4661995325 0.70388419125 0.4686567375 0.7532164362499999 0.52094707625 0.75496805 0.57494859125 0.78379604375 0.58556523625 0.8368217450000001 0.6496121625000001 0.8417032875 0.7030867725000001 0.830840075 0.75318335875 0.8031050487500001 0.7974890487499999 0.7464469137499999 0.80942042875 0.6948605499999999
2 0.42558619 0.40962333 0.38860525500000004 0.37315716625 0.32021515624999997 0.34658329250000003 0.2509042375 0.35246984750000004 0.139656175 0.38978488624999996 0.1147396075 0.41357520000000003 0.1239085275 0.459370125 0.1666803625 0.52475939875 0.18330702625 0.58927286375 0.27222618875 0.53308314375 0.38755397375 0.49761483375 0.402863375 0.46290028499999997 0.4151468675 0.50572141875 0.42593830375 0.50403082875 0.438133135 0.4722900675 0.42558619 0.40962333
2 0.58068531875 0.7981949225 0.56101209 0.77833054375 0.536277325 0.76882010375 0.51910125125 0.7543011175 0.45913745375 0.7541340712500001 0.45128578500000005 0.7362759649999999 0.46859631874999996 0.7087054949999999 0.45511530375 0.6983881375 0.42585878125 0.68767388 0.39828975749999995 0.6996416512499999 0.436268775 0.6755259487499999 0.44168446875 0.65268722875 0.45180753125 0.63197935125 0.4489221175 0.61044108625 0.432404185 0.6063360925 0.43809581000000003 0.5920251950000001 0.38840755625 0.6217996725 0.35120505874999997 0.6783011175 0.386079935 0.68144250625 0.37101372 0.73447607375 0.38250422 0.7776126575000001 0.412604495 0.7996679324999999 0.46576908000000006 0.8228904425 0.48333342125 0.85360229875 0.52468744375 0.874850655 0.512708325 0.8862883075000001 0.55736914625 0.89554542375 0.54370252625 0.88430104375 0.55780758375 0.87635474125 0.55335304875 0.85410619625 0.57159161375 0.8311708400000001 0.58068531875 0.7981949225
2 0.38994257875000005 0.5938323025 0.40209025625 0.5689828462500001 0.406308035 0.54728789125 0.405818445 0.52346209625 0.42258921375 0.5074493837499999 0.41575590125 0.5018271962499999 0.4049235475 0.469104605 0.3840192775 0.50010636875 0.32822308499999997 0.51362792 0.30794286 0.5263660262500001 0.29179614125000003 0.5241150775 0.2425633725 0.5490376975 0.20320083625 0.5733701412500001 0.21263262624999998 0.59197065 0.2081279125 0.60510565875 0.18727381875 0.6007238699999999 0.17875301 0.57241964875 0.16709395125 0.5426948675 0.1655759775 0.585001065 0.1681574075 0.58364055875 0.16507031000000003 0.625236475 0.182010605 0.67421199 0.2038268275 0.7119065462499999 0.2156714875 0.74255835125 0.22466484 0.78034954125 0.27502829 0.77532788375 0.28948751125 0.75489679625 0.31455938 0.73758363375 0.3077090225 0.7176226174999999 0.30141547875 0.70044267 0.299913585 0.6786876599999999 0.32868051875 0.6655761250000001 0.3585440375 0.6436879000000001 0.37431954625 0.6440848 0.3898753525 0.6148770275 0.40377775499999996 0.5916648775 0.38994257875000005 0.5938323025
2 0.6981849275 0.92893896 0.67297762875 0.9099415487500001 0.65823147375 0.921812685 0.641527935 0.91678067 0.6001739137500001 0.89553231125 0.5753037249999999 0.84971129375 0.55851590875 0.8513851800000001 0.55833030375 0.8504581575 0.5532687712500001 0.8608120975 0.56057462125 0.8759212574999999 0.553572755 0.88371087125 0.55460211125 0.8959789075000001 0.54215045375 0.8979295899999999 0.53710597125 0.922622355 0.55347239875 0.9544779762500001 0.5765537587499999 0.9699840387499999 0.61642293625 0.9838162149999999 0.6636481375 0.9773739975 0.66012163 0.959760565 0.667578985 0.94711909375 0.68345582375 0.9551489212500001 0.7040229812500001 0.9509707625 0.6981849275 0.92893896
2 0.37697015 0.7784796274999999 0.37313965875 0.7379674237499999 0.38488202125 0.68258627 0.36051847375 0.6749298775 0.34955166249999997 0.6842967400000001 0.33428278749999996 0.72206445875 0.32048171375 0.752909535 0.30899218375 0.7881729824999999 0.32820992375 0.8128892175 0.37492946125000004 0.84668240875 0.375233445 0.8695811824999999 0.39251085 0.89173309125 0.43605804 0.8954280699999999 0.49011655249999997 0.8946080412499999 0.49794511999999996 0.8838206175000001 0.5121515062499999 0.88350724 0.521177985 0.87157605125 0.48038078 0.8531087612499999 0.46364314 0.81939909375 0.4232171475 0.80278584875 0.37697015 0.7784796274999999
2 0.34747881375 0.8806219312499999 0.37933382000000004 0.9043145075 0.391498545 0.89380388125 0.37837168875000005 0.87100174375 0.37567188375 0.8503904987500001 0.34676951875 0.82719146125 0.3224902475 0.812829165 0.312771525 0.78566870875 0.32286048875 0.7362831787499999 0.2961522625 0.77393079125 0.30118066875 0.8132992324999999 0.32373930875 0.8547018774999999 0.34747881375 0.8806219312499999