3 0.51448275875 0.15602836875 0.47724137874999994 0.1820330975 0.41379310375 0.20567375875 0.40827586250000003 0.21749409 0.500689655 0.43262411375 0.55448275875 0.52245862875 0.580689655 0.5153664299999999 0.9475862075000001 0.2624113475 0.9351724137499999 0.2316784875 0.8303448274999999 0.07565011875 0.80137931 0.014184397500000001 0.779310345 0.00236406625 0.64 0.11111111125 0.56137931 0.14893617 0.51448275875 0.15602836875
3 0.645574395 0.47407533625 0.5643236275 0.54685005875 0.406672885 0.20792777999999998 0.42971414875 0.19337283500000002 0.3801522525 0.13723233375 0.187174545 0.40961772625000004 0.547345855 0.9731020075000001 0.7510791225 0.625862615 0.645574395 0.47407533625
3 0.59464107875 0.908644395 0.645574395 0.9959740612500001 0.6783172412499999 0.9959740612500001 0.88083781 0.66536889375 0.71376878875 0.43248978 0.64799979 0.47407533625 0.7510791225 0.63210044875 0.59464107875 0.908644395
3 0.406672885 0.7589363950000001 0.267329205 0.5447707825 0.18838724375000002 1 0.4818601625 0.993894785 0.486710955 0.95230922875 0.406672885 0.7589363950000001
3 0.5218791975 0.12683594625 0.517028405 0.01039639 0.28431332000000004 0.04782339 0.28297768875 0.22664127874999998 0.41516177249999997 0.09148822250000001 0.47094588125000003 0.1767386125 0.5218791975 0.12683594625
3 0.26721261375 0.551008615 0.18353645125 0.40753844625 0.2077904125 0.363873615 0.19808882749999998 0.32228805625 0.21142850625 0.3035745575 0.20900311 0.2661475575 0.28297768875 0.22040344625 0.1641332825 0.15802511125000002 0.05256506625 0.45744111375 0.249022145 0.598832005 0.26721261375 0.551008615
3 0.13017773875 0 0.02831110625 0.21000705625 0.00041905125 0.25783044625 0.0052885812499999995 0.4553618375 0.03558729375 0.51566089125 0.0634793475 0.48655100249999994 0.048926972500000006 0.4595203925 0.16049518875000002 0.153866555 0.28782848125 0.21624489125000002 0.28419038625 0.04782339 0.38726971749999994 0.0311891675 0.3630157575 0 0.13017773875 0
3 0.255197695 0.6009112812499999 0.16655867875 0.5821977825 0.13624122875 0.99805334 0.187174545 1 0.255197695 0.6009112812499999
3 0.8844759037500001 0.6695274487499999 0.73410135 0.908644395 0.749866425 0.946071395 0.9560250875 0.8649795625 0.9475361999999999 0.748540005 0.9390473149999999 0.64457611625 0.94305433625 0.57388067125 0.91236795875 0.58427705875 0.8662854325000001 0.62794189375 0.8844759037500001 0.6695274487499999
3 0.07803172375 0.48239244625 0.040438085 0.51566089125 0.0028444475 0.46159966875 0.0052698425 0.77764989375 0.14480095 0.79844267125 0.1617078875 0.59051489375 0.19687612999999998 0.5821977825 0.07803172375 0.48239244625
3 0.66982835625 0.0041585549999999995 0.5728125150000001 0.00207927875 0.5558347425 0.13723233375 0.639510905 0.11436027875 0.66619026125 0.08940894625000001 0.66982835625 0.0041585549999999995
3 0.99725681875 0.3513979475 0.9924060275 0.07277472375 0.8168866275000001 0.0166342225 0.9487488974999999 0.26406827875 0.88690129875 0.31812950125 0.99725681875 0.3513979475
3 0.09870121125 0.8005219499999999 0.03801269 0.99805334 0.13624122875 0.9959740612500001 0.1459428125 0.7963633950000001 0.09870121125 0.8005219499999999