9 0.74239418 0.54811507875 0.80357142875 0.538194445 0.84160052875 0.49603174625 0.87962963 0.478670635 0.9027777775 0.44642857125 0.8945105825 0.42658730125 0.8515211637500001 0.4253472225 0.81183862375 0.42038690500000003 0.77876984125 0.42038690500000003 0.6481481487499999 0.48859127 0.6878306875 0.50471230125 0.6712962962500001 0.52455357125 0.64484127 0.52579365125 0.61673280375 0.50595238125 0.54894179875 0.53943452375 0.55886243375 0.5518353175 0.5324074075 0.56299603125 0.5902777775 0.58655754 0.6299603175 0.575396825 0.68287037 0.58407738125 0.70271164 0.5642361112500001 0.74239418 0.54811507875
8 0.48611111125 0.303819445 0.43816137625 0.33482142875 0.6597222225 0.48859127 0.653108465 0.47991071375 0.947420635 0.33110119 0.7473544975 0.14508928625 0.63326719625 0.21577380999999998 0.48611111125 0.303819445
13 0.19675925875 0.17981150750000002 0.19014550249999998 0.19345238125000003 0.2397486775 0.24677579375 0.2876984125 0.30505952375 0.34060846499999997 0.35962301625000004 0.41666666625 0.44890873 0.52754716625 0.5663116125 0.54728836 0.5617559525 0.555555555 0.54811507875 0.439814815 0.419146825 0.37037037 0.3472222225 0.21825396875 0.17609127000000002 0.19675925875 0.17981150750000002
13 0.595238095 0.43774801625000004 0.479497355 0.35962301625000004 0.39021163999999997 0.29389881 0.31911375625 0.24181547625 0.26620370375 0.20833333375 0.24636243375 0.21329365125 0.3125 0.28273809499999997 0.38029100499999996 0.32614087249999996 0.49603174625 0.419146825 0.6183862437500001 0.50595238125 0.64649470875 0.5282738100000001 0.6663359787500001 0.5282738100000001 0.6779100525 0.517113095 0.68287037 0.5022321425 0.595238095 0.43774801625000004
13 0.19345238125000003 0.5815972225 0.22486772500000002 0.49479166625 0.2496693125 0.4253472225 0.20337301624999998 0.46502976250000005 0.18683862375000002 0.518353175 0.15873015875 0.58283730125 0.13392857125000002 0.6560019837500001 0.13558201 0.6584821425 0.16369047625 0.6560019837500001 0.19345238125000003 0.5815972225
13 0.2976190475 0.419146825 0.26785714250000003 0.37946428625 0.262896825 0.41046627 0.24140211625 0.458829365 0.22321428625 0.51091269875 0.2000661375 0.5716765875 0.17361111125 0.6386408725 0.18353174625000002 0.64608134875 0.18353174625000002 0.64484127 0.18683862375000002 0.64236111125 0.1802248675 0.6398809525 0.21329365125 0.6200396825 0.25462963 0.52579365125 0.2777777775 0.46130952375 0.2976190475 0.419146825
13 0.32407407374999997 0.5357142862500001 0.3472222225 0.6001984125 0.37863756625 0.68328373 0.40839947125000003 0.77008928625 0.43320105875000003 0.8048115075 0.45634920625 0.830853175 0.49107142875 0.887896825 0.46626984125 0.90029761875 0.4728835975 0.91765873 0.497685185 0.9226190475 0.5125661375 0.9126984125 0.5026455025 0.887896825 0.46792328 0.80357142875 0.43816137625 0.7304067462499999 0.40674603125 0.64484127 0.36375661375 0.5233134925 0.32572751375000003 0.4340277775 0.29100529125 0.44146825375 0.2876984125 0.44270833375 0.30092592625000003 0.48487103125 0.32407407374999997 0.5357142862500001
13 0.22817460374999998 0.3174603175 0.26785714250000003 0.37326388875 0.30588624375 0.43154761875 0.3273809525 0.43154761875 0.35548941749999996 0.50595238125 0.41170634874999995 0.57787698375 0.44146825375 0.58407738125 0.45634920625 0.5815972225 0.44146825375 0.5617559525 0.37863756625 0.46750992125 0.3125 0.380704365 0.26124338625 0.30629960375 0.19675925875 0.21329365125 0.17030423249999999 0.21205357125 0.15873015875 0.22321428625 0.1603835975 0.225694445 0.19345238125000003 0.27157738125 0.22817460374999998 0.3174603175
13 0.4728835975 0.5716765875 0.5026455025 0.56919642875 0.43154761875 0.478670635 0.36871693125 0.38814484125 0.28273809499999997 0.2976190475 0.2199074075 0.224454365 0.205026455 0.2306547625 0.30919312125000004 0.37202381 0.36541005249999997 0.44270833375 0.45304232749999995 0.5617559525 0.46626984125 0.56919642875 0.458002645 0.56671627 0.47123015875 0.5716765875 0.4728835975 0.5716765875
8 0.5902777775 0.03844246 0.50099206375 0.0930059525 0.42328042375 0.12896825375 0.44312169249999994 0.14880952375 0.4728835975 0.20833333375 0.42824074125 0.20709325374999998 0.38855820125 0.2095734125 0.34391534375 0.21081349249999998 0.26620370375 0.20213293624999998 0.2480158725 0.20213293624999998 0.3075396825 0.23189484125 0.38690476250000005 0.29513888875 0.44146825375 0.33110119 0.5208333337500001 0.28149801625 0.63822751375 0.21081349249999998 0.74404761875 0.146329365 0.84821428625 0.23685515875 0.8449074075 0.23313492125 0.8862433862499999 0.21329365125 0.6960978837499999 0.03224206375 0.64649470875 0.008680555 0.5902777775 0.03844246
8 0.0826719575 0.3856646825 0.10582010625 0.4241071425 0.14880952375 0.45510912750000004 0.1802248675 0.45014881 0.17361111125 0.478670635 0.19014550249999998 0.4935515875 0.19179894125 0.48859127 0.19345238125000003 0.49231150749999997 0.19179894125 0.49231150749999997 0.19633710499999998 0.49344604875000003 0.21164021125000002 0.46130952375 0.264550265 0.41418650749999997 0.23313492125 0.390625 0.1405423275 0.321180555 0.047949735 0.3459821425 0.0826719575 0.3856646825
8 0.2794312175 0.70188492125 0.2876984125 0.67708333375 0.25297619 0.6696428575 0.22321428625 0.6522817462499999 0.2380952375 0.62375992125 0.22486772500000002 0.6076388887499999 0.20171957625 0.6498015875 0.18683862375000002 0.6436011899999999 0.18683862375000002 0.6572420637499999 0.20171957625 0.66468254 0.205026455 0.6783234125 0.19675925875 0.70436507875 0.19014550249999998 0.7626488100000001 0.19014550249999998 0.81969246 0.20667989375 0.83953373 0.26124338625 0.8730158725 0.28935185125 0.8866567462499999 0.3075396825 0.9052579362500001 0.36375661375 0.95858134875 0.439814815 0.92633928625 0.44486699 0.9197944225000001 0.44642857125 0.9139384925 0.39847883625 0.86061507875 0.35218254000000004 0.83333333375 0.28935185125 0.78125 0.26124338625 0.74156746 0.2794312175 0.70188492125
8 0.22321428625 0.6485615075 0.23313492125 0.6522817462499999 0.2876984125 0.68080357125 0.27116402125 0.7080853175 0.26620370375 0.74032738125 0.2794312175 0.7626488100000001 0.30919312125000004 0.7973710312500001 0.3472222225 0.82093254 0.38029100499999996 0.8432539687499999 0.4150132275 0.8730158725 0.439814815 0.9139384925 0.4546957675 0.907738095 0.48776454999999996 0.8866567462499999 0.479497355 0.85689484125 0.44642857125 0.82093254 0.41832010625000005 0.78125 0.3951719575 0.7279265875 0.362103175 0.64484127 0.3373015875 0.58531746 0.27612433875000003 0.5915178575 0.23313492125 0.6076388887499999 0.23148148124999998 0.60887896875 0.23644179875 0.62624007875 0.22321428625 0.6485615075
8 0.2298280425 0.39310515875 0.24636243375 0.34970238125 0.20337301624999998 0.29265873 0.15873015875 0.2207341275 0.16865079375 0.21205357125 0.18353174625000002 0.204613095 0.205026455 0.234375 0.2199074075 0.2306547625 0.18849206375000002 0.19345238125000003 0.17361111125 0.18229166625 0.15707672 0.19717261874999997 0.11739418 0.17609127000000002 0.1405423275 0.2591765875 0.16865079375 0.3373015875 0.17526455 0.341021825 0.19675925875 0.36086309499999997 0.2298280425 0.39310515875
8 0.54398148125 0.89781746 0.55390211625 0.8866567462499999 0.57870370375 0.87921627 0.63822751375 0.868055555 0.6977513224999999 0.850694445 0.6994047625 0.80109127 0.6812169312499999 0.7366071425 0.6498015875 0.6708829362500001 0.653108465 0.6138392862500001 0.5224867725 0.60267857125 0.52579365125 0.5716765875 0.46957672 0.56299603125 0.46957672 0.5915178575 0.38768838250000004 0.57432130625 0.40674603125 0.6386408725 0.42658730125 0.694444445 0.45138888875 0.752728175 0.48445767250000005 0.8320932537500001 0.50760582 0.88541666625 0.54398148125 0.89781746
8 1 0.85756448375 0.9837962962500001 0.829613095 0.99867724875 0.8234126987499999 0.9970238100000001 0.7465277775 0.9788359787500001 0.72544642875 0.95899470875 0.7080853175 0.97387566125 0.62748015875 0.987103175 0.61259920625 0.9722222225 0.5580357137499999 0.9375 0.46626984125 0.8845899475 0.477430555 0.8432539687499999 0.4935515875 0.8085317462499999 0.5233134925 0.80357142875 0.54067460375 0.75892857125 0.54067460375 0.7109788362499999 0.5617559525 0.68287037 0.5815972225 0.6514550262500001 0.57911706375 0.62830687875 0.5716765875 0.59358465625 0.58779761875 0.57374338625 0.57911706375 0.54398148125 0.5716765875 0.537367725 0.5729166662499999 0.51917989375 0.5704365075 0.5224867725 0.5989583337500001 0.6564153437500001 0.615079365 0.6514550262500001 0.6671626987499999 0.6845238100000001 0.7390873012500001 0.692791005 0.7576884925 0.70271164 0.8457341275 0.64484127 0.86557539625 0.60681216875 0.8779761899999999 0.5820105825 0.8730158725 0.5621693125 0.88541666625 0.6812169312499999 0.9102182537500001 0.6994047625 0.869295635 0.7556216925 0.77008928625 0.78373015875 0.78249007875 0.830026455 0.8234126987499999 0.9044312175 0.86061507875 0.9837962962500001 0.868055555 1 0.85833333375 1 0.85756448375
8 0.25132275125 0.0334821425 0.22156084624999997 0.0446428575 0.18683862375000002 0.05704365125 0.14880952375 0.06572420625 0.056216931250000005 0.07068452374999999 0.09920634874999999 0.11532738125 0.145502645 0.1612103175 0.17857142875 0.186011905 0.2000661375 0.17361111125 0.22156084624999997 0.18229166625 0.24140211625 0.19841269874999998 0.28935185125 0.205853175 0.36541005249999997 0.21453372999999998 0.42658730125 0.205853175 0.46393557375 0.19885037375 0.46296296249999996 0.19593254000000002 0.43816137625 0.13888888875 0.39682539624999996 0.09920634874999999 0.37202381 0.055803571249999996 0.32903439125 0.017361111250000002 0.3075396825 0.029761904999999998 0.25132275125 0.0334821425
8 0.20171957625 0.8829365075 0.22652116374999998 0.8556547625 0.19179894125 0.8258928575 0.19179894125 0.76016865125 0.19841269874999998 0.6981646825 0.2099867725 0.674603175 0.19510581999999999 0.6522817462499999 0.19675925875 0.6522817462499999 0.19014550249999998 0.6514550262500001 0.19014550249999998 0.653521825 0.19014550249999998 0.654761905 0.17361111125 0.63740079375 0.127314815 0.6684027775 0.1322751325 0.71428571375 0.15873015875 0.7192460312500001 0.10085978875 0.789930555 0.20171957625 0.8829365075