14 0.49739583375 0.35791015625 0.5091145837500001 0.3681640625 0.5221354162499999 0.37890625 0.52734375 0.380859375 0.5794270837500001 0.3681640625 0.5930989587500001 0.36962890625 0.6041666662499999 0.37451171875 0.6197916662499999 0.37060546875 0.6276041662499999 0.37451171875 0.6295572912499999 0.3798828125 0.6223958337500001 0.38427734375 0.6263020837500001 0.39794921875 0.619140625 0.4130859375 0.5983072912499999 0.42578125 0.5865885412499999 0.4404296875 0.5787760412499999 0.44091796875 0.578125 0.447265625 0.5872395837500001 0.455078125 0.6184895837500001 0.458984375 0.6315104162499999 0.46728515625 0.6380208337500001 0.466796875 0.6393229162499999 0.46435546875 0.642578125 0.43115234375 0.6484375 0.4169921875 0.66536458375 0.38916015625 0.669921875 0.36962890625 0.68033854125 0.3681640625 0.69596354125 0.375 0.69921875 0.37939453125 0.69856770875 0.39892578125 0.68619791625 0.48974609375 0.68684895875 0.49267578125 0.69140625 0.494140625 0.71028645875 0.48681640625 0.71419270875 0.4921875 0.71419270875 0.59423828125 0.716796875 0.59716796875 0.79036458375 0.58984375 0.81901041625 0.58447265625 0.82747395875 0.58056640625 0.83984375 0.57080078125 0.84830729125 0.55419921875 0.84830729125 0.54150390625 0.84440104125 0.52490234375 0.78450520875 0.3154296875 0.77604166625 0.30224609375 0.76302083375 0.29248046875 0.736328125 0.2880859375 0.724609375 0.2880859375 0.681640625 0.2978515625 0.49348958375 0.3515625 0.49739583375 0.35791015625
12 0.48372395875 0.31298828125 0.462890625 0.32763671875 0.474609375 0.34765625 0.48046875 0.3505859375 0.4921875 0.35205078125 0.607421875 0.31884765625 0.6028645837500001 0.294921875 0.5963541662499999 0.2880859375 0.5872395837500001 0.28564453125 0.5625 0.29443359375 0.5130208337500001 0.3046875 0.48372395875 0.31298828125
12 0.72200520875 0.2880859375 0.65625 0.265625 0.6263020837500001 0.25830078125 0.6204427087500001 0.29638671875 0.61328125 0.31640625 0.72200520875 0.2880859375
17 0.6856208112500001 0.48199380124999996 0.6936875299999999 0.43695497625 0.69822507125 0.37715551249999996 0.6846124475 0.365801185 0.67099986125 0.36693663 0.6699915350000001 0.37374921625 0.66041229 0.3915376725 0.64377465 0.4214962825 0.6402454725 0.43398603999999996 0.63822878375 0.45820861874999996 0.63190422 0.52586056625 0.6324492500000001 0.52697653375 0.6684790087499999 0.60083577 0.6856208112500001 0.48199380124999996
17 0.6739050025000001 0.6404733324999999 0.67149518375 0.6759758512499999 0.6892676962500001 0.6981366475 0.7100524737499999 0.6974582650000001 0.7227040800000001 0.6716793649999999 0.71547460375 0.6316542337500001 0.714872155 0.5850713212499999 0.71426970625 0.50220192625 0.71426970625 0.4902170025 0.7127635612500001 0.48433760375 0.6860284887500001 0.49611344875 0.6699890399999999 0.6020311187499999 0.6757123712499999 0.6106240825 0.6739050025000001 0.6404733324999999
17 0.49810885374999997 0.6488086725 0.5675490612499999 0.67093510375 0.60651552 0.68668609625 0.62899616 0.6851859949999999 0.6469806262500001 0.66975166125 0.64048628 0.6453751074999999 0.627497435 0.6371245925 0.582536155 0.6209985525 0.52508563 0.604497495 0.48212263624999996 0.60487254125 0.42716996 0.59249674125 0.33691937125000004 0.57165963625 0.33924564875 0.59180504875 0.42667036 0.62368208125 0.49810885374999997 0.6488086725
17 0.5371504675 0.45064498000000003 0.55224828625 0.44519601625 0.56415236 0.45718374500000003 0.57141093125 0.46873553749999997 0.555442075 0.48203101125000003 0.5792501787500001 0.5236611 0.6201885375 0.60807889 0.64893246 0.6521404375000001 0.6683854225 0.6789493287499999 0.6739019625 0.60978863875 0.662578565 0.58799278375 0.6376091075 0.5363026949999999 0.6085748237499999 0.494202795 0.582734285 0.45911145374999995 0.53947319625 0.39583563750000006 0.49476041625 0.35333372375000005 0.4767591475 0.34832067375000003 0.46706673125000003 0.35610477875 0.472404005 0.36463365625 0.4941797175 0.39318624125 0.5371504675 0.45064498000000003
17 0.43417740000000005 0.5628764875000001 0.5465489812500001 0.48695549875 0.57089614375 0.46867822375 0.551699375 0.44688608750000003 0.53905751375 0.45040094750000004 0.38075868874999996 0.5384147075 0.3790397475 0.5391076925 0.38080089125 0.54002989625 0.43417740000000005 0.5628764875000001
17 0.45837880124999997 0.5998096625 0.51347478875 0.60665119 0.45630752375 0.5674678437499999 0.44595113750000004 0.5662239225 0.3809130125 0.543211485 0.26326445875 0.47168632000000005 0.19909406375 0.46742980625 0.3635142975 0.56871176375 0.394169175 0.5817728725 0.45837880124999997 0.5998096625
17 0.59250469625 0.58664815875 0.59158238875 0.58249388 0.59619399875 0.56033767 0.5680631475 0.50494715625 0.56529622375 0.51117858625 0.56667965 0.51360192375 0.5629904175 0.51498667875 0.56069913625 0.52078873 0.52794215125 0.60257292625 0.53532075625 0.607073415 0.58650958875 0.6174591375 0.59250469625 0.58664815875
17 0.39723523499999996 0.5122943525 0.3828766825 0.53654682125 0.41195277124999996 0.51983957375 0.42056788125 0.51552801625 0.47118177000000006 0.48615558875 0.4948734025 0.47106515625 0.50994987125 0.44896846625000003 0.5171291475 0.42848860250000004 0.48123276750000005 0.42633282375 0.47405349125 0.431991735 0.46974593625 0.411242405 0.466515285 0.41232028875 0.44390052750000003 0.43657275875 0.40477349625000003 0.46998727500000004 0.3771332675 0.47914931250000004 0.33441656999999997 0.5090606975 0.35344166250000003 0.52226481375 0.38108186375 0.50097654125 0.39723523499999996 0.5122943525