2 0.23560209375 0.1396508725 0.212041885 0.18453865375 0.1924083775 0.2643391525 0.19109947625 0.33416458875 0.19633507875 0.37905236875 0.22774869125 0.4563591025 0.261780105 0.4987531175 0.30890052375 0.5211970075 0.3429319375 0.5236907725 0.37041884875000003 0.51371571125 0.3808900525 0.50374064875 0.40183246124999994 0.4588528675 0.40968586375 0.426433915 0.438481675 0.36907730625 0.4450261775 0.3067331675 0.4450261775 0.20947630875 0.42670157125 0.16209476250000002 0.387434555 0.1172069825 0.34947643999999994 0.09476309249999999 0.3062827225 0.09226932625 0.27748691125 0.09975062375 0.25261780125 0.12219451375 0.23560209375 0.1396508725
2 0.06020942375 0.3067331675 0.06020942375 0.40897755625000004 0.08507853375 0.511221945 0.10340314125000001 0.53117207 0.14921466 0.5386533662499999 0.20418848125 0.5187032425 0.24214659624999998 0.48379052375 0.24083769624999998 0.466334165 0.2198952875 0.43142144625 0.20157068125 0.37905236875 0.19633507875 0.23940149625 0.163612565 0.21446384 0.1452879575 0.18453865375 0.1308900525 0.18453865375 0.09031413625000001 0.21945137125 0.07198952875 0.25935162125 0.06020942375 0.3067331675
2 0.81413612625 0.20448877750000002 0.74738219875 0.29426433875 0.738219895 0.359102245 0.738219895 0.4364089775 0.7447643975 0.47132169625000003 0.761780105 0.51371571125 0.76570680625 0.5436408975 0.7801047124999999 0.56857855375 0.837696335 0.62344139625 0.88350785375 0.63341645875 0.9201570675 0.61346633375 0.9554973825 0.55610972625 0.97382199 0.48129675749999995 0.97774869125 0.3915211975 0.96465968625 0.296758105 0.9450261775 0.23940149625 0.912303665 0.18952618499999999 0.87434555 0.16957605999999997 0.86649214625 0.18703241874999998 0.8416230362500001 0.18453865375 0.81413612625 0.20448877750000002
2 0.79842931875 1 0.81675392625 0.9077306737499999 0.8193717275 0.810473815 0.812827225 0.7531172075000001 0.7931937175 0.67331670875 0.75785340375 0.61346633375 0.69109947625 0.59102244375 0.66492146625 0.6084788025000001 0.638743455 0.64339152125 0.60863874375 0.7356608475 0.59947644 0.87531172125 0.60209424125 0.93266832875 0.62827225125 0.97506234375 0.6361256550000001 1 0.79842931875 1
2 0.35863874375000004 0.67331670875 0.36518324625 0.7456359100000001 0.39005235624999995 0.8279301750000001 0.41361256500000004 0.87780548625 0.437172775 0.9027431425 0.52225130875 0.9027431425 0.55104712 0.8902743137500001 0.57591623 0.8428927675 0.59947644 0.72069825375 0.60078534 0.66583541125 0.5850785337500001 0.5660847875 0.5680628275 0.51620947625 0.53403141375 0.46384039875 0.50392670125 0.44887780499999996 0.43979057625 0.44139650875 0.3939790575 0.47132169625000003 0.362565445 0.5361596012500001 0.35863874375000004 0.67331670875
2 0.34554973875 1 0.3678010475 0.935162095 0.3821989525 0.850374065 0.3821989525 0.81296758125 0.362565445 0.7356608475 0.3547120425 0.6708229425000001 0.33376963375 0.64588528625 0.29581151875 0.64339152125 0.29057591625 0.6284289275 0.27748691125 0.6259351625 0.22643979000000003 0.66583541125 0.20418848125 0.6982543637499999 0.1675392675 0.7755610975 0.15183246125 0.8603491275 0.15314136125 0.94014962625 0.16623036625 1 0.2447643975 1 0.27486910999999997 0.9900249375 0.2827225125 0.9725685787499999 0.2931937175 0.9725685787499999 0.3062827225 1 0.34554973875 1
2 0.10863874375 0.53117207 0.10078534 0.5411471325 0.09685863875 0.58104738125 0.09947644 0.65336658375 0.111256545 0.70573566125 0.13350785375 0.7531172075000001 0.16230366499999999 0.7780548625 0.16884816749999998 0.7755610975 0.22905759125 0.66583541125 0.28664921499999996 0.62094763125 0.27617801 0.50623441375 0.23952879625 0.4788029925 0.20157068125 0.51371571125 0.15183246125 0.533665835 0.10863874375 0.53117207
2 0.12827225125 0 0.12696335125 0.04239401499999999 0.11780104749999999 0.087281795 0.11780104749999999 0.1396508725 0.160994765 0.21945137125 0.18455497375 0.23940149625 0.19633507875 0.24189526125 0.20418848125 0.2319202 0.24083769624999998 0.14214463875 0.27748691125 0.104738155 0.29581151875 0.0972568575 0.3691099475 0.10224438875000001 0.33900523499999996 0.04488778 0.3311518325 0 0.24083769624999998 0 0.22513089 0.01496259375 0.20549738250000002 0 0.12827225125 0
2 0.33376963375 0 0.33638743499999996 0.03990025 0.3573298425 0.08478802999999999 0.4188481675 0.14962593500000002 0.46465968625000004 0.16708229374999997 0.48429319374999996 0.16209476250000002 0.51439790625 0.13216957625 0.54712041875 0.07730673375000001 0.561518325 0.0324189525 0.5602094237499999 0 0.462041885 0 0.45026178 0.0099750625 0.42539267000000003 0 0.33376963375 0
2 0.6308900525 0 0.62827225125 0.04239401499999999 0.6361256550000001 0.07730673375000001 0.688481675 0.10972568625 0.712041885 0.14962593500000002 0.7369109950000001 0.21695760625 0.7486911 0.21945137125 0.7892670162500001 0.17206982499999998 0.811518325 0.09226932625 0.80890052375 0 0.6308900525 0
2 0.5091623037499999 0.14713217 0.50785340375 0.1995012475 0.48952879625 0.27930174625 0.49214659625 0.33416458875 0.513089005 0.426433915 0.53403141375 0.44638404000000004 0.57722513125 0.466334165 0.62565445 0.466334165 0.68324607375 0.41895261875 0.7172774875000001 0.36907730625 0.738219895 0.27930174625 0.7395287962499999 0.22693266874999998 0.72774869125 0.17206982499999998 0.70418848125 0.12219451375 0.67146596875 0.08977556125 0.64005235625 0.08229426374999999 0.62303664875 0.01745635875 0.5680628275 0 0.54842931875 0.0723192025 0.51570680625 0.12468827875 0.5091623037499999 0.14713217
2 0.437172775 0.25436409 0.43979057625 0.33915211999999995 0.43062827249999996 0.3840399 0.4057591625 0.42394015 0.3952879575 0.46384039875 0.43324607375 0.44139650875 0.48167539249999997 0.44139650875 0.51701570625 0.4563591025 0.5431937175 0.48379052375 0.55890052375 0.4788029925 0.55890052375 0.4563591025 0.51570680625 0.40897755625000004 0.49476439749999995 0.33915211999999995 0.49083769625 0.26932668374999996 0.5065445024999999 0.20448877750000002 0.47513089000000003 0.17206982499999998 0.41099476500000004 0.14214463875 0.44109947624999996 0.20698254375000003 0.44240837749999995 0.23940149625 0.437172775 0.25436409
2 0.35863874375000004 0.65336658375 0.36649214625 0.51620947625 0.311518325 0.51620947625 0.27356020999999997 0.50374064875 0.27356020999999997 0.5635910225 0.287958115 0.6483790525 0.35863874375000004 0.65336658375
2 0.6361256550000001 1 0.6191099475 0.9600997499999999 0.5942408375 0.93017456375 0.56675392625 0.91521197 0.5418848162500001 0.91770573625 0.52748691125 0.9002493762500001 0.49345549750000006 0.8977556112499999 0.45157068125 0.9077306737499999 0.41099476500000004 0.93017456375 0.363874345 0.9700748124999999 0.34554973875 1 0.6361256550000001 1
2 0.56413612625 0.46134663375 0.5562827225 0.48129675749999995 0.54842931875 0.48379052375 0.57722513125 0.54613466375 0.5850785337500001 0.62344139625 0.5981675387500001 0.66334164625 0.59947644 0.71820448875 0.59031413625 0.7755610975 0.59947644 0.78553616 0.6073298425 0.7780548625 0.62041884875 0.7107231925 0.63350785375 0.6783042399999999 0.63350785375 0.66084788 0.64659685875 0.6508728175 0.6544502612499999 0.62094763125 0.68324607375 0.59102244375 0.7107329837499999 0.59102244375 0.74214659625 0.60349127125 0.7774869112499999 0.640897755 0.79188481625 0.6708229425000001 0.811518325 0.74064837875 0.8193717275 0.8254364087499999 0.83376963375 0.8154613462499999 0.84947644 0.78054862875 0.8586387437499999 0.74064837875 0.8612565449999999 0.6857855362499999 0.85340314125 0.63341645875 0.81675392625 0.6084788025000001 0.7814136125000001 0.56857855375 0.76570680625 0.5411471325 0.7591623037499999 0.51371571125 0.70942408375 0.4987531175 0.688481675 0.44638404000000004 0.6557591625000001 0.4339152125 0.638743455 0.45386533625 0.6138743449999999 0.466334165 0.56413612625 0.46134663375