14 0.1138824375 0.27739864375 0.123097815 0.26218328625000004 0.134287915 0.2481383425 0.11980660875 0.24228628375 0.12836374375 0.23175257625 0.12507253875 0.22238927749999998 0.10993299000000001 0.22355969125000003 0.0855780675 0.18610650875 0.06583083249999999 0.154505385 0.03686822 0.15099414875 0.00066495625 0.1439716775 0 0.28793235125 0.0032979199999999998 0.36986118875 0.059248419999999996 0.31719264875000003 0.09940113249999999 0.32538553375 0.10598354374999999 0.29027317375 0.1138824375 0.27739864375
14 0.5265996574999999 0.13460837874999998 0.48973815125000003 0.09364396125 0.35216574625 0.20483309875 0.32188665125 0.272716995 0.3093800675 0.29846605875000004 0.31003831000000004 0.3780540725 0.30477238125 0.39092860375 0.318595445 0.40965519624999996 0.32188665125 0.40614396124999996 0.32057016875 0.40848478374999997 0.41667338125000003 0.3218742975 0.48644694625 0.2563312275 0.5417392050000001 0.15216455874999998 0.5265996574999999 0.13460837874999998
14 0.3087218275 0.63554471125 0.27449328625 0.53723010375 0.26791087375 0.502117745 0.27646801 0.4775390925 0.29555700375 0.44593796875 0.3001646925 0.431893025 0.30148117375 0.414336845 0.30477238125 0.38975819375 0.31003831000000004 0.37571325 0.31003831000000004 0.36283871625 0.21590982125 0.42838178875 0.20406148000000002 0.4869023875 0.20669444375 0.49509527249999996 0.21722630375000002 0.50796980375 0.22000031875 0.51125810375 0.21590982125 0.52903721875 0.25079660375 0.57468328625 0.28239218 0.62384059 0.30148117375 0.650760065 0.3087218275 0.63554471125
14 0.22051750875 0.51148103875 0.19352962125 0.48105032875 0.17246590375 0.44710837875000004 0.157326355 0.42370014 0.14876922125 0.4295522 0.13757912 0.42721137625 0.1132241975 0.45296044125 0.0941352025 0.49275444625 0.09545168500000001 0.51148103875 0.10532530375 0.52786680625 0.1138824375 0.53605969125 0.117831885 0.55712710625 0.11124947375 0.5618087549999999 0.1079582675 0.579364935 0.117173645 0.59926193875 0.13494615625 0.62735182625 0.16193404375 0.6601233625 0.17839007375000002 0.66714583375 0.20274499625 0.69289489625 0.2415812275 0.71279190125 0.26330318625 0.6999173675 0.31530423875 0.6542713 0.30722250125 0.64542818875 0.307405345 0.64607841875 0.29818996875 0.64607841875 0.28041745625000003 0.62032935375 0.25342956875 0.579364935 0.21985926875 0.5313780425 0.22051750875 0.51148103875
14 0.12243957375 0.8204517775 0.11519892125 0.78650983125 0.11914836749999999 0.75022705875 0.13626263875 0.7244779975 0.1415285675 0.63786750875 0.1132241975 0.588710205 0.106641785 0.5746652612500001 0.11519892125 0.5559386712500001 0.11256595624999999 0.5383824912499999 0.09742640875 0.51731507625 0.05793193875 0.52082631125 0.0013231962499999999 0.5302076325 0.0019814375 0.901210205 0.1467944975 0.8930173225 0.1441615325 0.85205290125 0.12243957375 0.8204517775
14 0.26725263375 0.69638811 0.24948012125000002 0.70926264 0.22578343875 0.7069218175 0.20274499625 0.69404728375 0.17246590375 0.6659573962499999 0.1553516325 0.6542532775 0.1467944975 0.6601053374999999 0.17246590375 0.7162851125 0.21985926875 0.79353230375 0.2448724325 0.87429073 0.279759215 0.8415191937500001 0.32715257999999997 0.7900210675 0.33900092125000003 0.8298150762500001 0.34953278 0.8707794950000001 0.43971182124999997 0.86960908125 0.39166021624999997 0.7806577725 0.34360861 0.718625935 0.31530423875 0.6519124525 0.26725263375 0.69638811
14 0.36729910375 0.6928782775000001 0.356109005 0.6460617974999999 0.3495265925 0.5746666662500001 0.33372880375 0.51029400875 0.31069036375 0.42485393250000003 0.3021332275 0.39910486749999996 0.29818378 0.443580525 0.27712006375000003 0.478692885 0.26790468749999996 0.497419475 0.2883101625 0.5793483150000001 0.322538705 0.6718108625000001 0.33833649250000003 0.70575280875 0.34821010999999996 0.726820225 0.36400789875 0.71394569375 0.37783096374999997 0.7291610475 0.38967930500000003 0.72213857625 0.36729910375 0.6928782775000001
14 0.44760452875 0.6999007500000001 0.43838915125 0.6437209749999999 0.439705635 0.62265355875 0.41403422874999996 0.53487266 0.40350237 0.4424101125 0.3857298575 0.35697003625 0.372565035 0.38623033749999997 0.32648815124999997 0.41549063750000004 0.3297793575 0.45411423375 0.34162769875000004 0.53604307 0.35347604 0.626164795 0.36334965750000003 0.6741516849999999 0.378489205 0.691707865 0.38375513375 0.69404868875 0.37783096374999997 0.6881966287500001 0.42917377625 0.691707865 0.43509794625 0.6975599237500001 0.44233859875 0.72213857625 0.44760452875 0.6999007500000001
14 0.5989994737500001 0.37921348375 0.59373354375 0.35814606750000005 0.577277515 0.3019662925 0.55621379625 0.27270599125 0.53909952625 0.25514981124999997 0.5081621912500001 0.2492977525 0.4897314375 0.24578651625 0.47919957875 0.26334269625 0.4456292775 0.29611423375 0.41798314875000003 0.321863295 0.38967877875 0.35463483125000006 0.41074249625 0.37102059875000004 0.5397577675 0.386235955 0.5720115849999999 0.39091760375 0.5989994737500001 0.37921348375
14 0.59702475 0.36048689 0.6154555025 0.35697565500000006 0.6121642975 0.321863295 0.6404686687500001 0.29962546875 0.6207214325 0.20833333375 0.6147972625 0.2106741575 0.60887309125 0.1931179775 0.55753028 0.22588951375 0.53580832125 0.1275749075 0.52873019625 0.13144737875 0.53646656125 0.1486423225 0.5312006325 0.16853932624999998 0.4923644025 0.24461610374999998 0.53778304375 0.25397940125 0.5739863075 0.29611423375 0.59702475 0.36048689
14 0.63125329125 0.37804307000000004 0.6457345975 0.35814606750000005 0.6635071087500001 0.34176029999999996 0.68720379125 0.36165730375000005 0.6931279625000001 0.41900749125 0.72011585 0.434222845 0.7398630850000001 0.45294943875 0.7635597675 0.43656367125 0.81226961625 0.3967696625 0.8484728800000001 0.36750936250000005 0.8451816750000001 0.32888576625 0.83201685125 0.24227528125 0.8188520262500001 0.19428839 0.7944971037499999 0.190777155 0.77606635125 0.20833333375 0.76092680375 0.21184456999999998 0.74117956875 0.22354868875 0.7266982625 0.2317415725 0.70300158 0.2492977525 0.68852027375 0.26451311 0.67403896875 0.26568352 0.66745655625 0.27855805375 0.644418115 0.30079587875 0.6154555025 0.31835205875 0.6147972625 0.35229400875000005 0.63125329125 0.37804307000000004
14 0.5404160075 0.781835205 0.5535808325 0.84035580625 0.55753028 0.8625936325000001 0.588467615 0.8649344575000001 0.64770932125 0.8157771549999999 0.6404686687500001 0.7713014975 0.6431016325000001 0.68703183375 0.63717746125 0.625 0.65100052625 0.59339887625 0.639152185 0.5079587999999999 0.62269615625 0.42602996374999996 0.6016324375 0.39442884 0.55884676125 0.42017790125 0.49828857374999996 0.4588014975 0.43180621375 0.504447565 0.4192996325 0.51732209875 0.43048973125 0.5969101125 0.4397051075 0.62851123625 0.44628752 0.6835205987499999 0.44826224375 0.7174625475 0.44760400125 0.7162921350000001 0.45813586125 0.7619382025 0.46866771999999995 0.7794943825 0.53054239 0.7373595500000001 0.5404160075 0.781835205
14 0.77014218 0.60744382 0.7912058974999999 0.58403558125 0.8102948925 0.5793539325 0.8313586100000001 0.5278558062500001 0.8221432337500001 0.4962546825 0.75434439125 0.46231273375 0.7056345450000001 0.43071160999999997 0.6806213787500001 0.42251872749999997 0.655608215 0.44475655375 0.6332280137499999 0.469335205 0.64178515 0.533707865 0.6529752499999999 0.59456928875 0.63586098 0.62031835125 0.644418115 0.7010767775 0.6431016325000001 0.7490636712500001 0.64375987375 0.77832396875 0.66416535125 0.79705056125 0.716824645 0.7256554300000001 0.78067404 0.62968164875 0.77014218 0.60744382
14 0.8484728800000001 0.36633895250000004 0.7464454975 0.45411985125 0.78593996875 0.47518726625 0.8208267499999999 0.49508427 0.8300421275 0.5208333337500001 0.8109531325 0.57701311 0.7879146925 0.59105805375 0.773433385 0.6062734075 0.7819905212499999 0.6226591775 0.72209057375 0.72214419375 0.6852290675 0.7794943825 0.8254344387499999 0.6437265925 0.90968931 0.56296816625 0.9695892575 0.50210674125 0.96827277625 0.42720037375 0.9511585037499999 0.31718164875 0.9406266462499999 0.27153558125 0.91298051625 0.269194755 0.89652448625 0.21301498 0.88730911 0.20833333375 0.8859926275 0.2317415725 0.8780937324999999 0.2282303375 0.87282780375 0.2492977525 0.86492891 0.238764045 0.8583464974999999 0.26217228375 0.83991574625 0.269194755 0.8392575037500001 0.27270599125 0.8451816750000001 0.30781835125 0.8484728800000001 0.36633895250000004