16 0.0398550725 0.4664764625 0.03623188375 0.5149786025 0.03140096625 0.67189729 0.06642512125 0.74465049875 0.0857487925 0.79885877375 0.12077294625 0.85877318125 0.15821256 0.908701855 0.169082125 0.94864479375 0.20048309125 0.99144079875 0.22342995125 0.9971469325 0.36594202875 0.99144079875 0.3695652175 0.9757489300000001 0.3574879225 0.9201141225 0.27536231875 0.62767475 0.27415458875 0.4607703275 0.2657004825 0.439372325 0.2439613525 0.435092725 0.16183574875 0.44935806 0.047101448750000004 0.45791726125 0.0398550725 0.4664764625
16 0.28381642500000004 0.415121255 0.25845410625 0.40656205375 0.25845410625 0.41369472125 0.2657004825 0.42082738999999997 0.27294686 0.47218259625000003 0.27294686 0.6376604849999999 0.3683574875 0.9686162625 0.3804347825 0.97717546375 0.42391304375 0.9814550637499999 0.5374396137499999 0.98002853125 0.54589372 0.9686162625 0.54710144875 0.884450785 0.5169082125 0.61198288125 0.50724637625 0.4079885875 0.50120773 0.3980028525 0.47705314 0.39942938624999996 0.45652173875 0.38801711875 0.43599033875000004 0.38801711875 0.397342995 0.40941512125 0.33816425125000005 0.41654778875 0.28381642500000004 0.415121255
16 0.510869565 0.5649072749999999 0.5157004825 0.6376604849999999 0.5398550725 0.8687589162499999 0.5531400962499999 0.9300998575 0.55917874375 0.94579172625 0.56642512125 0.94864479375 0.56400966125 0.9728958625 0.56884058 0.97717546375 0.602657005 0.9828815975 0.714975845 0.9786019975000001 0.7342995175 0.97432239625 0.739130435 0.96291012875 0.75724637625 0.62196861625 0.75724637625 0.5292439375 0.74637681125 0.38944365249999996 0.73671497625 0.3651925825 0.72342995125 0.3651925825 0.53019323625 0.38088445125 0.51449275375 0.39514978624999997 0.510869565 0.5649072749999999
16 1 0.39942938624999996 0.989130435 0.33951497875000003 0.98067632875 0.333808845 0.96376811625 0.333808845 0.7681159425 0.34522111250000004 0.7548309175 0.35092724625000005 0.7451690825 0.366619115 0.75241545875 0.48502139749999995 0.75362318875 0.609129815 0.73671497625 0.95007132625 0.74758454125 0.96291012875 0.9227053137500001 0.96005706125 0.94082125625 0.92867332375 0.95652173875 0.8659058487500001 0.97342995125 0.75035663375 1 0.6205420825 1 0.39942938624999996
16 0.17270531375 0.018544936249999998 0.17512077250000002 0.03708987125 0.171497585 0.03994293875 0.1074879225 0.0456490725 0.08333333375 0.05278174 0.06884058 0.10128387999999999 0.13647343 0.4422253925 0.14371980625 0.45221112750000003 0.25120773 0.43366619125 0.27536231875 0.43651925875 0.28019323625 0.4222539225 0.3236714975 0.41369472125 0.27173913 0.034236805 0.2681159425 0.025677603750000003 0.2548309175 0.0271041375 0.25120773 0.01283880125 0.24154589375000002 0.0028530675 0.20893719749999998 0.00142653375 0.18236715 0.00570613375 0.1763285025 0.011412268750000001 0.17270531375 0.018544936249999998
16 0.36352657 0 0.32850241500000005 0.00570613375 0.31642512125 0.01283880125 0.306763285 0.0456490725 0.3019323675 0.08844507875 0.30314009625 0.14835948625 0.33937198125 0.41369472125 0.398550725 0.40941512125 0.41908212499999997 0.39514978624999997 0.43961352625000005 0.38944365249999996 0.464975845 0.39229671875 0.48067632875 0.40085592 0.50724637625 0.39942938624999996 0.52053140125 0.37803138375 0.5217391299999999 0.35663338125000005 0.50845410625 0.10128387999999999 0.5096618362499999 0.04707560625 0.50241545875 0.0028530675 0.41787439625 0 0.40579710124999996 0.00570613375 0.39975845374999996 0 0.36352657 0
16 0.5217391299999999 0.37945791749999996 0.555555555 0.38373751749999996 0.72463768125 0.36804564874999995 0.72946859875 0.338088445 0.73067632875 0.049928673750000006 0.7222222225 0.00142653375 0.62922705375 0 0.62198067625 0.007132667499999999 0.5845410625 0.007132667499999999 0.54468599 0 0.5277777775 0.0213980025 0.5217391299999999 0.07560627625 0.5217391299999999 0.37945791749999996
16 0.7451690825 0.38801711875 0.75241545875 0.38088445125 0.75845410625 0.35092724625000005 0.7657004825 0.34664764624999994 0.8586956524999999 0.34664764624999994 0.92874396125 0.33951497875000003 0.9384057975000001 0.24108416500000002 0.944444445 0.0456490725 0.9275362325000001 0.00142653375 0.72463768125 0 0.71980676375 0.3651925825 0.73550724625 0.366619115 0.7451690825 0.38801711875
1 0.025362318749999998 1 0.03019323625 0.99144079875 0.04830917875 0.8958630525 0.08212560375000001 0.91868758875 0.09903381625 0.91726105625 0.102657005 0.9101283875 0.10628019374999999 0.8416547787499999 0.102657005 0.8188302425 0.0724637675 0.77318117 0.06642512125 0.7417974325 0.0289855075 0.666191155 0.03260869625 0.5634807412499999 0.04227053125 0.46219686125000004 0.050724637499999996 0.4564907275 0.1086956525 0.45221112750000003 0.11835748750000001 0.37660485 0.11594202875000001 0.33523537750000004 0.0954106275 0.24393723250000002 0.0748792275 0.24393723250000002 0.06763285 0.261055635 0 0.34379457875 0 1 0.025362318749999998 1
1 0.9227053137500001 0.96291012875 0.921497585 0.985734665 0.9311594200000001 1 1 0.99429386625 0.99879227 0.62339515 0.98550724625 0.6647646225 0.944444445 0.8858773175 0.9227053137500001 0.96291012875
1 0.9432367150000001 0.2154065625 0.93357487875 0.33666191125 0.9842995175 0.33238231125 1 0.39514978624999997 0.99879227 0.15834522125 0.96376811625 0.1911554925 0.95289855125 0.18972895874999998 0.9432367150000001 0.2154065625