8 0.67419078625 0.595545915 0.74214662875 0.53030368375 0.8744514125 0.35785847625 0.4779985775 0.20746152875 0.29347883125 0.15409919500000002 0.16857761624999998 0.47654138500000004 0.16552825999999998 0.47911234 0.11735480375 0.6097976825 0.09165206 0.6998206625000001 0.28775116875 0.75009533875 0.6060557200000001 0.8175312675 0.67419078625 0.595545915
13 0.5664778225 0.80069947125 0.54960249625 0.7916326499999999 0.2520865525 0.6712787112499999 0.1534890425 0.63136572 0.03790823 0.5853990637500001 0.02043345875 0.580433035 0.009633422499999999 0.59072401875 0.0053697425 0.599978785 0.004823490000000001 0.60565140875 0.1916954325 0.6807395675 0.5043421299999999 0.80780378375 0.55013499125 0.8254161037500001 0.56111958625 0.8106014125000001 0.565056435 0.8006294775 0.5664778225 0.80069947125
8 0.2908898375 0.33588882624999994 0.52208056 0.65376267625 0.75716639 0.55258616125 0.5133401400000001 0.25187155125 0.51194241875 0.25135735375 0.2908898375 0.33588882624999994
13 0.2985000825 0.2111695175 0.34729735125 0.25136792625 0.449653185 0.33724336 0.583040345 0.45001227499999996 0.65926255 0.51416406875 0.6810573575 0.53104095875 0.71184112 0.51424645 0.561587225 0.39069203625 0.33429147 0.20139461749999998 0.32463950124999996 0.1937685975 0.31554051125 0.19443405 0.3061252 0.1989877875 0.2987383125 0.20553210249999998 0.2985000825 0.2111695175
8 0.45514655374999996 0.25641725125000003 0.48998776624999996 0.17162764374999998 0.3521179925 0.13532879625 0.34058179250000004 0.13853029875 0.30013128125 0.12133496625 0.26031094875 0.1097370675 0.26020581375 0.10870569375 0.23243751625 0.18358953125 0.21531578875000001 0.22296948 0.09176770124999999 0.40327648125000004 0.33468108874999997 0.4791416875 0.45514655374999996 0.25641725125000003
13 0.726706035 0.43010221625 0.683710585 0.66233615375 0.6754227199999999 0.70411885 0.69481986625 0.7102021700000001 0.7106226212500001 0.7115238225 0.7413081512499999 0.55980807125 0.777955125 0.38243450500000004 0.79367137625 0.29437566 0.80296491875 0.24822720499999998 0.7987532737499999 0.2433389175 0.77955547625 0.24129516625 0.76514907 0.2418212175 0.7637279975 0.24037978625 0.726706035 0.43010221625
13 0.67827526 0.6351264825 0.7165723737499999 0.633559495 0.7007956337500001 0.5288673975 0.6721716499999999 0.3149848025 0.658348865 0.2258385775 0.64960783875 0.184943205 0.6360228800000001 0.18346190624999997 0.62422933875 0.18847704624999997 0.621463155 0.1886957075 0.624806765 0.22050416250000002 0.6405536150000001 0.37372139125 0.65331955875 0.47096959499999996 0.6716932637499999 0.61333155 0.67827526 0.6351264825
13 0.61769247125 0.35823939125000004 0.5955660925 0.25491225 0.580485615 0.18113267874999997 0.57412607375 0.15759979375 0.5701735025 0.15593304125 0.5631709487500001 0.15447582375 0.5592709299999999 0.15484993749999998 0.55379187875 0.156538895 0.55069653375 0.15813697375 0.54809142125 0.15956618375 0.54529834625 0.16197751375 0.54433808375 0.1637052425 0.54644663625 0.1745766325 0.556486275 0.2197794975 0.5998146637499999 0.443106735 0.6162205550000001 0.5216782725 0.6282189175 0.57901336625 0.63038637625 0.57946441 0.6480921374999999 0.57952218625 0.6594102599999999 0.5788932375 0.66321820625 0.57495078625 0.6423312674999999 0.4701813225 0.61769247125 0.35823939125000004
13 0.43126637625 0.37308682249999997 0.43580608750000005 0.38574101874999994 0.47503028625 0.48475762000000006 0.53402662 0.64030761875 0.58084314125 0.7659335125 0.605637645 0.8354635225 0.615012015 0.837568405 0.63013999625 0.8359329875 0.63956763875 0.8322979775 0.63164093 0.80677547375 0.56974477125 0.6380593075000001 0.49022240375000004 0.43537044125 0.4647829025 0.36933645249999997 0.44626152124999996 0.37045568375000004 0.43126637625 0.37308682249999997
13 0.4317606175 0.49055982124999997 0.47414716125 0.3776119 0.49964952125000006 0.31362232375 0.51822051375 0.2701902625 0.50517025625 0.2617168675 0.4885318 0.25812757999999997 0.4766494325 0.25818378375 0.46358966875 0.29928580374999997 0.41604678874999995 0.427278905 0.36546514375 0.55713261625 0.3490905425 0.599391825 0.37040296625 0.654112425 0.4317606175 0.49055982124999997
13 0.2463176875 0.2483050275 0.23682344125 0.2522549625 0.23077806625 0.25896840375 0.229412255 0.2683631125 0.28023600875 0.31115477874999997 0.40921717874999997 0.426805545 0.6044403875 0.603712415 0.61930321375 0.59426273875 0.63243170375 0.58187582375 0.60715930625 0.55872641125 0.39366203749999995 0.37214599249999997 0.3163079475 0.30134189 0.2610911875 0.25418212375 0.256440935 0.24928281125 0.25476436750000003 0.24788873875 0.2463176875 0.2483050275
13 0.35373841375 0.7055175425 0.40457366 0.8159047425 0.4219593275 0.80847189875 0.43823148500000003 0.8056773312500001 0.368975425 0.649010775 0.25171282375 0.38304569125 0.23966189875000002 0.355789515 0.2270549875 0.35346202374999997 0.21552586375000002 0.35722224249999995 0.20921670750000002 0.36168651375000005 0.21662420875 0.38046699625 0.28128519 0.53599361625 0.35373841375 0.7055175425
13 0.14028568125 0.3273506125 0.17102557000000002 0.3912577675 0.251147195 0.563055045 0.34932158999999996 0.771962735 0.37727666374999996 0.7610936925 0.32158935499999997 0.6309329675 0.28229520125 0.53835776 0.18494725875 0.34385868125 0.17388421874999999 0.3173352075 0.1602643475 0.31460988375 0.15020250875 0.3186691425 0.1408651 0.3224375625 0.1404116775 0.32396380625 0.14028568125 0.3273506125
13 0.12895688875 0.33276969 0.11618531375 0.33438183375 0.10629361375 0.3405807275 0.10487051875 0.34568537125 0.119507535 0.3730164575 0.17119425625 0.48171864999999997 0.230618765 0.6114095775 0.27481449625 0.7018917337499999 0.31510850625 0.78720214625 0.33278016125 0.78138377875 0.35165301625 0.7749315225 0.25124045250000004 0.5644419137500001 0.20478560625 0.46631146625 0.1649754575 0.38208299250000005 0.14214038 0.334015165 0.12895688875 0.33276969