13 0.6750320225 0.89335525 0.2286613625 0.42430403125 0.15247792125 0.34214310374999996 0.13868016875 0.35118653625 0.47223379 0.71224323875 0.66108290625 0.90543773875 0.6750320225 0.89335525
13 0.20953814 0.32541110625 0.46673281875 0.64945760875 0.6082247575 0.81846315625 0.61031579125 0.79334776625 0.16980890375000002 0.25304160249999996 0.16067830375 0.25557742 0.15935383625 0.25557635375 0.16074782375000002 0.25766931 0.20953814 0.32541110625
13 0.6018794225 0.7543720399999999 0.16492984 0.21842654 0.15196295625 0.22747042625 0.15256490749999999 0.228120565 0.60497461625 0.784965055 0.6018794225 0.7543720399999999
13 0.18750998124999999 0.24284059249999998 0.27064279125 0.342122995 0.30077390625 0.375412945 0.42093531874999995 0.5103955825 0.5073353075 0.60877562 0.44307983125 0.52701937125 0.36697114875 0.42803931 0.17084096625 0.20182451125 0.15686596375 0.18820985 0.14681651875 0.19097993249999998 0.142971865 0.19673371 0.15992006 0.21695111 0.1660915075 0.21558850625 0.18750998124999999 0.24284059249999998
13 0.65982980625 0.79678090125 0.67717605625 0.7849429550000001 0.53209658875 0.60480754875 0.40706945125 0.449160435 0.29158887875 0.30839758625 0.21800411625 0.22235913 0.20602429625 0.22317669124999998 0.2023940425 0.23189736 0.265596245 0.30473011 0.346019855 0.40011766625 0.65982980625 0.79678090125
13 0.4651523775 0.13397509124999998 0.44663675499999994 0.13865111625 0.5248886675 0.59828140125 0.55849033 0.63079307125 0.4651523775 0.13397509124999998
13 0.58761184 0.6713268050000001 0.49128700375 0.12949072875 0.48008645 0.12388527125 0.46997871625000004 0.12674671625 0.47112602875 0.12957794625 0.55849033 0.63152804375 0.58761184 0.6713268050000001
13 0.598065645 0.46991647999999997 0.58537170625 0.389110635 0.55867817125 0.27870288625 0.59731889625 0.6814166450000001 0.62494702125 0.71673100125 0.598065645 0.46991647999999997
13 0.6615354537499999 0.7486821349999999 0.68094979375 0.738592295 0.5450497 0.0868020325 0.5213310325 0.08753222 0.5204084575 0.08744979750000001 0.5741711525000001 0.34155145249999996 0.6615354537499999 0.7486821349999999
13 0.8618535787499999 0.7800081874999999 0.8809143887499999 0.7757043 0.58565765625 0.28043478625 0.598927635 0.34162796375 0.8618535787499999 0.7800081874999999
9 0.1287598325 0.55604037 0.12061577625 0.57176142125 0.12061577625 0.59272268875 0.1159619925 0.61543084125 0.11130820749999999 0.6398856425 0.113635055 0.67220105375 0.1159619925 0.7045163975 0.12294262375000001 0.72285754 0.135740465 0.7429455 0.15784587375 0.7665269600000001 0.18227813125 0.7848681025 0.2171813825 0.79971574625 0.27069968125 0.8154366975 0.31607392375 0.821550455 0.33003527750000006 0.8049560625 0.3649385275 0.7813746025 0.3963514175 0.765653585 0.38820736125000005 0.75080600875 0.37308258375000003 0.7263511075 0.34865032625 0.6992760800000001 0.34050618125 0.6695808612499999 0.35679438249999995 0.666087295 0.424274035 0.67220105375 0.35912131875 0.60145657375 0.33003527750000006 0.57001457125 0.29047824250000004 0.5534202112500001 0.2346330075 0.5508000200000001 0.1489136575 0.53135374875 0.14737488125 0.53245887625 0.1322501925 0.5394459775 0.1287598325 0.55604037
9 0.5605136825 0.158466865 0.56217192375 0.1761434725 0.578516995 0.19892417125 0.5780979075 0.22464788500000002 0.58356455875 0.24721866250000002 0.5866883675 0.271548185 0.59449786 0.2897220525 0.6062120987499999 0.31033215125 0.61558349625 0.3273335075 0.6390119737500001 0.36397436499999997 0.65424046125 0.39069452 0.66985947625 0.41795531625000004 0.68469752375 0.43993983125 0.70649557875 0.4740414825 0.7239472037500001 0.49762300875 0.76064498875 0.56635278625 0.7808343037500001 0.55992294125 0.80469454875 0.5539523612499999 0.8169305425000001 0.5392556012499999 0.8126479625 0.5227217537500001 0.80836529125 0.508484225 0.79840748875 0.498496385 0.815095125 0.48506123 0.83344911625 0.464853175 0.86526268125 0.43729672125 0.870768935 0.4161700975 0.84843551625 0.40155028625 0.85975652125 0.3907671125 0.870768935 0.38020379125 0.89380967 0.3657414075 0.9307252312500001 0.342084035 0.92950165 0.31452758124999997 0.92644265125 0.29661588 0.9221600725000001 0.26768160875 0.89279366875 0.22359128250000002 0.85241494375 0.17536748875 0.82051280875 0.17446926875 0.784446135 0.1543813425 0.74139882875 0.136913575 0.69369765 0.11245870625 0.66112133625 0.09848450624999999 0.63552556625 0.10809176499999999 0.59945889125 0.120319215 0.57875433875 0.13083161000000001 0.5691365325000001 0.140541295 0.56416180875 0.14477372375 0.5605136825 0.158466865