7 0.50259067375 0.13799621875 0.5129533675 0.1644612475 0.4766839375 0.17958412124999998 0.44214162375 0.18147448 0.23143350625 0.23440453625 0.17098445625 0.21928166375 0.13471502624999998 0.21928166375 0.1157167525 0.23818525499999998 0.11226252125 0.27032136125 0.0777202075 0.3232514175 0.0777202075 0.34971644625000003 0.09326424875 0.37240075625 0.1398963725 0.38752363 0.1761658025 0.3686200375 0.18307426625 0.35727788250000003 0.23661485375000002 0.33270321375 0.360967185 0.283553875 0.41968911875000003 0.2684310025 0.4265975825 0.262759925 0.42487046624999997 0.25141777 0.506044905 0.25897920625000004 0.5854922275 0.22306238125 0.6563039725 0.17958412124999998 0.6597582037499999 0.13988657875 0.6442141625 0.10964083125 0.58031088125 0.10396975375 0.5474956825 0.11909262749999999 0.5250431775 0.11531190875 0.50259067375 0.13799621875
7 0.312607945 0.5387523625 0.22970638999999998 0.5330812850000001 0.119170985 0.48582230625 0.08462866999999999 0.47826087 0.058721933750000004 0.49716446124999997 0.05008635625 0.53686200375 0.06044905 0.5482041587500001 0.24870466375 0.601134215 0.40759930875 0.6086956525 0.4766839375 0.63705104 0.51986183125 0.6408317575 0.5354058725 0.601134215 0.506044905 0.5727788275000001 0.4887737475 0.54253308125 0.47495682250000004 0.510396975 0.47150259125 0.47258979250000005 0.445595855 0.466918715 0.43005181375 0.47637050999999997 0.39032815249999997 0.52551984875 0.312607945 0.5387523625
7 0.022452503749999998 0.44045368625000003 0.06390328125 0.48771266500000005 0.1018998275 0.48960302499999997 0.21416234875 0.5330812850000001 0.23143350625 0.53119092625 0.2348877375 0.5047258975 0.22107081125 0.48015122875000005 0.14162348875 0.444234405 0.1208981 0.40831758 0.10535405875000001 0.39508506625 0.07081174500000001 0.38941398875 0.04663212375 0.4026465025 0.041450777499999994 0.42533081250000004 0.022452503749999998 0.44045368625000003
7 0.12262521625 0.419659735 0.1502590675 0.4499054825 0.17271157124999997 0.45746691875 0.227979275 0.44234404499999996 0.29879101875 0.44234404499999996 0.41105354 0.48771266500000005 0.42314335 0.4839319475 0.43523316 0.4593572775 0.46113989625 0.3818525525 0.45941278124999996 0.376181475 0.44041450750000005 0.38374291125 0.409326425 0.376181475 0.37996545750000005 0.38941398875 0.33506044875 0.38941398875 0.26252158875 0.3799621925 0.25561312625 0.37240075625 0.19516407624999998 0.37240075625 0.13298791 0.39508506625 0.12262521625 0.4045368625 0.12262521625 0.419659735
7 0.3419689125 0.920604915 0.36960276375 0.93383742875 0.37996545750000005 0.93383742875 0.38687392000000004 0.92438563375 0.39032815249999997 0.8544423437499999 0.4041450775 0.7901701325 0.4024179625 0.72967863875 0.41105354 0.6899810962499999 0.4162348875 0.6805293 0.44386873875 0.67863894125 0.4507772025 0.65784499 0.445595855 0.623818525 0.40759930875 0.61247637 0.3782383425 0.64461247625 0.34715025875 0.8506616262500001 0.3419689125 0.920604915
7 0.445595855 0.4366729675 0.4766839375 0.4839319475 0.578583765 0.5860113425 0.61312608 0.6049149337499999 0.69430051875 0.6748582224999999 0.7202072537499999 0.6880907374999999 0.77029361 0.693761815 0.78238342 0.7107750475 0.8013816925 0.70699432875 0.8134715025 0.7145557650000001 0.8134715025 0.7334593574999999 0.8480138175 0.739130435 0.844559585 0.7107750475 0.8341968912500001 0.69565217375 0.7841105349999999 0.67863894125 0.7651122625000001 0.6540642724999999 0.6994818650000001 0.6068052925 0.6563039725 0.555765595 0.6062176162499999 0.46313799625 0.5958549225 0.4045368625 0.56994818625 0.34215501000000004 0.55094991375 0.328922495 0.53367875625 0.328922495 0.49222797874999996 0.35160680499999997 0.4525043175 0.4026465025 0.445595855 0.4366729675
7 0.58721934375 0 0.5993091537499999 0.06049149375 0.614853195 0.07561436625 0.6062176162499999 0.102079395 0.6338514675 0.11342155 0.651122625 0.1644612475 0.64075993125 0.21172022625 0.6683937824999999 0.23629489625000002 0.73920552625 0.2778827975 0.67875647625 0.10586011375 0.68393782375 0.06616257125 0.70120898125 0.0283553875 0.7046632125 0 0.58721934375 0
7 0.50431778875 0.262759925 0.50259067375 0.27221172 0.52677029375 0.283553875 0.554404145 0.283553875 0.56476684 0.2911153125 0.5613126075 0.29867674875 0.602763385 0.31758033999999996 0.7132987912500001 0.34404536874999997 0.8238341975 0.42722117249999997 0.87564766875 0.4820415875 0.9602763387500001 0.4612476375 0.96718480125 0.4536862 0.96718480125 0.42344045375 0.95164076 0.40642722124999997 0.8739205525 0.3799621925 0.687392055 0.24574669125 0.64248704625 0.22117202249999998 0.6200345425 0.21739130375 0.6096718475 0.2268431 0.5354058725 0.24385633250000002 0.50431778875 0.262759925
7 0.14507772 0.78638941375 0.16580310874999998 0.81852552 0.20898100125 0.8544423437499999 0.23661485375000002 0.86767485875 0.34715025875 0.8468809075 0.35751295375 0.80340264625 0.3557858375 0.77504725875 0.30224525 0.75803402625 0.2953367875 0.75047259 0.29706390375 0.737240075 0.2711571675 0.7202268425 0.21761658 0.7202268425 0.20034542375 0.72967863875 0.155440415 0.78638941375 0.14507772 0.78638941375
7 0.40587219374999994 0.7731569 0.39723661499999996 0.79773156875 0.39896372999999996 0.829867675 0.433506045 0.87334593625 0.45595854875 0.88846880875 0.48186528500000003 0.92438563375 0.5233160625 0.94706994375 0.60103627 0.95274102125 0.6701208975 0.93950850625 0.6804835925 0.9262759925 0.675302245 0.8809073725000001 0.687392055 0.8714555762499999 0.70984456 0.875236295 0.73229706375 0.8657844987500001 0.75474956875 0.8412098299999999 0.75647668375 0.8128544424999999 0.71502590625 0.7674858225 0.61658031125 0.75992438625 0.55613126125 0.737240075 0.5319516412499999 0.73534971625 0.47841105375 0.75803402625 0.42141623500000003 0.7618147449999999 0.40587219374999994 0.7731569
7 0.06908462875 0.625708885 0.07426597625 0.65784499 0.10017271125 0.6975425325000001 0.1502590675 0.73534971625 0.1865284975 0.7410207937500001 0.25561312625 0.7088846875 0.24870466375 0.669187145 0.2711571675 0.625708885 0.26597582 0.6068052925 0.11226252125 0.56521739125 0.09326424875 0.56899811 0.0794473225 0.58223062375 0.06908462875 0.625708885
7 0.50949913625 0.6843100187500001 0.518134715 0.73534971625 0.61658031125 0.7618147449999999 0.70639032875 0.75992438625 0.687392055 0.7221172025 0.6580310875000001 0.691871455 0.6079447325 0.648393195 0.56476684 0.6294896025 0.5388601037499999 0.63894139875 0.5319516412499999 0.65784499 0.50949913625 0.6843100187500001
7 1 0.45746691875 0.9827288425 0.45746691875 0.80656304 0.50283553875 0.687392055 0.54442344 0.65457685625 0.53686200375 0.651122625 0.5463138 0.69602763375 0.61058601125 0.73402418 0.63327032125 0.735751295 0.6200378074999999 0.74956822125 0.6068052925 0.80656304 0.578449905 1 0.53119092625 1 0.45746691875
7 0.39550949875 0.28733459375 0.39550949875 0.3345935725 0.42487046624999997 0.3686200375 0.47322970625000005 0.3686200375 0.49740932625 0.34215501000000004 0.5371329875 0.3232514175 0.55785837625 0.330812855 0.5734024175 0.3478260875 0.5941278062500001 0.38941398875 0.6373057 0.38563327000000003 0.651122625 0.396975425 0.72711571625 0.42155009499999996 0.7841105349999999 0.43289225000000003 0.8013816925 0.42344045375 0.7979274612499999 0.41020794000000005 0.7685664937500001 0.3818525525 0.71848013875 0.3459357275 0.63039723625 0.328922495 0.5474956825 0.29867674875 0.5388601037499999 0.28733459375 0.50259067375 0.28166351625 0.45768566499999996 0.26465028375 0.44905008625 0.25330812875 0.4265975825 0.25141777 0.4265975825 0.262759925 0.40069084625 0.27221172 0.39550949875 0.28733459375
7 0.26770293625 0.3686200375 0.26597582 0.3799621925 0.34715025875 0.3931947075 0.36960276375 0.38941398875 0.37478411 0.37807183375000003 0.35405872250000003 0.35727788250000003 0.33333333375 0.31568998125000003 0.33333333375 0.30245746749999997 0.31606217625 0.29867674875 0.27461139875 0.31568998125000003 0.2348877375 0.3459357275 0.26770293625 0.3686200375
7 0.227979275 0.5330812850000001 0.23316062124999998 0.53686200375 0.26424870500000003 0.54253308125 0.37132987874999995 0.5387523625 0.40587219374999994 0.5217391299999999 0.42314335 0.48771266500000005 0.41968911875000003 0.47448015125 0.360967185 0.45179584125 0.25561312625 0.4366729675 0.22452504375000001 0.47637050999999997 0.23143350625 0.5066162575 0.227979275 0.5330812850000001
7 0.81692573375 0.33648393249999997 0.85146804875 0.37051039750000003 0.93955095 0.41020794000000005 0.96718480125 0.4158790175 0.97409326375 0.41020794000000005 0.97409326375 0.35538752375 0.9637305700000001 0.32703213624999994 0.94991364375 0.3119092625 0.92573402375 0.3005671075 0.8894645937500001 0.31001890374999996 0.8359240075 0.308128545 0.808290155 0.2892249525 0.796200345 0.26465028375 0.77029361 0.262759925 0.75474956875 0.2797731575 0.75474956875 0.29300567125 0.81692573375 0.33648393249999997
7 0.63039723625 0.4612476375 0.6338514675 0.51417769375 0.651122625 0.54442344 0.71502590625 0.5387523625 0.74438687375 0.5217391299999999 0.75647668375 0.50283553875 0.76683937875 0.512287335 0.78238342 0.49716446124999997 0.81692573375 0.48960302499999997 0.81865285 0.48015122875000005 0.7979274612499999 0.4499054825 0.796200345 0.43100189 0.73402418 0.419659735 0.7046632125 0.4026465025 0.6321243525 0.38374291125 0.6062176162499999 0.4026465025 0.602763385 0.42911153125 0.63039723625 0.4612476375
7 1 0.55387523625 0.98963730625 0.54253308125 0.9792746112499999 0.54253308125 0.9326424874999999 0.557655955 0.93955095 0.5746691875 0.9326424874999999 0.59924385625 0.8963730575 0.6427221175 0.8860103625000001 0.6824196600000001 0.86701209 0.6975425325000001 0.86528497375 0.7088846875 0.8808290150000001 0.7221172025 0.87564766875 0.75803402625 0.8860103625000001 0.7674858225 0.9067357512499999 0.7618147449999999 0.9084628675 0.7334593574999999 0.94818652875 0.67863894125 0.98791019 0.6540642724999999 1 0.61436673 1 0.55387523625
7 0.7979274612499999 0.5860113425 0.81519861875 0.59924385625 0.8134715025 0.6654064275 0.8203799650000001 0.6824196600000001 0.87564766875 0.6899810962499999 0.91364421375 0.646502835 0.9188255612499999 0.62192816625 0.9032815200000001 0.59357277875 0.91191709875 0.5633270325 0.905008635 0.5519848775 0.89119171 0.5614366725 0.8290155437500001 0.57088846875 0.7979274612499999 0.5860113425
7 0.7167530225000001 0.76559546375 0.74438687375 0.76937618125 0.7599309150000001 0.78260869625 0.7772020725000001 0.81096408375 0.7789291887500001 0.83364839375 0.79101899875 0.8431001887499999 0.7944732299999999 0.8695652174999999 0.81865285 0.875236295 0.856649395 0.84877126625 0.87564766875 0.78071833625 0.8739205525 0.76370510375 0.8635578587499999 0.76370510375 0.8238341975 0.737240075 0.7892918824999999 0.7315689974999999 0.74611399 0.7126654062500001 0.5924006912499999 0.5879017012500001 0.48186528500000003 0.51984877125 0.50777202125 0.5765595462499999 0.6683937824999999 0.6994328925000001 0.7167530225000001 0.76559546375
7 0.31606217625 0.75803402625 0.3557858375 0.7788279775 0.37478411 0.7315689974999999 0.37996545750000005 0.65784499 0.39723661499999996 0.6200378074999999 0.38341968875 0.6068052925 0.26597582 0.6068052925 0.24525043125 0.65595463125 0.24870466375 0.6843100187500001 0.31606217625 0.75803402625
7 0.4265975825 0.7674858225 0.47150259125 0.76370510375 0.5250431775 0.7410207937500001 0.51468048375 0.7221172025 0.46113989625 0.6994328925000001 0.45423143375 0.66162570875 0.43005181375 0.66162570875 0.41278065625000004 0.6843100187500001 0.39896372999999996 0.78638941375 0.4265975825 0.7674858225