12 0.49346197875000003 0.68203423625 0.50230646 0.63777399125 0.51349221875 0.60937407 0.523012585 0.57206383 0.5190717862500001 0.5705694312499999 0.4890160025 0.56622244125 0.46160624499999997 0.5601175 0.41822025625000003 0.5527776437499999 0.37719983625 0.550374865 0.3733357625 0.5603990974999999 0.37147148625 0.5682423875 0.3668722275 0.5802704049999999 0.35936053625 0.5953549499999999 0.34792191125000005 0.61267458625 0.33874273250000003 0.62419379 0.33059487625 0.6385171175 0.32248077 0.65680576 0.31312166125 0.6817162525 0.30666457125 0.697408625 0.2991592975 0.70831421875 0.43665049000000006 0.7147934662500001 0.48251328125 0.71747168625 0.4870193275 0.71422876 0.49346197875000003 0.68203423625
12 0.635507085 0.51249427125 0.6485886412499999 0.4979761225 0.66546622 0.47868457875 0.67795025375 0.46734454124999997 0.64678850375 0.4436816725 0.60276803375 0.41353036000000004 0.5735311575 0.39064141125 0.56685596625 0.38209754500000004 0.5441073475 0.3721404725 0.5394987175 0.37563996000000005 0.5196360425000001 0.39539165375 0.493095645 0.42202995875 0.46321242375 0.47525718625 0.47714928 0.48261858500000004 0.48894782999999997 0.4903411225 0.50652101375 0.5003854025 0.5255316937500001 0.51159362125 0.55765034625 0.53236934625 0.58045017875 0.54324535 0.5971834324999999 0.5489475500000001 0.6167421175 0.5616457575 0.62161197875 0.54675606125 0.62699401125 0.52914226375 0.635507085 0.51249427125
12 0.85370198625 0.246247395 0.6801486525 0.29082142375 0.6882507237500001 0.31345257249999997 0.73602103125 0.3686630275 0.76825244625 0.42919877624999997 0.78586060875 0.45539470875 0.793481675 0.47671801125 0.80716692625 0.49285007875 0.90148062 0.45901832 0.9353814737499999 0.44881703375 0.95575434875 0.44097766875 0.9674646925 0.43668484999999996 0.93444057875 0.38423138875 0.89363355625 0.3190476825 0.867442365 0.26891279375 0.85370198625 0.246247395
12 0.26157505875 0.15965916375 0.253100485 0.1572321475 0.25787281875 0.17230859375000002 0.24530802000000002 0.18856336249999997 0.2025445775 0.2676604725 0.22238811875 0.28012425625 0.23493193999999998 0.27746732875 0.2293061925 0.29053119375 0.23626222500000002 0.2973649175 0.30443723 0.33935322125 0.398163825 0.390418515 0.39936739375 0.3873887325 0.4137173025 0.34815287625 0.43915013875 0.287057585 0.29813264375 0.17724748 0.26157505875 0.15965916375
12 0.3987772225 0.5092718475 0.46402121 0.4519100625 0.42680879625 0.42802929125 0.4000247 0.41259253375 0.3741454425 0.39610250625 0.35542049499999995 0.37915458375 0.34189441625 0.364630335 0.3187602625 0.34857714 0.2660458675 0.37331320375 0.22893971375 0.3977393975 0.18159597125000002 0.4540601575 0.24559244875 0.4933777125 0.29644775625 0.45597392124999997 0.31600913375 0.44591674750000004 0.34058864125 0.46180085875000004 0.3957246225 0.5068920275 0.3987772225 0.5092718475
12 0.17534053125 0.5512412062500001 0.22911559 0.5885331275 0.2844512225 0.62128423875 0.329941355 0.64249134 0.366273895 0.5808264937500001 0.3769791325 0.5502036637500001 0.4395915175 0.55518957625 0.44710716375 0.54939048125 0.31586342625 0.44669173125 0.22804771 0.50774667875 0.1989890375 0.5382425937499999 0.17534053125 0.5512412062500001
12 0 0.651394385 0.0209090125 0.65188980875 0.08828275125 0.65887298375 0.15636620375 0.6444751687500001 0.15092064125000001 0.66463532125 0.16750263875000002 0.66447045 0.1941533175 0.6635715225 0.21407045624999999 0.6676755375000001 0.23152752499999998 0.6760606 0.27246229499999997 0.6564080425000001 0.28399466375 0.63908557125 0.25426997 0.6035163275 0.19151608750000002 0.56315836125 0.11943723375 0.59000362625 0.057305892500000004 0.6123575 0 0.63627190125 0 0.651394385
12 0 0.9070727937499999 0.033181545 0.89518135 0.10107720499999999 0.8655628375000001 0.15696642625 0.83260702375 0.0458829325 0.6708346512500001 0 0.6831770275 0 0.792314605 0.027618713750000003 0.8172549825000001 0.03768730375 0.84881760375 0.02945910875 0.8522638675 0 0.8549822924999999 0 0.9070727937499999
12 0.4488380275 0.77259078875 0.3656691525 0.71398094625 0.29412547125 0.710981175 0.152946565 0.80210621625 0.21129258125 0.83188285625 0.2488413875 0.857374215 0.28158589 0.87624622375 0.32986035125 0.84928696125 0.38066602625 0.8134603812500001 0.4488380275 0.77259078875
12 0.488608715 0.71884827625 0.39672240000000003 0.71447586375 0.4036640125 0.7258300612499999 0.42826974125 0.73633461375 0.46012313875 0.7531172537499999 0.4450891675 0.7675634075000001 0.447596355 0.77491747 0.4425498425 0.7810694475 0.4566161725 0.7924592312500001 0.5780721025 0.72576358125 0.60453156375 0.7160640087500001 0.5084282375 0.63421687375 0.50527606375 0.6336472125 0.488608715 0.71884827625
12 0.35992482125 0.93524307 0.39824883875 0.93757977625 0.43873792625 0.941286975 0.50524749 0.9354555474999999 0.51830775875 0.8982057225 0.54588039125 0.8256470375 0.50563104625 0.827107745 0.4850381325 0.83032843875 0.46046353125000006 0.825733895 0.43015784500000004 0.8195886312499999 0.42023649625 0.8086381149999999 0.40720763374999996 0.81407167 0.3973410075 0.81930886125 0.3869054175 0.8261444125 0.3850744175 0.8272307999999999 0.37861863625 0.8301505362499999 0.37667845875 0.83110152375 0.375546245 0.8321810924999999 0.36339712375 0.84178429125 0.35314307749999996 0.8498928375 0.351249835 0.8589681525 0.35899974375 0.87251283875 0.3665785975 0.8966317675000001 0.37213727124999996 0.905723965 0.37620763625000003 0.9162891925 0.35992482125 0.93524307
12 0.45259707875 0.982609415 0.54683571875 0.96184329125 0.5649516025 0.96765744125 0.57443069375 0.9641825787499999 0.6110799 0.94597752375 0.552511335 0.83646266 0.5487056675 0.8331615325 0.50672652625 0.9349412312500001 0.45693485125 0.94020888625 0.447595905 0.9733126824999999 0.45259707875 0.982609415
12 0.5407731474999999 0.81460428625 0.55032496875 0.83283295375 0.5700172450000001 0.86615950125 0.62672268625 0.85173232375 0.702310315 0.82799821875 0.6837421874999999 0.7697435225 0.55428076375 0.74552200875 0.537155885 0.75100468875 0.53897202375 0.7606739975000001 0.5292254075 0.7655719625 0.5407731474999999 0.81460428625
12 0.77297736625 0.65188817625 0.7409930287500001 0.663613075 0.726097095 0.6636447637499999 0.69665391 0.68448160875 0.70948447375 0.68412125625 0.73085044 0.6836178700000001 0.7690274574999999 0.6926956350000001 0.8279127024999999 0.7047684675000001 0.8656512175000001 0.7161785275 0.94366510375 0.68025097375 0.9404795325 0.674819355 0.823166055 0.64516197625 0.78645684875 0.6537329275 0.77297736625 0.65188817625
12 0.67105603375 1 0.60248376875 0.9540229024999999 0.56546831875 0.9684579600000001 0.548474675 0.96261044 0.44546976125 0.9811888875 0.44346136875 0.9918710274999999 0.42645622625 0.9934870499999999 0.43200247124999996 1 0.67105603375 1
12 0.91868420875 0.59304797 0.90261491375 0.53812719375 0.8911629487499999 0.50140042625 0.87573365625 0.4951810125 0.8507979075000001 0.49121295625 0.83242111875 0.49030262125 0.80991922875 0.49236100625 0.8002220149999999 0.49081787749999994 0.78498347875 0.48839295 0.7676669975 0.4856373575 0.7376312199999999 0.47844095000000003 0.7216691725 0.47227570625 0.7371766112500001 0.56053926125 0.7566665075 0.620032335 0.8035894275 0.62467966875 0.87121857625 0.63302476875 0.9253621649999999 0.63720994 0.91868420875 0.59304797
12 0.6897344137499999 0.786363195 0.69402231375 0.80095309625 0.698577165 0.790750545 0.7139373725 0.79319483375 0.702214245 0.81815104625 0.69746194125 0.8387528500000001 0.70450733 0.84335088125 0.708267295 0.8513996899999999 0.73470487875 0.86504401 0.7420968550000001 0.8771476749999999 0.7413180762499999 0.8859643237500001 0.75282764375 0.88084207375 0.77457734875 0.8773493487499999 0.795329645 0.8791615912499999 0.8417043599999999 0.81948693375 0.85497400625 0.80967778125 0.85560872 0.8063018925000001 0.8474006824999999 0.798538655 0.8548248725 0.79177289625 0.85280887875 0.7884718975 0.84607279375 0.7869032775 0.8298058525 0.789281685 0.82383243875 0.78833112875 0.74766104625 0.74938815375 0.727271445 0.7456468325 0.7035430300000001 0.75031477875 0.7005135225 0.7617534575 0.6893132587499999 0.76990511875 0.68777180875 0.77810370375 0.6890251325 0.7807866400000001 0.6917665137500001 0.7802294825 0.6897344137499999 0.786363195