17 0.47737212375 0.14916716375 0.41645495250000003 0.19915921 0.41173828 0.21084268125000002 0.43856330125 0.22318306375 0.48824952625 0.23072880625 0.5444653712499999 0.2048223475 0.59730116375 0.2087131475 0.6201623675 0.20391850749999998 0.65113564875 0.1700452525 0.6584488212499999 0.13257878375 0.64500561375 0.10160436499999999 0.60158782125 0.061944507499999996 0.52532241125 0.028318180000000002 0.49508664 0.02097083 0.45014778375 0.026545843750000003 0.38709509124999997 0.050036252499999996 0.36872007125000006 0.06928973499999999 0.3537864975 0.108354415 0.36272817 0.11246787625 0.433170775 0.11352157 0.48152038249999995 0.10295352625 0.49493289124999995 0.1091237175 0.48655963375 0.1395404225 0.473423655 0.14443425875000002 0.47737212375 0.14916716375
17 0.11417398875 0.187696275 0.1110704675 0.22855756124999999 0.13374722875 0.28711158000000003 0.170328175 0.32435538625 0.16720930750000002 0.35281456 0.17854768624999998 0.3820915675 0.188272915 0.382190765 0.20741613999999997 0.34652090375 0.2030530075 0.219104945 0.18987098375 0.18679243625000003 0.16488960625000001 0.17748755125 0.11417398875 0.187696275
17 0.2092597825 0.34955640000000004 0.17270953375 0.3371168225 0.16590338375000002 0.35950499874999997 0.1727709275 0.38672527875 0.19802883999999998 0.40709418999999997 0.21116481625 0.402200355 0.25375301 0.40866813375 0.28371224875 0.4049514575 0.36830487375 0.37095473875 0.38114897 0.3425947625 0.36852001375 0.33241030625 0.33040265625000004 0.32799925625 0.2092597825 0.34955640000000004
17 0.61071367375 0.21488333874999999 0.59519633625 0.20701573750000002 0.56207218625 0.2019852425 0.53474014375 0.20472315 0.47589710375000005 0.2316083775 0.42255429125 0.2427958675 0.35924041500000004 0.26762436375 0.27567717875 0.2838666175 0.2502041275 0.30204213875 0.34141846000000003 0.30900589875 0.36875050125000003 0.30626799125000004 0.39188824125 0.31253737875 0.43524464 0.30258878 0.5361688525 0.29724962125 0.5971013712500001 0.25965969125 0.61071367375 0.21488333874999999
17 0.88446411125 0.32258941999999996 0.86473712125 0.31132700125 0.8253445374999999 0.33841062 0.81354518 0.3614182425 0.84905068875 0.37921017375 0.89821454625 0.38943209375000004 0.902147665 0.381762885 0.88446411125 0.32258941999999996
17 0 0.49124990875 0.01944093875 0.52325880125 0.12606490375 0.66344939375 0.06290451 0.8122990299999999 0.05906348 0.89438092375 0.0693110775 0.8918039425000001 0.09055913 0.8578314899999999 0.13878595000000002 0.7480465325 0.1665943175 0.7054261062499999 0.17658073000000002 0.70418721375 0.20236101250000002 0.7218799487500001 0.2622794875 0.7144465975 0.27672138875 0.70286232125 0.21803209625 0.64159466125 0.27260409125 0.5617061600000001 0.27910301125 0.50344972875 0.20529570249999998 0.5445954075 0.18246519249999998 0.574194275 0.17115750875 0.5697214925 0.141674595 0.5335556499999999 0.10458663 0.51139013375 0.09747324875 0.49791005624999995 0.03753942625 0.49294129249999996 0.0017727312500000001 0.47648745 0 0.4806036275 0 0.49124990875
17 0.5200365275 0.64199357 0.52449201625 0.6316481862500001 0.50499551625 0.59424345125 0.46131653875 0.5559216825 0.46051763625 0.5475338325 0.4242285725 0.533756165 0.4199882225 0.50555711875 0.36132962874999996 0.46909368625 0.32295108499999997 0.46602072624999996 0.297462685 0.47179413125 0.28408087 0.49042817 0.27861134 0.53093013375 0.31729711 0.56987134875 0.37174605499999996 0.6029399625 0.40785067499999994 0.6800662875000001 0.43467569625 0.69240666875 0.5200365275 0.64199357
17 0.65990769625 0.6742575412499999 0.6852116524999999 0.7318327925 0.7115296524999999 0.759251465 0.73256256625 0.7638234425 0.7433325325 0.7585702875 0.7637816825 0.716209985 0.74107422375 0.63285173625 0.7042474425 0.60934813375 0.67559412875 0.60637436875 0.65380835875 0.6306208825 0.65990769625 0.6742575412499999
17 0.6592471925 0.56531468875 0.599789695 0.5204634075 0.5168872274999999 0.43347448499999996 0.50909773125 0.5108234712499999 0.55780061125 0.57333002375 0.6551449775 0.6487346700000001 0.6874241825 0.6081709737500001 0.6592471925 0.56531468875
17 0.8099190249999999 0.6171297325 0.7897003637500001 0.6333477187500001 0.75053826625 0.63428902 0.7384777250000001 0.6586347324999999 0.75090688875 0.7197657325 0.7263248287499999 0.82074178625 0.7799748700000001 0.84542255 0.7810349575 0.8524723125 0.6722752025 0.89795411125 0.660998215 0.9182855587500001 0.7114526487499999 0.9094149225 0.7395835925 0.91506486375 0.8005468062500001 0.90227916 0.8501869875 0.8726185624999999 0.8940350599999999 0.83518955875 0.9063414387500001 0.797103645 0.9018399062500001 0.7702426875 0.876566645 0.7374716625000001 0.89203793625 0.70813292 0.8801771875 0.6815320862500001 0.95323164 0.66920489875 0.9655073224999999 0.6063147575 0.9547220075 0.5991658012500001 0.92712878125 0.6032417975 0.9349950174999999 0.58790338375 0.9089535525 0.57154873625 0.89233008375 0.5194250325 0.8699605512499999 0.49673926625 0.8349927587499999 0.48867327375 0.815311815 0.5146171975 0.8085210112500001 0.54940748875 0.8099190249999999 0.6171297325
17 0.76109335875 0.4554062675 0.6943380349999999 0.4604235675 0.5833813674999999 0.42979527375000004 0.56053550875 0.44699202625 0.56844779125 0.46885995375 0.59396688875 0.487890775 0.592660965 0.49458121624999996 0.5695232275 0.48831182875 0.5360918474999999 0.44741307999999996 0.5166260425 0.43481257375 0.50803764375 0.5037737087499999 0.52042076375 0.52769836625 0.56884711125 0.5791408925 0.626706805 0.607216475 0.662196965 0.61260629125 0.6966270412500001 0.61094634625 0.728675755 0.596524965 0.75997161375 0.6109220775 0.77704071 0.598359035 0.80701529625 0.60704447375 0.8149122325 0.61651028625 0.81700170875 0.6058055825 0.8085517074999999 0.5742117175 0.8234392375 0.497940695 0.81445152 0.45662089125 0.8151429849999999 0.37819394250000005 0.77728681125 0.37244480625000004 0.774152595 0.3885018625 0.8033436275 0.40120156375 0.7450076087499999 0.41300850125 0.68980580625 0.40875838125 0.6866562412499999 0.412413325 0.7902383462500001 0.43089962875 0.8036508575000001 0.43706982000000005 0.80234493375 0.44376026125 0.7697584999999999 0.4484557025 0.76109335875 0.4554062675
17 0.80850619375 0.11265731875 0.79772087875 0.10550836125 0.7262181875 0.097404905 0.7093335325 0.04661928875 0.68330741375 0.0426667575 0.6733977425000001 0.10591621875 0.7152637762499999 0.16600672 0.7321791262499999 0.24159656375000002 0.71724555125 0.28066124375 0.7411668425000001 0.28291636625 0.74694360375 0.27828265625 0.76160064625 0.22815395 0.7589427537500001 0.20432848750000002 0.81431365125 0.13282783625 0.80850619375 0.11265731875
17 0.44370998875 0.34658475875 0.43770274125 0.37736078624999997 0.37200750499999996 0.38942784625000004 0.368596755 0.3944208775 0.47531307624999997 0.396850125 0.5360918474999999 0.44741307999999996 0.55105611875 0.4331526275 0.57864934375 0.42907663125 0.6743498625 0.4504992375 0.6646092862499999 0.43799792625 0.68037246125 0.43212532375 0.6677281549999999 0.40953875625 0.7379095750000001 0.41193053874999996 0.8009776162500001 0.40084224375 0.76047890125 0.38366975875000003 0.9012259775 0.2741581225 0.86255555375 0.24761902125 0.8370671537500001 0.2533924275 0.8120857725 0.24408754375 0.8094278825000001 0.22026208125 0.7967989262499999 0.21007762625 0.7826028624999999 0.2079217 0.7734153512499999 0.21754844125000003 0.7345297875 0.22955377 0.6785444312500001 0.22931791375 0.6267994237500001 0.25728110375 0.56138072125 0.28041219125 0.5493048312500001 0.29235578624999997 0.5261824399999999 0.29848851374999996 0.4883723125 0.32994572 0.44370998875 0.34658475875
17 0.47800193 0.23330578625 0.45749138625 0.22605763125 0.43777974625 0.2271973275 0.41147709624999995 0.21218076875000003 0.41278301999999994 0.20549032875 0.4831642325 0.1569355675 0.50335219625 0.11591335375 0.48178156625 0.1016154375 0.43343196125 0.1121834825 0.35563013750000005 0.11138991250000001 0.31175136875 0.12401468624999999 0.28464981500000003 0.10061028 0.3180198025 0.0919005725 0.33215447500000006 0.0444480425 0.28378951874999997 0.0426139725 0.23123026124999999 0.049787198750000004 0.14868106875 0.0358728725 0.09321808250000001 0.03296084 0.0679755175 0.0249940425 0.056222205 0.08520800749999999 0.07094063874999999 0.0846877575 0.1235305925 0.10231876 0.1785019075 0.13271119750000002 0.17404641875 0.1430565825 0.12305426875 0.14220128 0.11701632375000001 0.14817307875 0.18698260375 0.18910929124999998 0.20329884374999999 0.20536474125 0.36345006750000003 0.2710191825 0.47800193 0.23330578625
17 0.40231975 0.670959795 0.41438029375 0.64661408375 0.37779934875000004 0.6093702775 0.3086166225 0.56441980125 0.27312646 0.559029985 0.240340235 0.61467197125 0.28663105875 0.6396128600000001 0.28506395125 0.6476413875 0.2666735825 0.6544927575 0.26353936625 0.670549815 0.2880290725 0.7073351025 0.25965229125 0.715425365 0.17266295875 0.724258535 0.15952698125 0.7291523712500001 0.15717631875000002 0.74119516375 0.17032764374999998 0.74870344125 0.206862545 0.7487409062499999 0.21293118625000002 0.76757333625 0.24527178374999997 0.77661809625 0.23926453375 0.80739412375 0.253491295 0.8343542775 0.3005810225 0.8676830162500001 0.28429548 0.876231795 0.2874603925 0.88497896375 0.3213681 0.885995195 0.32874266375 0.898137185 0.3805337175 0.9073803375 0.41235194375 0.9191012737500001 0.480674375 0.9060554449999999 0.59055561 0.91723186375 0.62813524875 0.911916975 0.6738269625 0.87752346875 0.7048462875 0.880856555 0.7408434712499999 0.87116808125 0.7678836325 0.8449640325 0.719226795 0.8196638224999999 0.7065824912499999 0.7970772537499999 0.6834294049999999 0.7784057525 0.68341405625 0.7660036375 0.7191500550000001 0.75765325125 0.7201947937500001 0.7523009 0.6888835874999999 0.72550167375 0.65622041375 0.66818654625 0.6181030574999999 0.66377549625 0.5941971125 0.67392248625 0.57211946125 0.67470286125 0.5479062875 0.64898159875 0.51740933125 0.6429723375 0.42862240375 0.68597635375 0.40231975 0.670959795
17 0.25427485 0.83034001375 0.24505664375 0.8151625262500001 0.24789897875 0.7756393287500001 0.1903311675 0.7710298874999999 0.17509036375 0.77422631375 0.13182605125 0.85858759625 0.08719442499999999 0.900030865 0.08276963374999999 0.9351804749999999 0.15507122750000002 0.9516717825000001 0.18188089999999998 0.95161005 0.20337478999999997 0.9038973962500001 0.2285866575 0.8870599625 0.264845025 0.8760334025000001 0.29136281625 0.85250553 0.25427485 0.83034001375