14 0.9795006975 0.29130638625 0.94807151 0.242529575 0.77721750375 0.09878501875 0.6547177125 0.1081951875 0.47989380125 0.24949629874999998 0.4542961975 0.32248171 0.4713670175 0.34503829875 0.46067161624999997 0.38469179875000004 0.4688415925 0.40006475125 0.51816167 0.4354800975 0.5740029575 0.4512842075 0.72125630375 0.48526312 0.7807845375 0.48648450875000004 0.92869490375 0.35272611 0.9732231075 0.3081878525 0.9795006975 0.29130638625
14 0.31029051750000003 0.1184667375 0.2563502425 0.24173734125 0.256748285 0.26400653625 0.3219210725 0.33562732875 0.41251306 0.38972018625 0.42461360249999996 0.38778064624999997 0.5004645375 0.20610735 0.5086911075 0.16738771 0.45998008625 0.125147935 0.45464437625000004 0.10474646625 0.32534714000000003 0.1101337925 0.31029051750000003 0.1184667375
14 0.9187888599999999 0.7310150299999999 0.8624843074999999 0.6402140224999999 0.831331355 0.6150712925 0.75539794625 0.53037629625 0.73723082375 0.52010368 0.61963609 0.5012822725 0.51683037375 0.557314135 0.50747489375 0.5819538925 0.51415052875 0.58734162 0.53911509375 0.60163707875 0.58334308375 0.61392118375 0.7500794925 0.72361541375 0.8274094150000001 0.7392040775 0.8564263599999999 0.7348221599999999 0.903488615 0.74207774625 0.9187888599999999 0.7310150299999999
14 0.8051456825 1 0.848184435 0.9608185337499999 0.85507108 0.93711263875 0.79239111 0.7841015412500001 0.7566659225 0.7567318799999999 0.7264874575 0.7206700637500001 0.7030172349999999 0.7163598287499999 0.64833746625 0.7409994525000001 0.5980755087499999 0.74286704375 0.5831406975 0.7498351025 0.43175439875000005 0.86908259625 0.39807601875000004 0.89896631875 0.3942672625 0.914913925 0.42222051625 0.9491798300000001 0.4270689825 0.97504084375 0.448865415 1 0.8051456825 1
14 0.45104031 1 0.4245279875 0.97049403375 0.41796406750000004 0.9497037987500001 0.4031881925 0.9265894299999999 0.39386306875000004 0.90529211 0.42034274375 0.87588164 0.46984353749999996 0.8400905012500001 0.52427432625 0.7962283775 0.5694900075 0.7612823562500001 0.59337097125 0.74526720125 0.6286741925 0.7427741675 0.6518386175 0.7347877525 0.58985486625 0.72177255625 0.5444766962500001 0.74281617875 0.4683337375 0.7941153862500001 0.4343061725 0.8294840050000001 0.39723079 0.8675570337499999 0.36488962375 0.91547585 0.34796921500000005 0.9792831662499999 0.3581040225 0.9915080125 0.40434484249999997 1 0.45104031 1
14 0.99020249125 1 0.9975723275 0.9174215125 0.94251076625 0.92118218125 0.9029940825 0.9237174575 0.8524325937499999 0.92422438875 0.8529725312499999 0.9496205675 0.8487782575 0.9651709599999999 0.8154672275 0.99251083875 0.80856846375 1 0.99020249125 1
14 0.30779131 0.56470418625 0.25199402625 0.5609854475 0.25181743125 0.59441036625 0.37983590375 0.60649611125 0.4624378375 0.6086091825 0.49729195750000005 0.59542524625 0.520346365 0.5572254050000001 0.48316096625 0.5650850125 0.422720305 0.56622576 0.30779131 0.56470418625
11 0.39768901624999997 0.63601024125 0.38504032250000003 0.64409176625 0.37740650375 0.66280504875 0.3488811175 0.7151375725 0.36095336625 0.74024432625 0.40105176625 0.75870632625 0.44813032625 0.7791438374999999 0.46835193375 0.7530314699999999 0.490583425 0.70439849 0.49824554 0.65863891125 0.46457915 0.6482944125 0.4362930725 0.6444870162499999 0.39768901624999997 0.63601024125
11 0.331863525 0.7855369075 0.29241110375 0.84002448125 0.2713368175 0.8756910462499999 0.29557051624999997 0.8981758212500001 0.3278969825 0.92353406125 0.34722131125 0.9208402649999999 0.36905907374999997 0.9033482349999999 0.39458378125000004 0.87127348875 0.4394165125 0.82332301875 0.44903192 0.80913541375 0.436854165 0.79857547125 0.41826070375 0.7930799537500001 0.40640378 0.7922897225 0.39620761375 0.78625545875 0.36816515875 0.77971829125 0.34975441375000005 0.77217544375 0.331863525 0.7855369075
11 0.50818755625 0.1596653275 0.5314141575 0.166705335 0.58414494625 0.16390388250000001 0.6125202275 0.13998254125 0.64065188375 0.1187909725 0.6631150075 0.10765644249999999 0.70720488125 0.10812350625 0.7496785975 0.09997023249999999 0.7391615987500001 0.08416625875 0.72459222 0.08703965875 0.7145787699999999 0.0789580675 0.6819803862499999 0.0833758925 0.62129494625 0.09512091874999999 0.52313436 0.11246904875000001 0.47586109249999997 0.1343070875 0.50818755625 0.1596653275
11 0.49529092625 0.1170664775 0.517388615 0.110026605 0.53997355125 0.0975271875 0.5596633125 0.09073873375 0.5956604187500001 0.08833233 0.618915315 0.0683260425 0.6343210662500001 0.042716513750000004 0.58139125375 0.03438337 0.52971707375 0.02354298125 0.41714014 0.01853956125 0.4044673075 0.02547517125 0.39072231125 0.0458406675 0.3961798325 0.06487725250000001 0.40689585375 0.09181582499999999 0.4321649475 0.10269907 0.458225815 0.1047105575 0.46447510875 0.114875385 0.49529092625 0.1170664775
14 0.8514575474999999 0.16236019249999997 0.8923194225000001 0.19899672875 0.9006232024999999 0.1727765725 0.92262737625 0.14005529 0.9122321875 0.12288643125 0.88433984 0.08793808125 0.8362258837500001 0.0791020975 0.75760063875 0.06466280875 0.66019921625 0.04677533125 0.638954205 0.044261005000000006 0.62464475375 0.05758656125 0.65413695125 0.08797332125 0.68815247 0.08104123625 0.71569137625 0.0798560225 0.72471403125 0.08567477374999999 0.7428039425 0.0834479075 0.7519647150000001 0.10108369874999999 0.7770956925 0.10014990375 0.8514575474999999 0.16236019249999997