13 0.28215295 0.52503285875 0.27675215625 0.5320945225 0.273948845 0.5437656937500001 0.44838334125 0.72389752625 0.4475833325 0.6946076612500001 0.32436399375 0.56858977 0.28215295 0.52503285875
13 0.4205685475 0.7372306562500001 0.44800531624999995 0.7484642499999999 0.36369562375000003 0.6680371074999999 0.35945275125000004 0.6744094925 0.35778393999999997 0.68736258375 0.4205685475 0.7372306562500001
13 0.38012937874999997 0.51925507625 0.3713292625 0.52560324375 0.3992485675 0.7022264800000001 0.42039118375 0.72223806125 0.385249595 0.52512080625 0.38012937874999997 0.51925507625
13 0.4678438675 0.7325316024999999 0.4644207075 0.7508370275 0.4710124975 0.75989595375 0.6220364275 0.77331098 0.5962539375 0.75266012125 0.5504507787499999 0.7459887550000001 0.4678438675 0.7325316024999999
13 0.45176518 0.60590795875 0.45022663749999997 0.61573360625 0.45227978125 0.626479315 0.45365283624999997 0.62511251625 0.45360859625000005 0.62634690125 0.53216408125 0.72783635375 0.5416601675 0.7093040125000001 0.45893974625 0.606030335 0.45176518 0.60590795875
13 0.63736785625 0.74401907375 0.2390668725 0.484396215 0.1836312025 0.45065928 0.17683537875 0.44762628499999996 0.170993225 0.4638501 0.17211621375 0.47704150375 0.62789433125 0.77028368125 0.63411609625 0.7691981162499999 0.63857337 0.7567528950000001 0.63736785625 0.74401907375
13 0.45861836375000004 0.673592515 0.46903290499999994 0.73408519875 0.47544225249999994 0.73408519875 0.44896860250000004 0.61868185125 0.39526081249999995 0.38092809375000003 0.35920280624999995 0.2287592025 0.3499152175 0.2328149075 0.3421864025 0.23668889499999998 0.44254130875000003 0.6694685975 0.445005125 0.6761246887500001 0.44677296624999996 0.67450572875 0.45861836375000004 0.673592515
13 0.2302371 0.2892696 0.2224512125 0.3151830275 0.25707433875 0.3492808325 0.3998036725 0.4864078925 0.3896175675 0.44353830125000004 0.24724802125 0.3035024825 0.2302371 0.2892696
13 0.67007272375 0.53618921 0.66342720375 0.52621953875 0.6631744025 0.52712464875 0.5217345625 0.739797315 0.543989245 0.7467719562499999 0.6724470175 0.54928067625 0.67007272375 0.53618921
13 0.64478794625 0.7245542424999999 0.46673862125 0.48840077375 0.4073461625 0.40973464625 0.40322884875 0.41291918375000003 0.4114482575 0.44936870125 0.5734957275 0.66418013 0.64839347125 0.7650540812500001 0.64478794625 0.7245542424999999
13 0.896068215 0.80173242875 0.8954159825000001 0.7744019425 0.73469791 0.6533393037499999 0.5644826574999999 0.52475726875 0.553576635 0.51821738375 0.59069603375 0.57687429625 0.7275010224999999 0.6783398549999999 0.8876889649999999 0.8119701725 0.896068215 0.80173242875
13 0.6833572237500001 0.9021560975 0.67252435875 0.7774208275 0.6562598850000001 0.50046001875 0.65035015875 0.49402812625000003 0.6435675474999999 0.49192416875 0.6376382225 0.49728992875000005 0.6356836862499999 0.5036845275 0.6543180074999999 0.90235994875 0.6631104999999999 0.91286231875 0.67460166625 0.914406635 0.6833572237500001 0.9021560975
13 0.8068748474999999 0.52512533875 0.84973629125 0.45392825000000003 0.84973629125 0.441370995 0.8590507675000001 0.42201849875 0.87098195125 0.4204391925 0.9179405675 0.34486265875 0.91487525875 0.33115468625 0.9056974025 0.32211293124999996 0.67147114875 0.70402975 0.6824723912499999 0.72471684875 0.69360056 0.70887334625 0.8068748474999999 0.52512533875
13 0.7278566474999999 0.32268870875 0.72263080625 0.31981849625 0.7132458837500001 0.3195878025 0.71371925125 0.741005545 0.7276008775 0.7386093475 0.72664739375 0.41135498125 0.7278566474999999 0.32268870875
13 0.786206705 0.2615495925 0.7793964775000001 0.24610902875000001 0.7693981700000001 0.2462916775 0.6647992625000001 0.641432935 0.6684563775 0.68702115875 0.6974847775 0.5832367374999999 0.786206705 0.2615495925