2 0.8106100949999999 0.47930396125 0.790582195 0.48319021999999995 0.7620668875 0.5015572125 0.74471874 0.5242554425 0.73565033 0.6597142625 0.7498705712500001 0.6891207149999999 0.7829322925 0.72088190125 0.8507483324999999 0.73436509 0.88731129375 0.720284835 0.9223809237499999 0.68115161625 0.93524068 0.63544367 0.9338137725 0.5853599899999999 0.91703822375 0.5392293125 0.88179452875 0.49700714375 0.85284786875 0.48199243125 0.8106100949999999 0.47930396125
2 0.7883582174999999 0.7334751300000001 0.75492316375 0.69545070375 0.7289715625 0.6783927425 0.68792021125 0.66946328125 0.64836218875 0.68558678375 0.61822070625 0.7289622437500001 0.610853295 0.76223270375 0.60672143375 0.84978458875 0.6198132775 0.912550495 0.635095495 0.933628205 0.71931375 0.9869788287500001 0.72480609625 0.9745413424999999 0.76087128125 0.9521101012500001 0.79569202375 0.9088013875000001 0.806361405 0.904781635 0.82739325875 0.8654481762499999 0.8158527675 0.8548536975000001 0.81018635625 0.78593579375 0.7883582174999999 0.7334751300000001
2 0.61651895875 1 0.6503777125000001 0.95470591625 0.6497554925 0.94426718125 0.61607155 0.90206726 0.60672143375 0.84978458875 0.6045478599999999 0.787174425 0.52007231625 0.78179748375 0.46909824624999996 0.7894142574999999 0.4687165125 0.835300195 0.46322416625 0.8477376825 0.46957922125 0.90206360375 0.45072934 0.9518580475 0.42033896875000004 0.99105801375 0.42336508500000003 1 0.61651895875 1
2 0.40725559875 1 0.43506538874999995 0.97666627375 0.4606520575 0.935311815 0.4693303325 0.8978881099999999 0.4638463875 0.85817641625 0.44420022125 0.8161767375 0.4191861525 0.7887022899999999 0.38811553875 0.7903450575 0.321925675 0.7518534025 0.29528543125 0.7493874225 0.26365061749999996 0.7677099175 0.24130790000000002 0.8111966225 0.22657307875000002 0.8777375399999999 0.23872738999999998 0.9509199337500001 0.26629676375 0.9951186062499999 0.2737232075 1 0.40725559875 1
2 0.11949831124999999 0.571658275 0.11338374375 0.5736570274999999 0.10315411625 0.5589093024999999 0.09734645875 0.59220201125 0.11031385875 0.65288017 0.1313953325 0.69281435375 0.16819878 0.7350587725 0.19558568875 0.7500512349999999 0.22690519125000003 0.75258396 0.25267432625 0.74043571125 0.2941074125 0.70347923375 0.2909963075 0.65128555875 0.26416519625 0.6717625475 0.2274777925 0.68375505375 0.19784248625 0.68333232375 0.1738239725 0.6725598537499999 0.1377091675 0.6157234537499999 0.11949831124999999 0.571658275
2 0.26486224125 0.60502138875 0.264679775 0.5758151775 0.2458466975 0.5213112625 0.22625855250000002 0.5064300475 0.2010536175 0.5018985687499999 0.1951299175 0.48095435125 0.18190522874999998 0.46824987625 0.1550160975 0.4616084025 0.124625725 0.5008083675 0.1156985625 0.53405657875 0.11949831124999999 0.571658275 0.1430106475 0.62622893625 0.1738239725 0.6725598537499999 0.18511557499999998 0.6789788375000001 0.22123878000000002 0.6836660587500001 0.2717150725 0.6676982975 0.30185655624999996 0.6243228375000001 0.30392248625 0.58054689625 0.29649705375 0.5866988925 0.28545434000000003 0.5844554012500001 0.27927335 0.6114848700000001 0.27041260875 0.619702365 0.26486224125 0.60502138875
2 0.52664344 0.6567329 0.54224096875 0.6569553899999999 0.5266518412500001 0.6045837224999999 0.50800122875 0.57928601875 0.4867288875 0.5622948050000001 0.45996419875 0.5577410775 0.41535358625 0.5675345924999999 0.38839803250000005 0.585923835 0.3809061775 0.6171065475 0.36867704250000005 0.62110405 0.36318469625 0.6335415375 0.36953975 0.68786745875 0.38881258375 0.7236038975 0.41526196 0.749012845 0.44489726500000004 0.74943557625 0.48789010374999997 0.71250135 0.47017702375 0.6767871599999999 0.46724838625 0.6537996925 0.4861562875 0.63112371125 0.5079928275000001 0.6314351975 0.52664344 0.6567329
2 0.7621913325 0.50364495875 0.7921419475 0.48321246875 0.8433649049999999 0.47977119 0.8356325649999999 0.45462922874999995 0.8111162725 0.43550576999999996 0.7776147975000001 0.42251206 0.73706122125 0.42193358625 0.6822790025000001 0.44409784125 0.65020443375 0.48118781125 0.6507022100000001 0.4895388 0.66873060125 0.5043977675 0.6571236874999999 0.518834005 0.66529578625 0.52520849125 0.6696597325 0.54613046 0.6903678750000001 0.57980140125 0.68081849125 0.60261087625 0.68798663375 0.64443256625 0.7321574912500001 0.6534065250000001 0.73141082625 0.64088004125 0.74301774 0.626443805 0.75095775 0.5243444375 0.7621913325 0.50364495875
2 0.7950209675000001 0.42693229250000003 0.7910387525 0.36012438625000004 0.7831819675 0.33289467875 0.76715308375 0.29929048375 0.7321582775000001 0.26124380875 0.68979606 0.2564675925 0.6670219875 0.2665725925 0.66596001125 0.2749013325 0.6534819875 0.27472334 0.6379424812500001 0.30161931249999996 0.62832667375 0.34945950375 0.6296955599999999 0.37242472249999997 0.6386143225 0.39132569125000005 0.648719505 0.4039856675 0.65820246625 0.4062069075 0.66912073625 0.40636265125000004 0.6948898712499999 0.39421440124999996 0.69950270625 0.41931186375 0.7062394949999999 0.4277518475 0.744859985 0.42204483125000003 0.7950209675000001 0.42693229250000003
2 0.7707871675 0.20338761125000002 0.7715338337500001 0.215914095 0.7560607487500001 0.2177793525 0.75100815625 0.21144936375 0.75518963875 0.2031651225 0.75444297375 0.19063864 0.7491414949999999 0.1801331575 0.73448149625 0.1694941825 0.700922 0.1293820075 0.6969894050000001 0.1418417425 0.6811429875 0.13744376 0.6522543475 0.14954751125 0.6597958237500001 0.19763244125 0.6703987825 0.21864340625 0.685681 0.23972111625 0.7116326012499999 0.2567790775 0.7461960525000001 0.26144404875 0.7560523474999999 0.26992853125 0.7825681475 0.27030676375 0.7934948175 0.21831332750000002 0.7935612412499999 0.1932826125 0.79019284625 0.18906262000000001 0.7792745762500001 0.18890687750000001 0.7707871675 0.20338761125000002
2 0.57702127625 0.09006714 0.54089807125 0.08537992 0.5198081962500001 0.09759491625000001 0.5025844912499999 0.12238089375 0.49328399500000003 0.14936586125 0.49502621374999994 0.1785943225 0.5338871925 0.22921197875000002 0.5470454575 0.26694716875 0.55047187375 0.29828562375 0.6052456912499999 0.3282705475 0.6379424812500001 0.30161931249999996 0.65504174125 0.27474558875 0.66116470875 0.22059765875 0.65736496125 0.1829959625 0.6427713862500001 0.14732627 0.6191926275 0.11778632625 0.57702127625 0.09006714
2 0.43875906625 0.1235564325 0.44655783 0.12366767625 0.45697832374999997 0.1154724325 0.4952254825 0.10350217375 0.5026509149999999 0.09735017875 0.51693757875 0.1017259125 0.5286689375 0.08937742124999999 0.52842004875 0.0852019275 0.52180770375 0.07884969 0.51501289375 0.04329124249999999 0.51033545375 0.03402236375 0.486907035 0.03246046875 0.40520797000000003 0.03129508 0.40620352375 0.047997055 0.40046228874999995 0.0562590475 0.4033909275 0.079246515 0.41062549249999997 0.09603748749999999 0.41879759 0.10241197375000001 0.42422351375 0.11500520375 0.43875906625 0.1235564325
2 0.46505653875 0.533676185 0.50265258125 0.53018365625 0.51422863125 0.51538455875 0.52726322875 0.53226133 0.5414369825 0.510592735 0.561796295 0.4882706075 0.5611824750000001 0.4256826925 0.581525685 0.40094121375 0.5866447 0.382240485 0.57660594 0.34454979375 0.5560222425 0.3129666 0.53594472125 0.23758521500000002 0.5034472 0.1891443025 0.4803662175 0.16795534499999998 0.43220474375 0.14432265875 0.39477067374999997 0.1437886825 0.35664796000000004 0.1578466875 0.33511833 0.18882916000000002 0.33742474875 0.20137789125000002 0.35470647499999997 0.20371037625 0.36805560625 0.2185025975 0.39911782 0.26900901 0.3994911525 0.27527225 0.37515732749999997 0.2853550025 0.37028720125 0.30823122375 0.3517526325 0.33717044625 0.34332324625 0.37876964625 0.35398422625000003 0.42689907374999997 0.39296964875 0.47960447625 0.41578600250000003 0.5070737362500001 0.46505653875 0.533676185
2 0.09777859875 0.233421 0.07493810375 0.26855671625 0.0681348925 0.28514744875000003 0.06631785 0.33309888375 0.12558006 0.38609352375 0.15533980875 0.38860400125 0.18135783125 0.38063124625 0.18722351 0.37445700125000003 0.1796156125 0.35140278625 0.17818870625 0.30131910625 0.16434179624999998 0.27817589625 0.12853390125 0.25263345375 0.13783439749999998 0.225648485 0.11730872125 0.22118375375 0.09777859875 0.233421
2 0.24914945374999997 0.158399255 0.23104623875000002 0.22072018125 0.22823364375 0.25196964 0.23852129125000002 0.2938358275 0.2848657225 0.36541995 0.3145010275 0.36584268125 0.30839486125 0.31569225375 0.3629281925 0.289352505 0.39250547500000005 0.26265677249999997 0.36156770625 0.21423810750000002 0.33455413 0.2055088875 0.33449610874999997 0.17839042374999997 0.36082944375 0.14956244625 0.32408401625000005 0.13443649000000002 0.24914945374999997 0.158399255
2 0.63781725125 0.6916942825 0.6827431749999999 0.661045545 0.6866177475 0.6214673475 0.6825026875 0.6047208725000001 0.69024343 0.5777136537500001 0.6602431937500001 0.51887850375 0.6684817137500001 0.500222275 0.6569412225000001 0.48962779500000003 0.6145790062500001 0.48485157875 0.5886938275 0.4427629025 0.580961485 0.4176209425 0.57291383375 0.4133342025 0.56105803 0.42359494625000005 0.56098320625 0.5007748412499999 0.54276394875 0.5088588425 0.52279407125 0.5398635625 0.5139997525 0.5230503412499999 0.49135012375000003 0.53524308875 0.4880397525 0.5581415599999999 0.5160488825 0.5835727575 0.5248432 0.6003859775 0.55341652875 0.60913744875 0.5577804775 0.6300594187499999 0.5759333125 0.6470061325 0.5818570125 0.66795035125 0.60637330375 0.68707380875 0.63781725125 0.6916942825
2 0.6088629725 0.33666603375000004 0.5826624850000001 0.31543258 0.56694051125 0.3131223425 0.56406989375 0.31725334 0.56600298 0.32353883000000005 0.58440470375 0.34466103875000004 0.5905772925 0.36978075 0.595629885 0.37611073875 0.5953145737500001 0.39696596125 0.582396795 0.41555544375 0.5888182725 0.44485065 0.61314369625 0.48691707624999997 0.6505777675000001 0.48745105375000003 0.6589407300000001 0.47088256875 0.6778486325 0.44820658874999997 0.67392443875 0.408517145 0.64691086375 0.39978792375 0.6088629725 0.33666603375000004
2 0.3225899 0.50154624125 0.3152889125 0.5097859849999999 0.33112692875 0.5663331475 0.3528970475 0.59167534875 0.37629334125 0.5920090837499999 0.37804395999999996 0.569088365 0.39370791250000003 0.5442801374999999 0.39047236375 0.48999871375 0.3735059475 0.46681100625 0.36402298625 0.46458976625 0.35772595375 0.43738230625 0.34499904125 0.43302882125 0.34581212875 0.4205245875 0.3243573225 0.37432716374999997 0.30514251125 0.3657091875 0.27550720500000003 0.36528645625 0.26040745375 0.37341495625 0.21566399375 0.4332699025 0.20230646124999999 0.47062686 0.20866991625 0.47280360375 0.23044843499999998 0.44599662500000004 0.23974053125 0.471160835 0.2558358375 0.47973431375 0.2651363325 0.452749345 0.282608925 0.4321388625 0.30600521875 0.43247259625 0.31891459625 0.4660322925 0.33919138375 0.46632152875000005 0.33681854375 0.47880351374999996 0.32159434625000005 0.484844265 0.3225899 0.50154624125
2 0.2066930725 0.22176344625 0.18909883624999999 0.22290312125 0.16180862999999998 0.25310809875 0.17008303125000002 0.26991390249999997 0.18242260875 0.35491944750000004 0.19102885874999997 0.37729257625 0.20688087875 0.3469244425 0.22767758375 0.34722109625 0.22980153625 0.33056361875 0.23724630875 0.3334511075 0.24615133 0.30854646875 0.23371758875 0.29168133375 0.22877290125 0.261016545 0.228861465 0.22764225625 0.23947562625 0.17912098375 0.23752319875000003 0.163796005 0.21925966125 0.18856715000000002 0.18623381875 0.192268 0.2066930725 0.22176344625
2 0.52528015375 0.5990015625 0.535589945 0.6325241775 0.5456508449999999 0.6618712975 0.5333387475 0.6644769700000001 0.51545694 0.64336217625 0.5032720875 0.630672535 0.48967126499999997 0.62908788 0.4880893725 0.63740920125 0.48609266624999997 0.63877136875 0.48297316 0.6387268712499999 0.48388575125000005 0.654037015 0.4721986725 0.64969836125 0.468703035 0.66077368125 0.4807219625 0.67067966125 0.48783488374999995 0.6679998275 0.4946490325 0.7125977612500001 0.4937308425 0.7320537349999999 0.51502532375 0.74070137625 0.548676185 0.73005620375 0.553670755 0.70926772875 0.5631565187500001 0.69410591125 0.5698989062500001 0.6677797750000001 0.57431273625 0.63724848 0.56175175125 0.6356786575000001 0.5572218775000001 0.6119730262499999 0.52528015375 0.5990015625
2 0.38578698125000005 0.7861398975 0.4128226975 0.7865255462499999 0.41898434625000003 0.7504565925 0.40455389875000003 0.7349536225 0.38226386125 0.7096040037500001 0.3647581875 0.67736939375 0.3655934175 0.65652158625 0.34093054 0.64365395375 0.32403868625 0.6740072575 0.31821448875 0.6808774175000001 0.29538239374999997 0.6638639550000001 0.30606271625000003 0.7210328699999999 0.32805958375000005 0.7588941375 0.38578698125000005 0.7861398975
2 0.48841002125000005 0.712508765 0.4560036025 0.7440314087500001 0.45729232625 0.7482217362500001 0.47920623 0.78469117375 0.5475035075 0.78010280375 0.6068570812499999 0.78234009625 0.5859830125 0.74588549125 0.61273116 0.7240166725 0.6141084475 0.69483271 0.59447882125 0.67925557625 0.5733115825 0.65531262375 0.5621996450000001 0.6954829075000001 0.5506342125 0.7106150637499999 0.5484272975 0.72588071 0.523261045 0.7394282074999999 0.49477067875 0.7320685675 0.50329396625 0.7530498675 0.49418433624999997 0.7570918675 0.48841002125000005 0.712508765
2 0.33346949125 0.48362300875 0.3366332775 0.4669803625 0.32207558375 0.466772705 0.30943723375 0.42904493125000004 0.290886125 0.43156160875 0.2948739425 0.46360339500000003 0.28484611875 0.48710136875000004 0.27811493375 0.44389526625000003 0.26588019625000003 0.48265888625000003 0.276687765 0.52453249 0.27281599125 0.5467276274999999 0.268523805 0.59672973 0.26627820875 0.5939164025 0.2666487425 0.61756270375 0.27887787750000004 0.6135652 0.286162325 0.57890290875 0.28857384625000004 0.58449990125 0.30383952375 0.57915506375 0.30683738625 0.559728755 0.28961928125 0.5497486125 0.2989778 0.54988210625 0.32206438125 0.5363049449999999 0.30098010875 0.5137538225 0.30767821375 0.50411483 0.31903344 0.50288615875 0.316832125 0.48338568625 0.33346949125 0.48362300875