4 0.2844653825 0.5220506375 0.2815212225 0.52181108125 0.28032181875 0.52321711625 0.28428369875000004 0.523288875 0.2844653825 0.5220506375
4 0.22786353625 0.3257329275 0.2268096775 0.33065926375 0.2277912675 0.33525000749999995 0.22975413875 0.33766515750000003 0.23229839500000002 0.33611794500000003 0.23309779625000002 0.33066969625 0.23080759374999998 0.32371703625000003 0.22786353625 0.3257329275
4 0.6974055462500001 0.437615455 0.67596352875 0.50478695875 0.6497957575 0.5590437325 0.7008655825 0.5945246225 0.6921428237499999 0.6088511375 0.65415865125 0.58571216875 0.6816022350000001 0.6130055725 0.673606205 0.62237913375 0.6839671312500001 0.6645718612500001 0.716316635 0.6697100625 0.8524394162500001 0.70083420375 0.959665155 0.7145708475000001 0.9851006449999999 0.54121748625 0.9954205899999999 0.479907335 0.9960373075 0.47570415 0.9972058125 0.31795606249999997 0.967098975 0.32548614875 0.86987029375 0.3451414775 0.73102430125 0.37769983375000005 0.6514243325 0.40129558625 0.64488176 0.40076324125 0.6483367475 0.44490010124999996 0.6677822812499999 0.43645814125 0.6974055462500001 0.437615455
11 0.57854660125 0.37907652249999996 0.6486980925 0.39731469875000003 0.6545581275000001 0.39894586625 0.71594014625 0.37897853374999996 0.76918864125 0.36576887125 0.7891777075 0.31978050625000004 0.7949915337500001 0.28015688 0.7911736875 0.24977373 0.751190505 0.22897815125 0.7350162575 0.23768628249999998 0.7061192175 0.22029878249999998 0.68867269 0.22639735125000002 0.64014843375 0.21869005000000002 0.567089525 0.20898645375000002 0.52183706 0.21282255625000002 0.49221530874999997 0.24549693625 0.47331684125 0.29533310125 0.47513618625 0.339336875 0.4944010475 0.35468761625 0.51293867625 0.36371408000000005 0.57854660125 0.37907652249999996
4 0 0.49502666125 0.014439875 0.5236364625000001 0.02988992 0.5762674400000001 0.05315330125 0.59820863125 0.059334026250000005 0.63504914625 0.08132462374999999 0.64310354375 0.08495877 0.62961600875 0.1054949025 0.6250218525 0.1211235975 0.60875120625 0.16855624875 0.590056245 0.213443835 0.5548649274999999 0.247064105 0.5287809975 0.28595466875 0.50061985125 0.311215545 0.48638596125 0.34174671250000005 0.47007485250000003 0.3199367875 0.4382277525 0.26105513874999997 0.46726834250000004 0.2657788725 0.43507414625 0.2795907475 0.4311858825 0.27250111 0.38925933 0.285766425 0.3552540875 0.26450255500000003 0.34224673625 0.2510545475 0.35493575374999997 0.18453972749999997 0.37959619625 0.10784768125 0.4059346 0.05132840375 0.43015532125 0 0.44924560625 0 0.49502666125
4 0.4306235725 0.63142802625 0.39554631375 0.588477245 0.3673754975 0.5548595625 0.34974678249999996 0.5509191375 0.34138587375 0.5289374825000001 0.3479279425 0.5181925975 0.250698755 0.52657069375 0.18945524 0.57170838 0.14511269999999998 0.60318498375 0.15183695375 0.60247908875 0.16783204375 0.6513953524999999 0.195275125 0.66741152625 0.217630095 0.6955439099999999 0.21908557125000003 0.7307469287499999 0.21581579874999998 0.7643124475 0.2732455075 0.7790094575000001 0.32031580249999997 0.785345435 0.37956182624999996 0.77638283125 0.43008408125 0.75919228125 0.49423602625 0.728074475 0.52404097 0.7279935500000001 0.57074689375 0.7142515425 0.5818325275 0.70638239125 0.5654755875 0.6937742987500001 0.46170281875 0.6790655875 0.4306235725 0.63142802625
4 0.44114094000000004 0.10852096875 0.33736867625 0.10508949 0.31374344375 0.11945646500000001 0.29720633625000004 0.141918305 0.25504398125 0.1585360475 0.24686677375 0.18042508000000002 0.24341380499999998 0.18139714375000002 0.31574750125 0.22988538625 0.36118316125 0.25864273875 0.39244156500000005 0.2486559075 0.43460492875 0.25459262625 0.48694552 0.258851385 0.49130689875 0.2516881275 0.50184647875 0.22497923 0.5312870512500001 0.20482032 0.61634051125 0.21174080374999998 0.6632296275 0.23059225000000003 0.70647702875 0.0937727675 0.6686760525 0.10322725375 0.534553795 0.10359141375 0.44114094000000004 0.10852096875
13 0.19634350874999998 0.1750611675 0.67505461375 0.49970091875 0.680506085 0.48510823125 0.2007043825 0.15662067999999998 0.19634350874999998 0.1750611675
13 0.23614551125 0.20837221499999997 0.23251086125 0.21058251875 0.23323758875 0.20562956625 0.22324204625 0.206069285 0.449343895 0.661770715 0.46206517249999995 0.6540346499999999 0.23614551125 0.20837221499999997
13 0.56401759 0.60218512625 0.57546658875 0.5918394987500001 0.25304699375 0.20598836124999997 0.23669055749999998 0.20465749875 0.231601945 0.20549647875000002 0.56401759 0.60218512625
13 0.29939358875 0.28494067875 0.489886325 0.6613104387500001 0.49078002625000006 0.66138315625 0.5009572525 0.6597051962499999 0.32065796375 0.30922526 0.29939358875 0.28494067875
13 0.43878866625 0.338885455 0.43787975 0.333799415 0.43769806875 0.3350376525 0.35754952 0.28340750375 0.6808750025000001 0.606681295 0.69523192375 0.5990783175 0.4344267825 0.33477148 0.43878866625 0.338885455
13 0.41426108 0.49477039375 0.51386172625 0.68456258625 0.5142250912499999 0.6820861087500001 0.5162240975 0.67974271875 0.5164057799999999 0.67850447875 0.51676914375 0.676028005 0.51513350125 0.6758949175 0.5187681525 0.673684615 0.51004488875 0.67673389625 0.52640081875 0.66678752875 0.37336444375 0.3673936975 0.32956391875 0.3274922 0.41426108 0.49477039375
13 0.52239422125 0.47976138375 0.60381605875 0.5565555575 0.67342452375 0.6236173724999999 0.68759976375 0.6172526325 0.45969068625 0.38820097375 0.35664111 0.28959869625 0.35627774625 0.2920751725 0.39135551125 0.34630318375 0.41261988375 0.3705877675 0.46387189749999996 0.41610764875 0.52239422125 0.47976138375
13 0.6699755924999999 0.71480728625 0.66924835875 0.7084830075 0.6737919262500001 0.7113587425 0.6890577625000001 0.708841805 0.58763575375 0.4299369175 0.56382783 0.42298767 0.6699755924999999 0.71480728625
13 0.46169373125 0.47607543125 0.43988431125 0.45550556375 0.54495449375 0.64422713 0.55184287125 0.64003816875 0.55525054625 0.64219496875 0.5616567312499999 0.64083668625 0.46169373125 0.47607543125
13 0.5658248175 0.37553535625 0.6267140575 0.5358643025 0.6870582500000001 0.69990796375 0.68887557625 0.6988028125 0.6906929012499999 0.69769765875 0.69959784875 0.6934101375 0.671788375 0.612207055 0.6347090775 0.50393627875 0.6110808175 0.45063987125 0.5858159037499999 0.374655915 0.5658248175 0.37553535625
13 0.63235498625 0.6937027337499999 0.62835676875 0.69387862125 0.6367952025 0.6905527225 0.516032825 0.46671356875000003 0.48640855125000004 0.443001795 0.62835727375 0.70515585125 0.631628055 0.694144795 0.63235498625 0.6937027337499999
13 0.58600465375 0.53129890875 0.55692593 0.51514964875 0.6539511887499999 0.71101900125 0.664886475 0.704369035 0.58600465375 0.53129890875