7 0.65843795375 0.8052481437500001 0.6427892224999999 0.80555168875 0.63235914625 0.81232459125 0.62333061 0.83443252625 0.62465609625 0.84273573 0.6458204525 0.85731724125 0.6660250987499999 0.8593314525 0.70883549 0.7997359325 0.7421827575000001 0.779192235 0.79454680625 0.72699996375 0.8445640874999999 0.68632860625 0.91080231375 0.6030502325 0.9555321262500001 0.5685893075 0.9904801275 0.50562964375 0.9683886775 0.36724293625000004 0.93254978 0.40495550999999996 0.8826230275 0.49208194 0.79596648125 0.59167385375 0.7492701587499999 0.67281484 0.74552909125 0.68871234125 0.7072058 0.7633054125 0.69104642625 0.773521015 0.68620078625 0.78249918125 0.67430036125 0.7866168450000001 0.65843795375 0.8052481437500001
7 0.7507984225 0.83316305 0.77814114375 0.86678121875 0.795191415 0.88181270625 0.8071678900000001 0.8847268725 0.8421991825 0.8485106600000001 0.8985396937500001 0.82122799625 0.9127868875 0.80558942125 0.92864205375 0.7672465012499999 0.93495804375 0.7609235737500001 0.9444356500000001 0.761294995 0.9544927074999999 0.7390745649999999 0.9885787687500001 0.7297142974999999 0.9901904525 0.728811095 0.9903587525 0.7174508425 0.9748349762499999 0.715729195 0.96858779875 0.7093723300000001 0.9469888550000001 0.7117347049999999 0.92737814 0.7265518849999999 0.888736165 0.7335943937499999 0.80323852375 0.78800261 0.77304563125 0.7955290325 0.7507984225 0.83316305
7 0.76209051375 0.37291036125 0.7728247924999999 0.39426477499999996 0.7784092287500001 0.39647004 0.78009325375 0.38079752499999997 0.80071801 0.3264446075 0.81334999 0.31379875375 0.83427171125 0.267861535 0.8347063025 0.2509176475 0.82339257 0.2521550825 0.81377734 0.27714324625 0.80965601625 0.25788160125000004 0.8108221625 0.23240952374999999 0.8064871625000001 0.2314756325 0.792185635 0.29921724375000003 0.7619384112500001 0.3588467025 0.76209051375 0.37291036125
7 0.74049880875 0.3949843575 0.730152025 0.4285007125 0.71341319875 0.46130816375 0.691477435 0.54678112125 0.6759808049999999 0.56114832375 0.65784767875 0.59833236625 0.6584416125 0.6151637600000001 0.639377735 0.7186269887500001 0.64145649625 0.777536865 0.64461811125 0.78423121125 0.65306719375 0.7847151250000001 0.6595280474999999 0.77274423625 0.669150515 0.76746769375 0.6873524525000001 0.71760386 0.6931433225000001 0.6817697475 0.70848785 0.65333888625 0.7339039125 0.6421108375 0.7416142012500001 0.63141132125 0.7487776549999999 0.532065755 0.7690149137500001 0.42284207125 0.768055205 0.4102747725 0.7505631049999999 0.39247555125 0.74395015 0.39038278125 0.74049880875 0.3949843575
7 0.51084520375 0.62145085 0.5218981675 0.710355825 0.53027844 0.7235195312499999 0.53439252625 0.723069555 0.5614853750000001 0.6764573712499999 0.5838557275 0.57404052625 0.58183854125 0.48273923750000003 0.5986317 0.39782875124999995 0.5815524725 0.30395077875 0.55942840625 0.27680196875 0.54774889625 0.28230350000000004 0.53535231125 0.33575646374999996 0.5270082349999999 0.4211508625 0.52775426875 0.45204591625 0.51675922 0.52083391125 0.51794708375 0.5544966975 0.51084520375 0.62145085
7 0.47940287750000005 0.62770590125 0.50363466 0.7926110725 0.51788909375 0.7966841175 0.52310051 0.783441855 0.51875103375 0.7430847212499999 0.5200475625 0.6725414375 0.52957226 0.6010982025 0.5262983975000001 0.48881391874999996 0.5328751574999999 0.39234858125000005 0.52867778125 0.36605510625 0.5122069637500001 0.32843176999999996 0.49044867625 0.29701886375000003 0.477146715 0.28580149625 0.46569535875 0.31239851375 0.46364555500000004 0.33233512374999996 0.48080807375 0.45295654874999997 0.47940287750000005 0.62770590125
7 0.56457467125 0.08615511375000001 0.54208483 0.0632704 0.52841708875 0.056317126249999995 0.52232201125 0.06402392 0.51784939 0.08844961375 0.524560115 0.1567090775 0.53794537 0.1946698975 0.5396511125 0.23813224625 0.5450979225 0.26569709375 0.58096578 0.30683100625000004 0.62400790875 0.47812698 0.6454837075000001 0.54054743 0.65503736375 0.54795068125 0.6600206274999999 0.5136129300000001 0.65608402125 0.39717704500000006 0.65863722625 0.347616755 0.6516367750000001 0.2906532175 0.6436910912499999 0.26054562375 0.60898214125 0.1742280125 0.6012646125 0.1652159075 0.56457467125 0.08615511375000001
7 0.39084355875 1 0.40448375625 0.87948925625 0.42348605999999994 0.80841744 0.45284962749999996 0.7432525137499999 0.44754768 0.7100397037499999 0.43248563875 0.70746302 0.41845936 0.7244854625000001 0.39238055375 0.73156191125 0.38129497375 0.75389483375 0.3659033525 0.8541403525 0.3532786125 0.8864978275 0.350055425 0.91219489375 0.36139827750000003 1 0.39084355875 1
7 0.1518153425 0.2537990675 0.14351836125 0.2673788125 0.14286285625 0.2829388325 0.2726774375 0.270148445 0.27656337000000003 0.24860298 0.3193810025 0.20871908125000002 0.33957116875 0.17131005125 0.34411984250000005 0.1539161875 0.35638604625 0.1455344275 0.35843584874999995 0.12559782 0.35071832000000003 0.11658571374999999 0.34043310875000005 0.11771065500000001 0.31478889125 0.107843215 0.30047288625 0.13616158374999998 0.2691899 0.176191915 0.24693545249999999 0.19411431 0.18420290125000002 0.2206880725 0.1518153425 0.2537990675
7 0.31672995125 0.59199306625 0.30939268 0.61814010875 0.31093908124999997 0.62782717875 0.31579196125 0.6385606325 0.33908217 0.6402373625 0.36140543 0.60963517625 0.37866937624999997 0.60633890875 0.41098812125 0.585907705 0.460722915 0.5762438925 0.46879898124999997 0.56128028125 0.4802575775 0.55439488375 0.47957311625000004 0.49110841875 0.42719458875 0.5038774462500001 0.39259788624999997 0.52314977125 0.3681415325 0.5469451187500001 0.34573498 0.550803855 0.3281885475 0.58510766875 0.31672995125 0.59199306625
7 0.3031128875 0.72302114125 0.29556194 0.76749593875 0.29740530625 0.7855987050000001 0.30842931375 0.795657195 0.32363621625 0.79258591625 0.35712834625 0.76639425625 0.38804555375 0.73062802125 0.40985093375 0.69022626875 0.43988448375 0.64892456375 0.4567681725 0.61046915 0.47718649375 0.59415560875 0.47658532375 0.557612595 0.46938567374999995 0.55840005375 0.45668488250000006 0.58372569875 0.43229734000000003 0.59484125375 0.35546969625 0.6511172487499999 0.3477666475 0.68152838625 0.3031128875 0.72302114125
7 0.63926183 0.8031214362500001 0.6153161162499999 0.81700472375 0.6101046975 0.83024698625 0.61187201375 0.84131792375 0.6198104575 0.85171389625 0.7170998575 0.8973940874999999 0.80740328375 0.92553398375 0.82915433125 0.9372352662500001 0.8703096574999999 0.972158745 0.8793454325000001 0.96976243125 0.88550932 0.949375845 0.87830243375 0.9304516825 0.8386246975 0.9178950637500001 0.7612357375000001 0.84610176875 0.7216268125 0.82086536 0.69767386125 0.8150370262500001 0.6778422325 0.82847034 0.66482999625 0.80595704625 0.63926183 0.8031214362500001
7 0.7797528525 0.2541121 0.7982662325 0.252087205 0.80245637 0.25866905875 0.80627348625 0.24980338625 0.8118579225000001 0.25200865 0.8150883475 0.24602320500000002 0.8215564412499999 0.25376393875000003 0.8310340475 0.25413535875 0.828542415 0.27130423375 0.83516261 0.293108625 0.8478778812500001 0.30720622124999997 0.8758761075 0.32526437 0.9389201025 0.3465295475 0.9644122175 0.34233332875 0.95513380875 0.28421091125 0.8983913237500001 0.21719956375 0.89310385375 0.22340999625 0.8774551225 0.22371354 0.84453520625 0.20760172875 0.7714269125 0.18884535875 0.724404665 0.18272416125 0.720953325 0.18732574124999998 0.729775425 0.20325718125000003 0.75027703625 0.21368709125 0.7797528525 0.2541121
7 0.56316939875 0.6607848574999999 0.54672754 0.702008005 0.5501245475000001 0.7495094625000001 0.54528614625 0.77819925125 0.5228252624999999 0.8341610224999999 0.5165092725 0.84048394875 0.5071149575 0.86685598 0.5084404450000001 0.8751591825 0.53459530375 0.87511456375 0.5410706362500001 0.9025669187500001 0.54878816375 0.9115790225000001 0.5716981175 0.8780966062500001 0.5860974125 0.87652169 0.59661077875 0.8964922375000001 0.6035895124999999 0.89432091125 0.6090689375 0.81064786 0.6252138325 0.7610090150000001 0.60796078375 0.5939325175 0.61486346625 0.5847293637500001 0.61214368125 0.58080275 0.58944016375 0.57624579 0.57901008875 0.58301869375 0.56316939875 0.6607848574999999
7 0.45660166750000003 0.1571018575 0.48074291875 0.27555195625 0.4936102925 0.30371321125 0.5260268075 0.34944870125 0.52882264375 0.36040714375 0.533157645 0.36134103500000003 0.5465139400000001 0.32045536875 0.54877741875 0.282191005 0.53253475375 0.26566315625000003 0.5011395224999999 0.20010355125 0.47835271375 0.16880314 0.45547537624999995 0.09104765875 0.42851291125 0.0925886375 0.426752835 0.10122932125 0.45660166750000003 0.1571018575
7 0.456279325 0.27963568125 0.47493757000000003 0.27196282499999996 0.46763291375 0.18687196749999999 0.46020511124999997 0.16656393875 0.44838073625 0.17771343125000003 0.4302331325 0.17547422875 0.40642504375 0.163997935 0.38254814375 0.1652014325 0.35566173 0.17377424000000002 0.35750509625 0.19187700625 0.39484330375 0.23566615875 0.43952602125 0.27301989 0.456279325 0.27963568125
7 0.8665397075 0.50932937125 0.8836515500000001 0.491969445 0.9060436224999999 0.44868746625 0.89905765 0.43114716999999997 0.874510765 0.40848744375 0.8409896775 0.35583262 0.8109271699999999 0.31828783875 0.799544625 0.33220506625 0.78295790125 0.37907617625 0.7801765437500001 0.40754097625 0.8268547325 0.47706113250000004 0.85750393125 0.5117256849999999 0.8665397075 0.50932937125
7 0.7473182 0.35903775250000003 0.7529786862500001 0.36827484499999996 0.7581212924999999 0.367712375 0.7898388675 0.31073815625 0.80025446375 0.26454201 0.78452967875 0.257813725 0.76387596625 0.23332015625 0.7494006175 0.22786324375 0.69794560375 0.1546414625 0.6946318850000001 0.13388345625 0.6996223887499999 0.1192573275 0.7023892675000001 0.05136928375 0.70165618875 0.046777078750000006 0.68453055625 0.04563537 0.6768355800000001 0.08795691625 0.66368572 0.0908032075 0.66060739625 0.11085231000000001 0.64724386 0.13202635625 0.6473199112499999 0.13905818375 0.69994831125 0.20651950875 0.71606059125 0.26811856375000004 0.7473182 0.35903775250000003
7 0.2783849425 0.60745127125 0.3029245875 0.610399375 0.31467291 0.59221805375 0.32657333375 0.58810039125 0.34962815124999996 0.54897001125 0.36997765875 0.5453362625 0.403248875 0.5177607362500001 0.46419198625 0.495920385 0.45334969625 0.404660255 0.45931055625 0.33140123375 0.460697615 0.30731302374999997 0.45723903374999997 0.29220297875 0.44488954125 0.27384128625 0.405646395 0.24434078125 0.35963819 0.1986838475 0.355006225 0.18933426125 0.34442404875 0.182043505 0.33847383625 0.18410233625 0.32907228125000004 0.19076274625 0.311304935 0.2236826925 0.264746235 0.27946409375000003 0.21537721875 0.28486381 0.20208249625 0.2933580625 0.18393489249999997 0.29111886125 0.19088101125 0.400185435 0.15121775375000002 0.42705205874999996 0.1465930275 0.43741409249999996 0.14836034375 0.44848502875 0.15835582875 0.45865601375 0.1833373025 0.4643718525 0.19972483 0.47525173875 0.20605529874999998 0.508352055 0.20466823874999998 0.532440265 0.20981808375 0.55158941625 0.19242375375 0.59995688875 0.19441922375 0.63212331375 0.21095885375 0.65706685875 0.23814223375000002 0.6569097475 0.2434297025 0.65069931375 0.22945051625000001 0.59590710125 0.24398743750000002 0.5689726 0.2589046125 0.57719724625 0.2783849425 0.60745127125