4 0.13507973625 0.7011185987499999 0.14641371749999998 0.69139026875 0.17415032625 0.52666129 0.1562372075 0.5178786975 0.04528429375 0.53517488375 0.02827522375 0.63619253 0.0306895375 0.6905146000000001 0.13507973625 0.7011185987499999
4 0.16124887625 0.76781133125 0.24438273875 0.8005643312499999 0.31118842874999997 0.8151216537499999 0.33024429125 0.7924382825 0.33965255375 0.75301496625 0.3234258175 0.71776409875 0.263254725 0.68025635875 0.19362940375 0.6577657825 0.1809593075 0.667202965 0.174177305 0.682802425 0.1578856075 0.75488039 0.16124887625 0.76781133125
4 0.11966295375 0.883169815 0.2178443375 0.89236600375 0.26371441375 0.92431786375 0.28093649249999997 0.9207518075 0.3071705925 0.880115705 0.3140540275 0.8474610575 0.3107921925 0.81747492375 0.15644806 0.771644435 0.14590655249999998 0.7766662225000001 0.1325913825 0.79816090875 0.11535980875 0.867594455 0.11966295375 0.883169815
4 0.1509372125 0.8948638712499999 0.125799885 0.8796278587499999 0.08066681875000001 0.8844308 0.07056751625 0.9115054662500001 0.2295650625 0.94615189375 0.2323387225 0.9296789962500001 0.22709570125 0.91145922 0.1509372125 0.8948638712499999
4 0.34428697625 0.87356588625 0.35324353625 0.8779571837500001 0.39540957 0.8578700312499999 0.43485740874999995 0.812794435 0.49167472625 0.7715037425 0.49776568625 0.74355563625 0.48861575625 0.7074072287500001 0.47871931875 0.700371515 0.40532499625 0.73317076125 0.38201195875000005 0.76468492375 0.34573401750000005 0.79093435125 0.34428697625 0.87356588625
4 0.582070875 1 0.593246355 0.9497720074999999 0.62304659 0.88795646625 0.60375139 0.8544765762500001 0.59212260125 0.84950298625 0.58692554875 0.85568936125 0.555255055 0.8463485749999999 0.50344141875 0.8496957825 0.47705042124999997 0.94884841625 0.48749049499999997 0.96088181875 0.5795926725 1 0.582070875 1
4 0.7577292075 1 0.76892233875 0.97585469125 0.79372838875 0.8861151425 0.73553848375 0.836841045 0.7096086812500001 0.8263115725 0.6919903650000001 0.83223090125 0.68600084 0.8431238175 0.658126325 0.9346343437500001 0.64782415625 0.9958193925000001 0.65370459875 1 0.7577292075 1
4 0.92133346375 1 0.9348128149999999 0.9119789775 0.9035385587499999 0.90028492 0.7889735412500001 0.91435439625 0.7825972025 1 0.92133346375 1
4 0.52171430125 0.7658514624999999 0.6031158125 0.8006665875 0.63785477125 0.808236395 0.649188755 0.7985080625000001 0.6567172625000001 0.75379591125 0.6533080237500001 0.71645882125 0.6401957225 0.7038431249999999 0.57071780375 0.68870351 0.53691872 0.68377811875 0.5317216662500001 0.68996449375 0.51874726875 0.75056725 0.52171430125 0.7658514624999999
4 0.92736976625 0.36388370125 0.89985501375 0.362767315 0.88079915375 0.38545068625 0.84228169625 0.49903819125 0.83678034375 0.55639013875 0.8414797274999999 0.56961222625 0.88651136 0.5818644775 0.9304557137499999 0.58412134875 0.93604900375 0.575581705 0.9300135075 0.56206847 0.9419925625000001 0.5402826375 0.94937366875 0.48821952625000004 0.9553631975000001 0.47732661 0.9631960037499999 0.3814488875 0.9540920425 0.36970663000000004 0.92736976625 0.36388370125
4 1 0.48291848625 0.97802166875 0.52373744125 0.94174372875 0.5499868674999999 0.9245676199999999 0.577959075 0.9176841849999999 0.61061372375 0.9251477325 0.6732304050000001 0.9574633 0.6705136912499999 0.9679033750000001 0.6825470925 0.97453797625 0.659596675 0.9824072562499999 0.6539925925 0.99042393875 0.65573947125 0.9904699075000001 0.6801456225 1 0.6781722925 1 0.48291848625
4 0.5504842325 0.29883559375 0.5204446575 0.3044878725 0.5053971362499999 0.32804468375 0.5012873612500001 0.344226435 0.5034524225 0.4300846825 0.50948791875 0.443597915 0.55462098625 0.43879497624999997 0.6118345412499999 0.3951510125 0.61564951125 0.36426734250000004 0.60739348875 0.30635720125 0.59839096 0.277559755 0.588494525 0.27052404125 0.5726085599999999 0.27438124375 0.5504842325 0.29883559375
4 0.35805535624999996 0.45451297875 0.36809919375 0.46889965375000003 0.39932748125000006 0.45618756 0.44193572125 0.458153285 0.50211630875 0.429793535 0.50870494125 0.38243696625 0.50440179625 0.36686160749999996 0.49544523625 0.36247031125 0.38523882875 0.35065380375 0.37350860875 0.362735405 0.35994460375000004 0.3939343225 0.35805535624999996 0.45451297875
4 0.63545037125 0.6662148875 0.6559897487499999 0.6511736225 0.68259310875 0.45204311500000005 0.6551797912499999 0.4338715375 0.63488924875 0.43920857124999996 0.6267711324999999 0.45451688375000004 0.63854732125 0.4668414325 0.6183297262499999 0.65272575125 0.6207531187499999 0.6630122762499999 0.63545037125 0.6662148875
4 0.7683802075 0.6171133925 0.71007937375 0.6507619787500001 0.70468895 0.62519124125 0.6936038025000001 0.62521534 0.6961191325 0.68431416625 0.68839725375 0.6972692062500001 0.6869597075 0.71403325125 0.68898686125 0.7266730475 0.7027442374999999 0.72723124 0.7024399375 0.7783968112499999 0.75558968625 0.77534075 0.77449814625 0.74530642 0.78123418 0.70530081 0.78124367625 0.6394333175 0.77506077625 0.61856912375 0.7683802075 0.6171133925
4 0.82867971 0.7937070762499999 0.8500210575 0.7080917775000001 0.8392402099999999 0.65695030375 0.8262753087500001 0.6516855687499999 0.81093298375 0.66054046 0.7848922525 0.7329336712500001 0.77043434 0.78589432125 0.7748848887500001 0.80882063875 0.8157607775 0.8128484912499999 0.82867971 0.7937070762499999
4 0.9768439600000001 0.11118615374999999 0.9698685862499999 0.09502850125000001 0.9257768299999999 0.08542066875 0.9083059175 0.098690955 0.9016713175 0.1216413725 0.909917845 0.24541900625000002 0.90476676 0.27601152875 0.9328711199999999 0.306531755 0.9519729512499999 0.308254535 0.97751601125 0.25526978499999997 0.9689097187500001 0.2241190675 0.96881778125 0.17530676750000002 0.9768439600000001 0.11118615374999999
4 1 0.10436781125 0.9831282924999999 0.11499515625000001 0.96916805 0.148547345 0.9668365950000001 0.18707312125 0.977571475 0.21380844375 1 0.22035349750000002 1 0.10436781125
4 0.78797971 0.59942770875 0.8065379 0.5961528 0.8342555174999999 0.563158805 0.84213429375 0.4916872325 0.82882862 0.44731442625 0.7991393125 0.426207285 0.7900813200000001 0.43887117875000003 0.772158705 0.4959560775 0.76834373375 0.52683974875 0.7784795099999999 0.590038725 0.78797971 0.59942770875
4 0.5830771225 0.08881217 0.63032928 0.14546132625 0.6748172750000001 0.15271588749999998 0.68947805375 0.0656448575 0.68809597125 0.04094756125 0.681268 0.032140867499999996 0.630495675 0.0210773025 0.59179434125 0.03704020625 0.5830771225 0.08881217
4 0.9070712375 0.08134461875 0.7641070562500001 0.05019194749999999 0.75692881625 0.0681446775 0.75900194125 0.1051906225 0.77176397625 0.14456574 0.79779521125 0.13804002125 0.81897966125 0.11094125249999999 0.84693661875 0.13411052 0.84936001125 0.14439704375 0.887711075 0.15519356125 0.8995886975 0.15046291875 0.9070712375 0.08134461875
4 0.04183858375 0.40756414999999996 0.05554049375 0.44958368249999997 0.1389231925 0.47263245249999997 0.1975647975 0.4780919375 0.2231538275 0.44951333750000005 0.2400351325 0.4068392125 0.23128143874999998 0.36833753375 0.20797789625 0.33398420625 0.1742247825 0.353464965 0.08950597125 0.33012505 0.050454371250000005 0.37284737625 0.04183858375 0.40756414999999996
4 0.21076903875 0.5395199325 0.2147219175 0.58185471375 0.27073726375 0.611138055 0.31349290625 0.6204547425 0.35788896125 0.5788970025 0.37096479125000004 0.50123905625 0.3643396875 0.4583219825 0.264379985 0.42678176874999996 0.22671996249999998 0.4283338975 0.19662492125 0.47544751875 0.21873975375000002 0.5168606612500001 0.21076903875 0.5395199325
4 0.24714992 0.14247170625 0.22201259375 0.1272356925 0.21067861000000002 0.1369640225 0.19850618375 0.126992745 0.16420943000000002 0.14147581750000002 0.12120495125 0.14186336125000001 0.10670107125 0.17041785999999998 0.08363686749999999 0.1922277925 0.07872512375 0.27898357874999996 0.08629010375 0.32454506875 0.10247087125 0.33538978625 0.11568460875 0.33095029125000003 0.16739681125 0.34465827375 0.17200425500000002 0.30906806 0.2113046925 0.25664150375 0.23530877125 0.23747599 0.24714992 0.14247170625
4 0.14029344625 0.00103921125 0.11461542749999999 0.00084900375 0.10266575124999999 0.013403287500000001 0.11829338375000001 0.08511780625 0.15787913 0.11326066125 0.16193343999999998 0.13854025375 0.1814315075 0.13790976 0.205288185 0.111393285 0.22276859375000002 0.03225550875 0.14029344625 0.00103921125
4 0.1500748075 0.01153591125 0.23360490625 0.04193563875 0.2559780675 0.00777706 0.25746887625 0.00190717625 0.09510798250000001 0.0007045037499999999 0.09450166624999999 0.0043054487499999995 0.1500748075 0.01153591125
4 0.24811417125 0.0018378824999999998 0.24835762375 0.0036769087499999996 0.29353665875 0.023280118750000002 0.29412626625 0.052683957499999996 0.3009542375 0.06149065 0.40541995125 0.0744958425 0.44308947000000004 0.00707622125 0.44418393375 0.0032902512499999995 0.24811417125 0.0018378824999999998
4 0.36751908 0.37362832249999994 0.40646924749999996 0.3479611875 0.4056862675 0.28680023875 0.351007035 0.2578080425 0.31389065250000003 0.26435786125 0.26266662625 0.29710890875 0.25192225125 0.33624107875 0.2640392125 0.38767369625000003 0.28863290124999996 0.39791202249999996 0.36751908 0.37362832249999994
4 0.41182319874999995 0.28325828125 0.42345198625 0.28823187125 0.4466635925 0.27377289875 0.47244599125000003 0.27695141 0.53559361 0.26387587125 0.55346076 0.24825231375 0.5654398162500001 0.22646648125 0.57361339625 0.1696968275 0.5727289837499999 0.12559106875 0.58684612375 0.03352234875 0.57972334875 0.0100137375 0.5525521175 0.00409297875 0.52296782 0.00387383625 0.47822466625 0.0122927575 0.45154835875000005 0.03087597875 0.44837846 0.04970214875 0.4561368125 0.12702075000000002 0.40495875499999995 0.18417794625 0.41584103624999996 0.21826422874999998 0.4056403 0.26239408625 0.41182319874999995 0.28325828125