12 0.17508936125000002 0.27191430499999997 0.28216696875 0.32257866375 0.3112773175 0.32904116125 0.32376394 0.34356780625 0.3572302525 0.36008043624999997 0.37510593375 0.34330016 0.37799107875 0.32942549374999996 0.39191086124999996 0.3267274275 0.40831335875 0.214603635 0.4313427675 0.18471946875 0.41778539375 0.17040036749999998 0.35992710250000004 0.14045820875 0.3242463325 0.1134803525 0.26047184125 0.0895269075 0.1908893975 0.052173278749999996 0.174573955 0.052914707500000005 0.16644329500000002 0.048438197499999995 0.1578231525 0.05979299375 0.14377865625 0.1327239125 0.13038601875 0.16074018625 0.12361792749999999 0.19957737125000002 0.1075943 0.24384003624999998 0.1107524325 0.25291185250000003 0.12505345 0.25377137625 0.17508936125000002 0.27191430499999997
12 0 0.8003253375 0.00654595625 0.86141046875 0.02571125125 0.87706357875 0.04362459125 0.901432815 0.052063531249999996 0.89858660375 0.07324325250000001 0.9126387625 0.0808655975 0.9123718200000001 0.11961035375 0.8455477100000001 0.14949963625 0.8082814225 0.15508872875 0.78904067625 0.17603075624999998 0.74987715 0.18396138374999998 0.74228748625 0.1930710125 0.71510138625 0.10450447875 0.6535860662499999 0 0.5682328262499999 0 0.8003253375
12 0.238350325 0.8189009 0.195729105 0.969395255 0.25282904125 0.9795112475000001 0.31406345 0.98644758125 0.33243058124999997 0.9857673174999999 0.3565449375 0.90190954375 0.381587 0.81686039375 0.42461710875 0.6829310825 0.42885893375 0.6715170625 0.373959335 0.6564352250000001 0.32055702500000005 0.64257628625 0.2981888875 0.63783318625 0.238350325 0.8189009
12 0.3332618775 0.98573652875 0.46068564625 0.98101713 0.47528374749999996 0.9772471187499999 0.5607997650000001 0.71705956875 0.4279970375 0.67622347875 0.40129883749999995 0.75856740375 0.3822223925 0.8227897075 0.35953951375000004 0.90435534375 0.331344025 0.98547637 0.3332618775 0.98573652875
12 0.46137857250000003 0.32476222374999997 0.46029017375000003 0.34010436875000005 0.3538356525 0.6088897762500001 0.44702936375 0.64983767875 0.45853112875 0.655173885 0.5104537775 0.51498158125 0.567344835 0.38290495999999996 0.51818434875 0.35763200375 0.46137857250000003 0.32476222374999997
12 0.55739629875 0.69804872625 0.65244024875 0.43752749625 0.6359700724999999 0.42407560625 0.5679802275 0.388834275 0.54087313875 0.45461315625 0.51644293125 0.51987317875 0.48337022500000004 0.60647890625 0.45837228125 0.6536915562500001 0.5133630725 0.68237378125 0.55739629875 0.69804872625
12 0.56218527875 0.76823703 0.5262768437500001 0.85387929 0.48975655375000005 0.95931068 0.52400769125 0.9729475750000001 0.60377403875 0.95234189125 0.6629566262500001 0.8288998125 0.70036235 0.7444804525000001 0.6565556275 0.7181697775000001 0.6039240225 0.68600403625 0.56218527875 0.76823703
12 0.8084612925000001 0.80977540375 0.74811674 0.7821308975 0.70666920125 0.75233670625 0.68457464125 0.7883947675 0.6662689 0.83431026875 0.6355318412500001 0.89171403625 0.60565256375 0.95712237875 0.62974449375 0.95245264875 0.77161919 0.9249531262499999 0.8084612925000001 0.80977540375
12 0.74120679375 0.37341524875 0.8207454762499999 0.4654296775 0.87575389375 0.34128355875 0.83603014875 0.30207653624999997 0.7939472187500001 0.26635303374999997 0.74120679375 0.37341524875
12 0.75255562125 0.555815915 0.7906908837500001 0.58019965125 0.8047989200000001 0.5078616625 0.8197247324999999 0.46865376374999995 0.7847193575 0.42247971125 0.74923743625 0.37185867125 0.69422901875 0.49600479125 0.75255562125 0.555815915
12 0.7437307362500001 0.5499608500000001 0.71330842 0.52105588 0.68951064875 0.5029718224999999 0.6241124025 0.632158035 0.69707065875 0.67551504875 0.7311906025 0.7006770725 0.76326610125 0.6430138737500001 0.766713685 0.62418821375 0.7918704762500001 0.5784578925 0.7437307362500001 0.5499608500000001
12 0.3920762525 0 0.34880243624999996 0.013696837500000001 0.40719669375 0.061389903749999995 0.42452876500000003 0.07013538 0.44803237500000004 0.11097322625 0.45985183749999997 0.11927409000000001 0.47194192125 0.07910272125 0.48938576625 0.037893635 0.51163917375 0.0033179025 0.51331104875 0 0.3920762525 0
12 0.34550494 0.45465335250000005 0.29806824625 0.41996756625000004 0.23677060375 0.3834290875 0.2162851075 0.37075548499999994 0.19759105875 0.33655099374999997 0.15133396 0.30012344875 0.0992465525 0.260286635 0.0844325125 0.2495399725 0.060975976249999994 0.2601390175 0.07681075875 0.2676615925 0.04144652375 0.34563278 0.0256352775 0.36382865000000003 0.02652071125 0.38484067875 0.00678533625 0.41741522375 0.00052555875 0.46099586000000004 0.027838569999999997 0.44813619875 0.0632292975 0.48515685124999997 0.12076165874999999 0.53755633375 0.17765862875 0.58402650125 0.23857091874999997 0.62971838125 0.2798566525 0.56875684875 0.30603418875 0.51980244125 0.31553858375 0.49375031875 0.32790224625000003 0.49438011000000004 0.34550494 0.45465335250000005
12 0.17660547999999998 0.29371196125 0.14155598625 0.28537441125 0.1651272525 0.31409419875 0.19427878499999998 0.33114053749999994 0.2126551375 0.36238037375 0.23472911624999998 0.38987726 0.27474702 0.40633049374999997 0.3210717775 0.43063998 0.34702281 0.39232130249999997 0.33087033125 0.38183407 0.34171316500000004 0.3555225175 0.32272495749999996 0.344071815 0.307434375 0.32887816625 0.25979471625 0.33054655375 0.2385149775 0.3104613075 0.1989736175 0.29845506125 0.17660547999999998 0.29371196125
12 0 0.56457835125 0.0084238475 0.572948795 0.032698162499999996 0.59547983875 0.07879641375 0.630425055 0.13238110875 0.6714847675 0.19762641625 0.71936301625 0.16303288625 0.7790274012499999 0.1431386625 0.81011961625 0.1201822075 0.8508840925 0.1652361775 0.86333495 0.17308443499999998 0.8345775987499999 0.19808237875 0.7873649500000001 0.21788540999999997 0.74267234875 0.25107284625 0.69538545125 0.2468074825 0.68108102375 0.21073724500000002 0.67596756 0.2492107875 0.63976100375 0.19603498125000002 0.61526633625 0.16885728249999998 0.60388988 0.1351462275 0.59529290125 0.072510145 0.55901385125 0.00569989125 0.52203076375 0 0.52491007125 0 0.56457835125
12 0.472130215 0.28485028375 0.42061054625 0.2630608425 0.41400953625 0.27795837875 0.47948134875000004 0.31520089625000003 0.50752094375 0.3218709375 0.51577809 0.30967862875 0.472130215 0.28485028375
12 0.58889519375 0.35451797375 0.57832298125 0.33235729124999996 0.55318677 0.31453266375 0.5290036475000001 0.30560200625 0.51389545 0.31760913125 0.52383227125 0.3338404975 0.5651886162499999 0.35003430125 0.57684922875 0.35685283875 0.5827707275 0.3738624925 0.6018265925 0.3731951375 0.58889519375 0.35451797375
12 0.6383969125 0.40847403125 0.674149455 0.4106228375 0.64688056375 0.385645995 0.6178878775 0.37008198375 0.5975847675 0.38460915625 0.6383969125 0.40847403125
12 0.49783120875000003 0.23144889124999998 0.47199195125000004 0.21981300625 0.4147567025 0.23393313124999998 0.4261908125 0.25138739625 0.4576103375 0.25134983375000003 0.47902538499999997 0.24719896125000002 0.49783120875000003 0.23144889124999998
12 0.5501010000000001 0.29848647875 0.5911837675 0.27387912125 0.5361929762500001 0.24519689625000002 0.492636295 0.2339689375 0.4537538625 0.25361045 0.4918891275 0.277994185 0.5501010000000001 0.29848647875
12 0.6220620487499999 0.370786025 0.6469482175 0.37352793749999996 0.60742744 0.29796674 0.59197800875 0.2812907625 0.571583705 0.2822175475 0.55293673 0.2994499475 0.57941138125 0.31701514750000004 0.58115871125 0.33332076125 0.59654048625 0.36211479750000003 0.6220620487499999 0.370786025
12 0.5461974537500001 0.24931020499999998 0.55656374375 0.2185516675 0.5367812949999999 0.19968931999999998 0.515116205 0.18875747499999998 0.4663410725 0.1543311175 0.433856685 0.19542927124999998 0.44796767625 0.2123646775 0.47049466125 0.21859010874999998 0.48735018875 0.2228885975 0.5091741249999999 0.23530277000000002 0.5461974537500001 0.24931020499999998
12 0.5930428725 0.24023017375 0.55853757625 0.2242215525 0.55792572125 0.24401068250000002 0.58306193125 0.26183531125 0.6076539425 0.28733101125 0.61452853125 0.31323463875 0.6406619487499999 0.302116735 0.6354434987500001 0.278918335 0.5930428725 0.24023017375
12 0.64553916625 0.29663203125 0.6274363912500001 0.3061933575 0.638961695 0.33724801 0.6478101150000001 0.3688215225 0.6659128912500001 0.359260195 0.64553916625 0.29663203125
12 0.66511865 0.35184855249999997 0.65554659875 0.39001873375 0.6780059287500001 0.40836222 0.6800238799999999 0.3761956025 0.6859424237499999 0.3039318625 0.66450383875 0.28236428875 0.63923231625 0.28877577625 0.6632124725 0.33406060875 0.66511865 0.35184855249999997
12 0.5797261225 0.23070640999999997 0.5930193337499999 0.21451172875000002 0.5328100925 0.162631105 0.50282020125 0.176009625 0.54127316125 0.20335801750000002 0.5453796762500001 0.21618011625 0.5797261225 0.23070640999999997
12 0.56323240875 0.191536075 0.57818175875 0.17804661875 0.56595341 0.15318071125 0.54199679125 0.133614325 0.5308803775 0.119124715 0.51794898 0.10044755125 0.5075591512500001 0.105487645 0.47616316374999995 0.1312436525 0.5065178262500001 0.17226668 0.51225694 0.16207556125 0.5314716525000001 0.16289053375 0.56323240875 0.191536075
12 0.56114089125 0.0572739625 0.51506617625 0.04804719125 0.48587052625 0.06883735375 0.47897535625000004 0.10648867625 0.49816653125000004 0.081585205 0.55297493875 0.08306665625000001 0.56114089125 0.0572739625
12 0.61561102 0.119345705 0.64399185 0.15469884625 0.6709195075 0.15099258625 0.6565584762500001 0.11897446499999999 0.585029855 0.08895840625 0.61561102 0.119345705
12 0.6782029850000001 0.19346125625 0.71363783125 0.192645405 0.731490565 0.16800136375000002 0.67264330125 0.14157975625 0.6413149674999999 0.15521770625 0.6563790462500001 0.181047085 0.6782029850000001 0.19346125625
12 0.7372532162500001 0.18352869 0.7270898925 0.1779330525 0.69308467875 0.19208986249999999 0.69964157 0.21502883 0.7264339175000001 0.23555868749999997 0.7289754875 0.259275945 0.70631319125 0.27728663375 0.7501875687499999 0.29147925 0.7372532162500001 0.18352869
12 0.5651356325 0.12005062375 0.5800849812500001 0.10656116875 0.55762565 0.08821768125 0.5000727075 0.09937314750000001 0.5343515 0.1260175 0.5411113575000001 0.11260229499999999 0.5651356325 0.12005062375
12 0.6520460287500001 0.178860715 0.61064260875 0.11123002250000001 0.5817411175 0.1092663975 0.5523866175 0.12857423375 0.5734398525000001 0.1592952075 0.59374296375 0.14476803500000002 0.59485490125 0.15514433500000002 0.60699205875 0.16640985874999997 0.63505519125 0.19879834249999997 0.6520460287500001 0.178860715
12 0.6355788087500001 0.25468222 0.6627329725 0.24034023000000002 0.61545512625 0.20713677 0.58535050625 0.18119645875 0.57620792625 0.172376735 0.561417425 0.1873485175 0.59404007875 0.21128764249999998 0.593813575 0.22192337125000003 0.61350483125 0.22718533000000002 0.6355788087500001 0.25468222
12 0.6998239549999999 0.24222960624999998 0.6771381212500001 0.23452184750000002 0.66470680375 0.24601011499999997 0.6762997625 0.2649467075 0.7168618675 0.2737288675 0.73117582375 0.2543101 0.6998239549999999 0.24222960624999998
12 0.673190455 0.2231820775 0.6774558175 0.23748650500000001 0.7313346725 0.25579243 0.73643839375 0.23967199625 0.6726227174999999 0.205134705 0.673190455 0.2231820775