10 0.27654895625000003 0.20714000124999998 0.2520237075 0.234443455 0.25198303125 0.24211715625 0.259597255 0.25813163375 0.27370581 0.259354605 0.28657922625 0.251513745 0.30466437875 0.2287701975 0.3188000525 0.2248773675 0.32654308375 0.21659179125000003 0.3393758225 0.2164246325 0.36913992749999996 0.16910269249999998 0.37053777250000003 0.1474717175 0.35901474624999996 0.14263425375 0.3539453775 0.13067898375 0.33471999500000005 0.126453395 0.31402897500000004 0.15664828625 0.28436656125 0.1847859725 0.27654895625000003 0.20714000124999998
10 0.40955929750000003 0.29032385250000003 0.4236678525 0.29154682375 0.42889992624999995 0.27280728625 0.44178690125000003 0.26240852625 0.45478234624999997 0.23154655999999998 0.47442804875 0.15647723125000002 0.4745500775 0.133456125 0.4463804225 0.12205753124999999 0.44773081249999996 0.1093792075 0.46068558000000004 0.08619094375 0.4607669325 0.07084354 0.45183621625000003 0.061112635 0.45187689249999996 0.05343893375 0.46090252 0.045264534999999995 0.46340555625 0.02402843625 0.43431697125 0.022520138749999998 0.41472228375 0.042541035000000005 0.41195371125 0.080687185 0.41828533874999996 0.096590485 0.42059291375 0.145412955 0.40490347 0.2003526175 0.40595556625 0.24394810499999997 0.39933242625 0.2830396675 0.40955929750000003 0.29032385250000003
10 0.68739322125 0.16470137125 0.69595107375 0.244774545 0.70866178375 0.26762849125 0.71993397125 0.31978711625 0.725064355 0.32023183375000003 0.7481985400000001 0.31328040625 0.7485036112500001 0.25572764249999996 0.7563212174999999 0.23337361375000001 0.74878156625 0.20329068125 0.74654178375 0.14167870875 0.74020337625 0.12705436 0.720984775 0.12154982125 0.7132553025 0.1272774975 0.69787093 0.12466439875 0.68750169125 0.14423816875 0.68739322125 0.16470137125
10 0.6514886062499999 0.40214218875 0.6642671099999999 0.4122066325 0.6680538837500001 0.42405072375 0.68341113875 0.431779625 0.71815648125 0.4130393075 0.76845568 0.3649383325 0.77756266 0.3414165325 0.798213005 0.31889534375 0.8162439225 0.30638339875 0.8188904662500001 0.291258355 0.8138210975 0.279303085 0.7920305237499999 0.2748551375 0.75077729 0.31094486374999997 0.72249916375 0.32000947500000004 0.65803717375 0.37711907875 0.6514886062499999 0.40214218875
10 0.68908516625 0.57174110125 0.6980972362500001 0.56612460375 0.7173158374999999 0.57162914375 0.73020281125 0.56123038125 0.73428109875 0.51807960875 0.72670755125 0.49439143 0.7243254025 0.4596374125 0.7141392075 0.44467952625 0.7091444124999999 0.41865580625 0.68597633125 0.43200198375 0.674453305 0.42716452 0.6639755975 0.46720149624999996 0.67370079375 0.56912800125 0.68908516625 0.57174110125
10 0.39826386999999996 0.96877938 0.430383005 0.9613272575 0.43303632875 0.9449232625 0.42414628875 0.92751865375 0.42576785375 0.86368231875 0.41553420375 0.857677085 0.40918901625 0.8443316862499999 0.40172393999999995 0.80018030125 0.39272543 0.8032388975000001 0.3875204725 0.81686263375 0.37831180125 0.85956869 0.37814231625 0.8915424475 0.38547180500000006 0.96127283625 0.39826386999999996 0.96877938
10 0.35973723999999996 0.7325638725 0.37242083375 0.76053362125 0.39032294375 0.7723217325 0.44154543124999995 0.7921163025 0.44920033125000003 0.80045708 0.48769176875 0.8012345550000001 0.55301603375 0.8235310475 0.5620755574999999 0.80896189875 0.55956460125 0.7985079362499999 0.49174971749999996 0.7619206337500001 0.48284611875000005 0.747073925 0.4495393 0.7365095650000001 0.40602594625 0.71482416875 0.38294599625 0.71154399375 0.35977791625 0.72489017125 0.35973723999999996 0.7325638725
10 0.7291389225 1 0.76391898125 0.9787232937500001 0.82431624375 0.96220655875 0.841071345 0.948304485 0.8514338025000001 0.930009665 0.8668520712500001 0.9262280125 0.878510685 0.90548647125 0.87598617 0.8975904112499999 0.8466288299999999 0.8681753325 0.8184049375 0.86700834125 0.814496135 0.8781853562499999 0.8068005587499999 0.8775182825000001 0.79648555625 0.88686045125 0.8028375212500001 0.89892689875 0.8014939112499999 0.9103262712500001 0.78476592625 0.919112545 0.75271458625 0.913775165 0.7358849125 0.9417456925000001 0.72430087125 0.9484187812499999 0.7061886024999999 0.9762781300000001 0.69461134125 0.98167226875 0.68689384625 1 0.7291389225 1
10 0.64167786375 0.8005076025 0.6467607925 0.80990497125 0.676199485 0.8239726462500001 0.71084991625 0.8231376324999999 0.793105545 0.79827934375 0.80470992375 0.7877694037499999 0.8099487775 0.767750915 0.79587411875 0.7601331925 0.798500325 0.74884499875 0.7934106175 0.74072658 0.7652206225 0.7331648375 0.7523607649999999 0.73844779625 0.7458732125 0.7519603537499999 0.7329862375 0.76235911375 0.6803320075000001 0.7705902725 0.64167786375 0.8005076025
10 0.30256277125000003 0.62524478625 0.30773383125 0.6180158025 0.30649191125 0.61023092125 0.28735466125 0.58937898 0.2656183225 0.57469942875 0.18227669999999999 0.56235698125 0.17197525500000002 0.5691412499999999 0.17576202999999999 0.58098534125 0.16933549 0.582987345 0.1667228425 0.59171763875 0.17817807500000002 0.609344605 0.25508638 0.6249680075 0.30256277125000003 0.62524478625
10 0.25793630624999997 0.571474455 0.27585875375 0.57942571375 0.30393349875 0.6087296125 0.30778806625 0.6077842 0.30915201375 0.59254797625 0.29007578 0.56018548 0.29021814625000003 0.533327525 0.2723228175 0.52026046375 0.26854960250000004 0.50585847375 0.23660673 0.48005788875 0.22634596125 0.479168455 0.22116134375000002 0.48895534124999995 0.20959764125 0.49179157875 0.20948917125000002 0.5122547825 0.25793630624999997 0.571474455
10 0.7547280625 0.53392693 0.73426754 0.52063751125 0.72911003875 0.5253085949999999 0.7290422437499999 0.5380980975 0.7302163712499999 0.55867248125 0.7403890074999999 0.5761882700000001 0.75314039375 0.59136851375 0.76211178625 0.5934257187499999 0.778670285 0.6166132012500001 0.8017231175 0.62500917875 0.819516755 0.6572604950000001 0.8451551175 0.66204197875 0.8542078625 0.64875178 0.8786178625 0.64319048375 0.8812508475 0.6306233375 0.86980917375 0.61043847125 0.7943868474999999 0.55655774 0.78547646875 0.5429899825 0.7547280625 0.53392693
10 0.61650728 0.7074785475 0.6407816925 0.7274962575 0.6768706437500001 0.6973565675000001 0.70000482875 0.69040514125 0.7361073387499999 0.6577075499999999 0.7503379237500001 0.63590941625 0.7696378787499999 0.62606655125 0.7748089387500001 0.618837565 0.7735941362500001 0.60593688375 0.7595669325 0.58936651 0.7518645775 0.589978385 0.7416783825000001 0.5750204987499999 0.71983357375 0.58080415375 0.6592125925000001 0.63952624625 0.6475133024999999 0.66794149 0.61650728 0.7074785475
10 0.61066376625 0.59949082875 0.60825450125 0.569852615 0.58778041875 0.55912109625 0.5544058075 0.5613462375 0.54400267125 0.58731476 0.53338259625 0.6542096924999999 0.5435484537499999 0.67300443 0.57175200625 0.6780082725 0.5859080175 0.6702785912500001 0.59118754875 0.64258640125 0.61066376625 0.59949082875
10 0.6319404 0.94297178125 0.66379514 0.9853987187500001 0.6868344125 0.99635259625 0.7152413475 0.96298793 0.7114816912499999 0.9460280387500001 0.65024249375 0.879301825 0.57866117375 0.8270335799999999 0.5646746475 0.8027895037499999 0.55823455 0.80734941 0.55169276125 0.8310935700000001 0.58480975875 0.8774685375 0.59875561 0.90938631625 0.6319404 0.94297178125
10 0.6769921499999999 1 0.6714635975000001 0.991181595 0.5974797925 0.9079961862499999 0.586078795 0.8801376175 0.56824448125 0.85556000375 0.5618653975 0.848609355 0.55672823375 0.84944358875 0.5412760675 0.8596199937500001 0.539959575 0.865903565 0.57680911 0.934354225 0.5817903475 0.9629358487499999 0.6052399675 1 0.6769921499999999 1
10 0.47789199875 0.71337650125 0.49327637125 0.71598960125 0.50091771375 0.7268882787500001 0.50861328875 0.7275553537499999 0.517645695 0.71810200625 0.5317542525000001 0.7193249774999999 0.53345038875 0.6414201887500001 0.51949098 0.61206031125 0.5157516625 0.59126357 0.5068006075 0.585369515 0.4901065225 0.58776103625 0.48608924875 0.61940125625 0.47447809 0.63119014625 0.4715942675 0.69107845125 0.47789199875 0.71337650125
10 0.49552841875 0.53321089 0.50040796625 0.5809767674999999 0.51832363375 0.5902069775 0.5312106074999999 0.57980821625 0.5300703787500001 0.5528390825 0.540581985 0.50640735625 0.53446051625 0.45085659624999996 0.5204468725 0.43172832125 0.5012553900000001 0.42110798125000004 0.4884294275 0.41999619000000005 0.4819689925 0.428392945 0.48177239125 0.46548250375 0.4841206425 0.5066312725000001 0.49552841875 0.53321089
10 0.49525724375 0.58436890125 0.49681101624999996 0.53332206875 0.4854167975 0.5041845512500001 0.44068186249999997 0.4708774225 0.43298628625 0.47021034624999997 0.4277948875 0.48127618375 0.43666459 0.5025176425 0.4365629 0.52170189625 0.46066782875 0.5736933625 0.46705368999999997 0.57936505875 0.49525724375 0.58436890125
10 0.39785452 0.56185083125 0.4053738325 0.59577061375 0.41557358625 0.60817059875 0.445073295 0.61072772125 0.45929032124999997 0.59148748625 0.4480181325 0.5393288625 0.42122598250000004 0.51013614375 0.41106690625 0.49006245625 0.39309022374999997 0.49234279999999997 0.38917464125 0.50479876375 0.39421689375 0.521869835 0.39148221624999996 0.55362123375 0.39785452 0.56185083125
10 0.5792416149999999 0.23337828875 0.55073977 0.28464825875 0.52754457 0.30311023875 0.51583172125 0.3340833825 0.48995608124999995 0.37406515874999996 0.4873095375 0.3891902025 0.49112343 0.39591849250000005 0.5142033775 0.3991986675 0.5256857275 0.41170983375 0.5333813025 0.41237690875 0.54240693125 0.40420251125 0.55151391125 0.38068071000000003 0.561808575 0.3751753925 0.5696600775 0.34642660999999997 0.58000219875 0.33196864 0.58271653625 0.30405409250000004 0.60475116875 0.26245983 0.60483252125 0.247112425 0.5959221425 0.23354466875 0.5856749325 0.23009733375 0.5792416149999999 0.23337828875
10 0.292764295 0.7792195175000001 0.30432121625 0.77766223 0.3133604025 0.76692993125 0.3122811875 0.7284502437499999 0.3033979275 0.7097666850000001 0.29854549875 0.6568850075 0.29219353375 0.6448185587499999 0.27683627625 0.6370896575 0.25499146875 0.6428733124999999 0.248402225 0.6755701225 0.26477090125 0.73456821625 0.2800807 0.75124977 0.292764295 0.7792195175000001
10 0.30255599125 0.6265237375 0.308921515 0.63603228625 0.3268439625 0.64398354625 0.40762039375000003 0.656103635 0.42826395875 0.63486139625 0.4526400625 0.63569485125 0.46539822875 0.64959614625 0.46932736875000003 0.6345822799999999 0.46424444000000004 0.62518491125 0.42964146625 0.61706727125 0.3963888825 0.59627130875 0.32585287874999996 0.588877505 0.31430273625 0.5891558425 0.30269157875 0.60094473125 0.306451235 0.6179046225 0.30255599125 0.6265237375
10 0.60462494625 0.7704254512500001 0.62771845375 0.77114772625 0.6341721087500001 0.76402992 0.6342466825 0.7499614662499999 0.6445413487499999 0.74445614875 0.64076813375 0.73005415875 0.62674093 0.71348378375 0.58835118 0.693522055 0.58070306 0.6839023274999999 0.55380922125 0.6738938625 0.533274125 0.67467289625 0.533050405 0.71687825625 0.5432298225000001 0.7331150925 0.60462494625 0.7704254512500001
10 0.59312903875 0.7604721875 0.58671605625 0.75991629 0.5496428025 0.7336709887499999 0.5406442925 0.736729585 0.52661030875 0.72143816125 0.51763891625 0.71938095625 0.51118526 0.7264987625 0.49578732875 0.7264435625 0.488057855 0.73217123875 0.48540453125 0.748575235 0.48792904625 0.7564712950000001 0.50198336875 0.7679258675 0.56092855 0.7832717125 0.5956060974999999 0.7773208975 0.65587455125 0.78510422 0.66236210375 0.77159166375 0.6598647062499999 0.75857980125 0.648402695 0.742231785 0.63426702 0.7461246149999999 0.6328691750000001 0.7677555925 0.614885715 0.77131488375 0.5956738925 0.7645313950000001 0.59445909 0.7516307125 0.5906113024999999 0.75129717625 0.59312903875 0.7604721875
10 0.4924589675 0.14396528625 0.49883127125000004 0.152194885 0.5474343312500001 0.1819986975 0.55645995875 0.1738243 0.57179687625 0.18539005249999999 0.59491750125 0.1809965275 0.60254528375 0.19445310500000001 0.60895826375 0.19500900125 0.6384850875 0.19245032125000003 0.6475174975 0.18299697375 0.646404385 0.15091203625 0.6182482862500001 0.1369555425 0.5656889675 0.127281395 0.5246255575 0.12756051125 0.49638132749999997 0.13023037125 0.4924589675 0.14396528625
10 0.54370308625 0.40175578875 0.5320851475 0.41482363 0.52567216875 0.414267735 0.49112343 0.39591849250000005 0.48733665375 0.3840744025 0.479573285 0.39619683 0.47949871125 0.41026528375 0.54221710875 0.44001311875 0.5639398875 0.45725057 0.5767658475 0.45836235999999997 0.64076684125 0.48822137499999996 0.6574609275000001 0.48582985375 0.66272689875 0.46069556375 0.6704902675 0.44857313625000006 0.66542089875 0.4366178675 0.6551601300000001 0.43572843375 0.6332271899999999 0.4581384425 0.62552483375 0.4587503175 0.60761594625 0.4482411575 0.59746364875 0.42688852 0.5770641400000001 0.4020885475 0.54370308625 0.40175578875
10 0.34766379125 0.5894886 0.36559301875000005 0.5961609099999999 0.38099772875 0.59493716 0.39260210749999996 0.5844272187499999 0.39400673374999995 0.56151729375 0.38382053749999995 0.5465594075 0.38897803875000003 0.5418883225 0.38903227375 0.53165672 0.37126575250000005 0.49428960375000003 0.35328907 0.49656994625 0.34030040624999996 0.52615296 0.34532232 0.5470608825 0.33884832375 0.55801553875 0.33874663374999997 0.5771997925 0.34766379125 0.5894886
10 0.29397102375 0.55156636625 0.3104685075 0.58626440375 0.3155921125 0.5879880712500001 0.33876697125 0.57336294125 0.338841545 0.55929448875 0.34662525375000003 0.54333521125 0.33645261625000006 0.5258194225 0.30709527625 0.49640434624999996 0.30332206125 0.482002355 0.29311552875 0.47088132 0.2841170175 0.47393991625 0.27887816375 0.493958405 0.29028594125 0.5205380224999999 0.29397102375 0.55156636625
10 0.18567026875 0.64838018875 0.23438857999999999 0.6564418499999999 0.24718064375 0.66394839125 0.2537088725 0.6427621325 0.280677285 0.638702145 0.29602098250000003 0.6489889474999999 0.30746265625 0.6691738137500001 0.3189856825 0.6740112775 0.33068497125 0.64559603375 0.3063631025 0.6345309775 0.29999757875 0.62502242875 0.24227397875 0.62129831625 0.183233885 0.62385777625 0.17673955374999997 0.6386492825 0.18567026875 0.64838018875
10 0.59578784875 0.5009564562500001 0.55608838625 0.48599935 0.54837247125 0.48916912625000003 0.53534313 0.5264258425 0.533823255 0.5710779225 0.52214430375 0.595656315 0.52331165 0.61750965 0.5347736625 0.6338576662500001 0.55055124 0.56229165 0.58529658 0.5435513325 0.59578784875 0.5009564562500001
10 0.54168961 0.781604025 0.5646746475 0.8027895037499999 0.578654395 0.82831253 0.64511888875 0.87757815875 0.6720262875 0.8850287225 0.6758876337499999 0.88280435875 0.67597576625 0.86617800625 0.69011144 0.8622851737499999 0.68514376 0.8311456524999999 0.6723720350000001 0.8198022575 0.6480501674999999 0.8087372 0.62124445875 0.7821023825000001 0.590475715 0.77687618125 0.5750438849999999 0.78321573375 0.54428192 0.7767105825 0.54168961 0.781604025
10 0.38695649000000004 0.68118272375 0.38167696 0.70887491375 0.4214238775 0.71487936875 0.46651811875 0.6804021324999999 0.47048793625 0.657714565 0.45648107125000004 0.63730733875 0.42955333375000004 0.633693625 0.41538376374999997 0.6439812075 0.38695649000000004 0.68118272375
10 0.3883882325 0.6531569974999999 0.34480030749999996 0.645540055 0.3189856825 0.6740112775 0.30854865 0.70637455125 0.31619676875 0.71599427875 0.33422768625000004 0.70348233375 0.3663536025 0.69475126125 0.38823908500000004 0.6812939025 0.39605669125 0.65893987375 0.3883882325 0.6531569974999999
10 0.4028073475 0.35371547124999997 0.4130477775 0.35844175624999997 0.43876749 0.3478758375 0.46460245499999997 0.31556776249999996 0.47112390499999995 0.29566045375 0.48403799625 0.2801458925 0.49820078875 0.27113726125 0.50973059375 0.274695775 0.51501690375 0.24572463375 0.508692055 0.22854238500000001 0.485618885 0.22398325875000002 0.46372662124999997 0.23871956625 0.44305594 0.26507760625 0.42483519875 0.31340015875 0.40414417874999997 0.34359504874999997 0.4028073475 0.35371547124999997
10 0.46807737625 0.38624356499999996 0.4925416125 0.37045066624999995 0.522326055 0.319291875 0.5275784675 0.29671548625 0.5199710224999999 0.2794220575 0.50842088 0.27970039625 0.49563559625000003 0.2709149025 0.478880495 0.28481697624999996 0.428377915 0.37128645875 0.42826266500000004 0.39302861375 0.43208333625 0.39847795249999995 0.46288597875 0.3973094025 0.46807737625 0.38624356499999996
10 1 0.347244605 0.91613726375 0.3431922825 0.90462101875 0.33707586874999995 0.8044971762500001 0.343751295 0.7852243387500001 0.34847835875 0.7774745274999999 0.35804288624999997 0.7774270725 0.3669955375 0.78251677875 0.3751139575 0.7798566762500001 0.3927969025 0.79007676875 0.4013600375 0.83111306125 0.4061967225 0.89529031875 0.40280302874999996 0.9171486849999999 0.3944614725 0.97363714375 0.38912175374999997 0.99164094375 0.38172561125000004 1 0.38245019874999997 1 0.347244605
10 0.80278328625 0.9091585000000001 0.80410655875 0.9015959775 0.7964787762500001 0.88813940125 0.80420825 0.8824117250000001 0.80553830125 0.8735702512500001 0.77616062125 0.847992025 0.68898477 0.8327581399999999 0.69012499875 0.85972727375 0.682395525 0.86545495125 0.68100445875 0.88580697625 0.70916055625 0.89976347 0.7834765525 0.92028031625 0.80278328625 0.9091585000000001
10 0.44966262125 0.9553212437499999 0.46113819125 0.96911135875 0.4752399675 0.97161328 0.48290164750000003 0.9786751075 0.49188659875 0.97817441125 0.50091222625 0.97000001375 0.50739977875 0.9564874562500001 0.50623921375 0.93335517125 0.523082445 0.902826745 0.5231637975000001 0.8874793400000001 0.5026151449999999 0.8908162737499999 0.48730534374999995 0.87413472125 0.47320356875 0.8716328 0.45877638125 0.9305204912499999 0.45105368749999997 0.9349692175 0.44966262125 0.9553212437499999
10 0.4962157225 0.8877024775 0.5064561525 0.8924287624999999 0.52058504625 0.8898148825 0.5296377925 0.87652468375 0.53991889875 0.87357726625 0.53748251375 0.8490548525 0.51073782125 0.81090948125 0.47358999249999995 0.7987326337499999 0.44536610125000003 0.7975656425 0.44531864499999996 0.8065182937500001 0.47460141375 0.85000182375 0.47579587625 0.86673935625 0.4962157225 0.8877024775
10 0.6484162550000001 0.739673885 0.6649679725 0.7641403200000001 0.69830191125 0.76958888 0.7252771025 0.76424993875 0.7445838375 0.753128125 0.7459138887500001 0.7442866512499999 0.739548365 0.7347781037500001 0.74602235875 0.7238234475 0.73966361375 0.71303595 0.729409625 0.71086756625 0.7166514587499999 0.6969662712500001 0.6909588625 0.7024163887500001 0.6807116525000001 0.6989690550000001 0.67681640875 0.70758816875 0.65495804125 0.7159297262500001 0.6484162550000001 0.739673885
10 0.6293726225 0.45908385500000004 0.64358965 0.4398436225 0.6654480150000001 0.43150206625000004 0.6565918725000001 0.40770270625000005 0.62214482375 0.37016921125 0.6196270875 0.36099420125000004 0.58511902375 0.3349712575 0.5761272925 0.33675090375000005 0.56445512 0.3600503475 0.56306405375 0.3804023725 0.60890532125 0.44707338625 0.6242422387500001 0.45863913875 0.6293726225 0.45908385500000004
10 0.66496538625 0.28047475250000004 0.6585998625 0.270966205 0.61366832625 0.27474863625 0.60842947125 0.29476712375 0.6145306 0.35415473124999997 0.6297929437500001 0.3797889375 0.63102130375 0.39013171874999997 0.6463988987499999 0.39402377 0.6735300162500001 0.35926897500000005 0.66496538625 0.28047475250000004