12 0.29034304375000003 0.32006536124999996 0.3142645375 0.26601703875 0.32444811375 0.25253094875 0.46901336125 0.16372666125 0.5966186837499999 0.0775616125 0.60234161 0.06885014 0.60240335125 0.04809816375 0.5262038925 0.03508026 0.2695157 0.01796771375 0.19438530750000002 0.09051004875 0.13624974 0.15532326125 0.12338268375 0.16004589625 0.12116417500000001 0.18181357875 0.14551252874999998 0.2178091175 0.236988645 0.2957244525 0.24376499249999997 0.30657130125 0.29034304375000003 0.32006536124999996
12 0.464159795 0.7442481325 0.31807882125 0.66530912 0.33480892249999994 0.529750465 0.31197896 0.54384438625 0.29079087000000003 0.5665238125 0.275987715 0.5681473475 0.27917427499999997 0.54792921625 0.2774233975 0.48257418874999997 0.2879629425 0.44284971624999997 0.285685355 0.36771552999999996 0.264032295 0.35986382 0.18055669125 0.34837119625 0.11226384125 0.3477774025 0.08689751250000001 0.35036466375 0.084384775 0.37761875250000004 0.08558531 0.39443387125 0.1146268 0.44092036125 0.12223323625 0.59309417875 0.15437058625 0.83666145375 0.16593725750000002 0.8953884 0.20595963 0.89392080625 0.2581752325 0.88069462125 0.30430012875 0.88303791875 0.3596405525 0.8703455762500001 0.36945634499999996 0.86371749625 0.41185615499999995 0.85711939125 0.42643864125000003 0.8596106612500001 0.47261346375 0.82182160875 0.47326365625 0.7900968187499999 0.464159795 0.7442481325
12 0.5641472725 0.1006328075 0.45674715875 0.17124574125 0.39502063625 0.2022155975 0.33584990875000004 0.2415297425 0.32023443125 0.2527004 0.30463618125 0.29155080125 0.2993317075 0.30645990375 0.29784369875 0.30620569124999997 0.28618792125 0.3275431025 0.28979055 0.3443681825 0.2874620925 0.35978570625000006 0.28546603375 0.39700607625000006 0.29462142625 0.422293155 0.28157897 0.46948784875 0.27916268625 0.51454408625 0.277481795 0.545887555 0.27292994125 0.5747636349999999 0.34495024 0.51985247875 0.39423018499999996 0.46896402000000004 0.4646401925 0.3880778725 0.5228481899999999 0.33871468125 0.58135412625 0.25579484375 0.62447192375 0.207807475 0.59065072 0.1664450025 0.5641472725 0.1006328075
12 0.67264022875 1 0.67092584 0.9096406575 0.65303865375 0.515155735 0.57025267 0.51880482125 0.53763876125 0.538932955 0.493330895 0.55310946625 0.48533111624999997 0.50627375 0.45068669125 0.50826276 0.46008665125 0.5849913999999999 0.45938571625 0.65406366125 0.49420313875 1 0.67264022875 1
12 0.37757800125 0.86347898625 0.33465308625 0.87986867625 0.3291861175 0.95380984375 0.49009187875000004 0.971680605 0.4744742275 0.8207252875000001 0.43793879750000003 0.8579756999999999 0.41976752625 0.86080206625 0.37757800125 0.86347898625
12 0.67730653875 0.0626343975 0.60597457125 0.048708270000000005 0.6003675337500001 0.069259295 0.567228345 0.0991822625 0.599263605 0.17384717 0.62426181375 0.21172540874999998 0.41175389500000004 0.45021170875000005 0.47064391125 0.4721339575 0.48405321874999996 0.502101605 0.49161554625000004 0.52909344 0.49664071625 0.5473934625 0.681049025 0.44086444125 0.6828555787499999 0.09916685624999999 0.67730653875 0.0626343975
12 0.7581998299999999 0.2622841625 0.751441805 0.33229854625 0.738731745 0.40129608375 0.73694579625 0.43459852 0.7562193100000001 0.49522172750000004 0.7434920225 0.5365395199999999 0.7838611425 0.51180554 0.8085097299999999 0.500201185 0.8303045824999999 0.51380918625 0.9013793775000001 0.47652873 0.9700034375 0.42894501875 0.799348395 0.08301098874999999 0.68921060875 0.0646680875 0.7581998299999999 0.2622841625
12 0.6561197275 0.51370519125 0.66161539625 0.6352358575 0.79483525125 0.7271871262499999 0.82669822875 0.52505456625 0.8069166649999999 0.50190594 0.743702135 0.532621585 0.7548363575 0.49300854875 0.7329019925 0.42600002000000003 0.7585149987500001 0.2564072625 0.690488505 0.06884023125 0.6786095237499999 0.06633874249999999 0.68073385875 0.44674134000000004 0.5781129387499999 0.51224001 0.6561197275 0.51370519125
12 1 0.67008641 0.9537903925000001 0.6752664174999999 0.92350493875 0.67997702875 0.8999241375 0.69967146125 0.88886051375 0.6819660375 0.86538476875 0.6997015050000001 0.77792295875 0.8745433375 0.7807060925 0.90664944125 0.75457092 1 1 1 1 0.67008641
12 1 0.116023515 0.806855755 0.08302678125 0.9889100999999999 0.41240588375000004 0.9648229374999999 0.30153745125 1 0.26311096875 1 0.116023515
12 1 0.26901771625 0.9950911637500001 0.269147095 0.99519622 0.26718812750000004 0.9662058899999999 0.30375063 0.9901879975 0.41657802875 0.8019841074999999 0.08986503750000001 0.9729794549999999 0.42945343999999996 0.82860646125 0.51747291 0.7963232587500001 0.7274413362500001 0.6773531575 0.6497859812500001 0.7132221074999999 0.73696732375 0.71344944625 0.760729135 0.7249505225 0.79827844 0.7392002750000001 0.8125743525 0.7660894899999999 0.8151911875000001 0.82251153875 0.79913043375 0.84999663 0.73463397375 0.8701639624999999 0.6945872375000001 0.89204664375 0.6785565262500001 0.9162405499999999 0.61942854375 1 0.503669555 1 0.26901771625