1 1 0.17626643749999998 0.997721755 0.1007540575 0.9587641087500001 0.07748530125 0.9379939724999999 0.0745573375 0.47694033875 0.24375887375000002 0.4763992975 0.24178992875 0.47784525125 0.33031476 0.50062228875 0.36386529500000003 1 0.23748381500000001 1 0.17626643749999998
1 0.08420088249999999 0.41969440124999996 0.052246018750000005 0.66233857375 0.4629708875 0.67313091125 0.44673117375 0.25294035375 0.20630706624999998 0.1133734225 0.17818651875 0.12948133 0.11249202875 0.16709838875 0.1070012775 0.24043835875 0.08420088249999999 0.41969440124999996
4 0.19370538499999998 0.7622025925 0.28729114875 0.76318201625 0.41495026875 0.767451555 0.5122538575 0.79191958 0.52944361 0.7881748224999999 0.54033505625 0.79367598125 0.56858617875 0.79367598125 0.56574154375 0.7778823825000001 0.5050791975 0.63455964 0.48994192374999995 0.5945159775 0.46288891625 0.589047255 0.4644123025 0.6709337075 0.22346423125 0.66838323875 0.19774437875 0.668053675 0.1970872675 0.6687212549999999 0.19947222875 0.6886261725 0.1825670325 0.7196195262499999 0.16982813875000002 0.76396310875 0.19370538499999998 0.7622025925
13 0.49964383625000003 0.3366060675 0.57180461 0.425833765 0.6484104962499999 0.5210333375 0.748547895 0.6421384299999999 0.7794678374999999 0.67834467 0.791076025 0.67559853125 0.8006751649999999 0.6709329350000001 0.8097886 0.66641511875 0.81028013 0.663438515 0.7570492237499999 0.59975043875 0.65660987875 0.4778835275 0.56788896625 0.3704411525 0.5205032475 0.31173607000000003 0.51015816625 0.30055398 0.50883459875 0.30099096124999997 0.49987493125 0.30507587625 0.4908933675 0.3095821 0.483620885 0.31620560125 0.49964383625000003 0.3366060675
13 0.434605685 0.29419454625 0.44930283375 0.31438119 0.4790491625 0.34926181 0.6329127875 0.5309853600000001 0.7358730775 0.64752505125 0.74653059125 0.6441675062500001 0.7490850612500001 0.6419327812500001 0.61972433125 0.4854607175 0.48312037875 0.3166696575 0.48538415 0.31298630375 0.46051218125 0.28454897125 0.45293154999999996 0.28558278000000004 0.4401654925 0.2894047325 0.434605685 0.29419454625
13 0.6804041375 0.5050033075 0.7958496112500001 0.58967712625 0.7960749975 0.54691818 0.6874664425 0.47362550249999996 0.6121449175 0.42224784625 0.6804041375 0.5050033075
13 0.46921833125 0.38728878 0.48519214374999997 0.40465734249999996 0.49471104625 0.40406700375 0.54702376 0.47703968750000003 0.6414042512499999 0.5846168225 0.74144944625 0.7023888675000001 0.759592915 0.69703101625 0.7706025212500001 0.69001086375 0.630497435 0.52899928625 0.5004003162499999 0.38007668125000005 0.45937318875000005 0.332905865 0.44070619875 0.33783338375 0.434406035 0.34451180375 0.4343601725 0.3456026 0.4343601725 0.34582261000000003 0.46921833125 0.38728878
13 0.7017642075 0.776753875 0.726119135 0.8139960150000001 0.7382750849999999 0.811626345 0.75212620875 0.8072699025 0.7583221324999999 0.8012040387499999 0.648400255 0.6342494825 0.611610165 0.57812061875 0.516129525 0.4358668675 0.49466934375 0.40318892 0.48069354124999997 0.40726554125 0.46663857999999997 0.41230046625 0.47805376000000005 0.43288523875 0.5483461425 0.53793999625 0.7017642075 0.776753875
13 0.45726817500000005 0.39760117 0.44995433749999997 0.39807599875 0.43495280875 0.4018998525 0.42790921125 0.40642352125000003 0.44224538125 0.43424735124999997 0.48820970625 0.52450199375 0.52566263875 0.5984470375000001 0.56509157 0.680308755 0.63081997875 0.8093530275 0.6410956075 0.80978540375 0.65446421125 0.806922025 0.66311032875 0.8011185725 0.6493289575 0.769879385 0.54912686125 0.57622861625 0.48437051 0.44944834875 0.45726817500000005 0.39760117
13 0.5113002625 0.64803321875 0.5724640999999999 0.791423445 0.583991705 0.8186334125000001 0.60618913 0.8172950175 0.6202910362499999 0.81433122875 0.56346045125 0.6786082975 0.5000609175 0.5506609499999999 0.45513123499999997 0.4622116275 0.458022445 0.5185589199999999 0.46926233375000004 0.54793189125 0.5113002625 0.64803321875
13 0.54919077625 0.57528523375 0.6059709325 0.6859525424999999 0.6552789687499999 0.784405575 0.66605334375 0.8048874062500001 0.67663291125 0.8035765662500001 0.68750963625 0.80109749875 0.69721057125 0.796109265 0.672778505 0.75040872125 0.55597010375 0.55120678 0.49913478 0.46685520750000004 0.46693320875 0.41094703250000003 0.48439810375000003 0.40574913625000003 0.47897504249999995 0.39973223875 0.46305900375 0.40310288499999997 0.47370873375 0.42536345750000004 0.499421815 0.48043701749999995 0.54919077625 0.57528523375
9 0.572752535 0.37663608125000003 0.6177764975 0.42675073500000005 0.6802655237499999 0.46874654125 0.79609678125 0.54838884375 0.79455337375 0.58848999625 0.6769501262500001 0.5044853 0.7481830475 0.58992845625 0.81367770375 0.66435467375 0.7941994462499999 0.6733305187499999 0.776497575 0.67755059625 0.747879265 0.6438569 0.73322213 0.6487918125000001 0.7714523962500001 0.68940026 0.7433092125 0.70355432375 0.70506357625 0.6600509225000001 0.76387142375 0.7472998225 0.79573786625 0.7935634987500001 0.81652831625 0.7938865850000001 0.821714905 0.800101135 0.856876045 0.7992958975000001 0.93022174125 0.7760702525000001 0.9542480274999999 0.75475623875 0.98203159 0.7172178425 0.9193361437500001 0.68371663625 0.9293500025 0.67317610375 0.9377068625 0.613698355 0.93023613875 0.58522424125 0.85951236125 0.42198347249999996 0.8019376875 0.30314738875 0.76146150125 0.29387539749999997 0.72308513875 0.29940836625 0.71397320625 0.30687586125 0.55370324125 0.3475269125 0.557021525 0.34901425 0.55181553375 0.34783462875 0.572752535 0.37663608125000003
9 0.6495637474999999 0.59382177125 0.5708311975 0.5048460137499999 0.6409273625 0.61702729 0.7616995925000001 0.8064559262500001 0.7636349687499999 0.80656364375 0.7686291425 0.8041580325 0.7775733225 0.8013430425 0.7884991087500001 0.7967365399999999 0.79282330375 0.793427145 0.70619754375 0.6612285637499999 0.6495637474999999 0.59382177125