10 0.8206222612499999 0.30957276875 0.832838265 0.3107096425 0.8660903987499999 0.29867417125 0.915859565 0.29072407 0.94111084125 0.27953664125 0.9421877725000001 0.2689661925 0.92042495125 0.2513330025 0.8901855475000001 0.2518633325 0.8287157 0.26445801625000004 0.82123016375 0.2710875125 0.8206222612499999 0.30957276875
10 0.82132943875 0.18159051625 0.8181912237500001 0.16903515 0.8057175612499999 0.16500755 0.7556048475 0.16910335125 0.803345635 0.20635465 0.8269187725 0.1989926425 0.8317814149999999 0.1855892325 0.82132943875 0.18159051625
10 0.36539155125 0.93340736 0.3876300975 0.9337250725 0.39502974625 0.9261320000000001 0.4188605425 0.92166071875 0.4225207725 0.89476725125 0.3993374725 0.8838502075 0.33739859250000004 0.86853008125 0.32221615 0.85676499375 0.29331133875 0.8496156 0.25885679125 0.84816101375 0.2505123875 0.8451547537499999 0.22853150374999998 0.8477277675 0.18194683874999998 0.84609988125 0.1623311875 0.8525560799999999 0.22530070875 0.8794391125 0.23441809374999997 0.89111755125 0.25127867375 0.89905722 0.282119285 0.90527192 0.31356110125000003 0.9182316475000001 0.36539155125 0.93340736
10 0.926112425 0.7681954262499999 0.9261983125000001 0.7691590012499999 0.9241766250000001 0.7691301187499999 0.9224984875 0.77295553625 0.9146694037499999 0.7757307312499999 0.91475529 0.7766943075 0.912733605 0.77666542375 0.9128194924999999 0.777629 0.910797805 0.77760011625 0.9109695787500001 0.7795272675 0.9089478937500001 0.779498385 0.9100644212500001 0.7920248675 0.9120861075000001 0.79205375 0.91225788125 0.79398090125 0.91427956625 0.79400978375 0.91445134 0.795936935 0.9206881712499999 0.79795073625 0.92313929125 0.8027974975 0.92516097625 0.8028263800000001 0.92533275 0.8047535312499999 0.92735443625 0.8047824137499999 0.9274403237500001 0.80574599 0.9415062375 0.804984595 0.9433561487500001 0.8030863275 0.94739952375 0.80314409375 0.95118523375 0.8003111325000001 0.95320692 0.8003400162500001 0.9530351462500001 0.798412865 0.95699263125 0.797507055 0.95690674375 0.79654348 0.9609501162499999 0.79660124625 0.9607783437499999 0.794674095 0.9647358275000001 0.7937682850000001 0.964564055 0.791841135 0.96658574 0.7918700175 0.9661563074999999 0.78705214 0.9641346199999999 0.7870232575 0.9639628475 0.7850961049999999 0.9557902174999999 0.7840169962500001 0.9535967575 0.78206096375 0.9515750725 0.78203208125 0.95273788875 0.7724252075 0.9465010587499999 0.7704114074999999 0.9464151725000001 0.76944783125 0.94237179875 0.7693900650000001 0.9422859124999999 0.76842648875 0.93419916875 0.7683109575 0.9341132812499999 0.7673473825000001 0.9300699099999999 0.7672896162499999 0.93015579625 0.7682531925 0.926112425 0.7681954262499999
10 0.93930608375 0.8482588475 0.9615446300000001 0.84857656125 0.97711690875 0.84206259625 0.97978609375 0.8267031525 0.9438714699999999 0.80886778 0.9256762974999999 0.8086078325 0.93930608375 0.8482588475
10 0.7974378274999999 0.88761301625 0.8066015037500001 0.87715810125 0.82656070125 0.874556205 0.82570183375 0.8649204500000001 0.81632678875 0.85035128375 0.7912076899999999 0.84036893 0.706983975 0.8468644462499999 0.7102939625000001 0.8613469637500001 0.78328602625 0.8874108362500001 0.7974378274999999 0.88761301625
10 0.73467967625 0.88575406625 0.70392495375 0.8805029424999999 0.6859015549999999 0.8821701475 0.68116439375 0.9196340625 0.7598779675 0.94193028 0.78228828875 0.944175145 0.78977382375 0.93754564875 0.8096471375000001 0.9339801775 0.81274575375 0.92343861125 0.80237966375 0.92040347 0.81223043375 0.91765715875 0.8115433387500001 0.909948555 0.790381725 0.89906039125 0.73467967625 0.88575406625
10 0.8103275375 0.98691906625 0.83170721375 0.97760102625 0.83304180625 0.9699213037500001 0.8286548874999999 0.9660092349999999 0.8423772537499999 0.9613935375 0.84177604625 0.95464851 0.83949670125 0.9517289 0.8121841424999999 0.93979051375 0.7959247687500001 0.9385958737500001 0.7822024012500001 0.94321157125 0.7659430275 0.9420169300000001 0.6936380575 0.9236616625 0.6837014 0.92544439875 0.67655941125 0.9359281975 0.6779336 0.9513454075 0.6821487449999999 0.95333032375 0.702623265 0.95650988125 0.7358291075 0.966607765 0.75268968875 0.9745474350000001 0.7942399349999999 0.98765157875 0.8103275375 0.98691906625
10 0.8699937637499999 0.9540892962499999 0.894253995 0.95443589375 0.9040188775 0.95072600625 0.9064304 0.9324758375000001 0.88333298875 0.9225223674999999 0.8526641524999999 0.91823482 0.80668069625 0.92335196125 0.8038397399999999 0.9367842537500001 0.8570906675000001 0.9452438187500001 0.8699937637499999 0.9540892962499999
10 0.8309342325 0.96892884625 0.8333853525000001 0.973775605 0.8313636662499999 0.9737467225 0.83153544 0.9756738737499999 0.829513755 0.9756449912499999 0.8277497287500001 0.978506835 0.8237063575000001 0.97844906875 0.81789896 0.9812531475 0.8180707337500001 0.9831802974999999 0.81411324875 0.9840861074999999 0.8123492225 0.98694795 0.82650102375 0.98715013125 0.82860859625 0.98814259125 0.8323943075 0.98530963 0.84241685125 0.9844904699999999 0.84233096375 0.98352689375 0.84839602375 0.9836135437500001 0.85613921875 0.9798747725 0.86018259125 0.97993253875 0.8600108175 0.97800538875 0.865818215 0.9752013100000001 0.8654746675 0.9713470087499999 0.86749635375 0.97137589125 0.8676285312500001 0.95020611125 0.865606845 0.95017722875 0.8654350712500001 0.9482500775 0.85700478125 0.9442802437500001 0.8427670924999999 0.9431144862499999 0.84268120625 0.9421509100000001 0.832572775 0.942006495 0.83248688875 0.94104292 0.824400145 0.9409273874999999 0.8224643462500001 0.9418620799999999 0.82482958 0.945745265 0.8395825875 0.9526924762500001 0.8422913675 0.96042996375 0.82663320125 0.9659803512499999 0.8289125475 0.9688999625 0.8309342325 0.96892884625
10 0.8971412424999999 0.9188702462499999 0.9274665325 0.9193034925000001 0.93538150125 0.9174918737500001 0.931648775 0.85296119375 0.9254978300000001 0.8519109687499999 0.9215403449999999 0.85281677875 0.91775463375 0.85564973875 0.90579629 0.8574035925 0.9020964662500001 0.8612001275 0.906741045 0.8680029225 0.90876273125 0.868031805 0.9093639387499999 0.8747768337499999 0.9113856237500001 0.8748057174999999 0.91336102 0.8969679549999999 0.9115111075 0.89886622375 0.8995527662499999 0.9006200762500001 0.89374536875 0.9034241550000001 0.8929260975 0.9168853287500001 0.8971412424999999 0.9188702462499999
10 0.82268910375 0.8764255900000001 0.8045798175000001 0.87712921875 0.80290167875 0.8809546374999999 0.8338281750000001 0.88813291125 0.85490390125 0.8980574987500001 0.89340182125 0.8995698525 0.907210075 0.8959177312500001 0.91112796375 0.87191499 0.88330008625 0.85419515125 0.8589539675000001 0.85288497875 0.8234224887499999 0.86200083875 0.82268910375 0.8764255900000001
10 0.24072855875 0.39559820625000003 0.24907296124999997 0.398604465 0.27350496750000003 0.40087821375 0.28184937 0.4038844725 0.3081312875 0.40425995125 0.31806794374999997 0.40247721625 0.3172949625 0.39380503625 0.2955321425 0.376171845 0.285384115 0.3529304975 0.27205158625 0.3392671425 0.2679223275 0.3382458 0.269342805 0.331529655 0.2647841125 0.32569043625 0.25846139625 0.32271306000000005 0.23420116375 0.32236646375 0.22443628125 0.32607635 0.2227581425 0.32990176875000005 0.23045504875 0.34829635375 0.23182923625000001 0.36371356374999997 0.24314008125 0.37734803624999996 0.23819155125000002 0.38978787 0.24072855875 0.39559820625000003
10 0.22033992624999998 0.39338222625 0.23423406624999998 0.39069368 0.23397640625000002 0.3878029525 0.24365540125 0.38312949 0.2429683075 0.37542088625 0.236473815 0.37051635875 0.22425781375 0.36937948374999996 0.22550651875 0.3607361875 0.21496865499999998 0.355773895 0.180599995 0.35528288375 0.07314669 0.37299470999999995 0.03855996375 0.3927099 0.04320454375 0.39951269625 0.0555064325 0.40161314625000005 0.06023689875 0.40937951624999996 0.1169299925 0.41115181874999995 0.18640069874999998 0.39770909000000004 0.20670344375 0.39896149625 0.21461841375 0.39714987749999997 0.22033992624999998 0.39338222625
10 0.231340125 0.4714896125 0.23512583625000003 0.4686566525 0.21469760625 0.44334374125 0.19809468625 0.43829479875 0.16209417625 0.41949584875 0.1169299925 0.41115181874999995 0.0744745875 0.41054527375 0.07541934125 0.421144605 0.08595720500000001 0.42610689749999997 0.11899127375000002 0.43427763124999996 0.12264480875 0.45261445 0.14449351625 0.47121121625 0.1571389525 0.4771659675 0.20423893625 0.48457530749999994 0.214089705 0.481828995 0.2193817825 0.473243465 0.231340125 0.4714896125
10 0.02565017375 0.42909470874999994 0.01641686125 0.4432552475 0.01900344375 0.51309297 0.0210318025 0.53584941625 0.07497652 0.5067872987500001 0.10328681625 0.461961375 0.11834377625 0.44966595750000005 0.12118473375000001 0.43623366625000004 0.053094908749999996 0.41986331625 0.03700731 0.42059582624999997 0.02565017375 0.42909470874999994
10 0.02695799 0.60233613 0.038830445 0.5996187012499999 0.0728159625 0.57315848125 0.08103488499999999 0.55210423375 0.1114064625 0.53040412375 0.12904671875 0.5017856875 0.11437959749999999 0.49580205374999997 0.0802685975 0.4982017675 0.06925500875 0.51055495125 0.021117689999999998 0.53681299125 0.02695799 0.60233613
10 0.1391155525 0.47883317249999996 0.1667253675 0.51675921625 0.20827561500000003 0.52986336125 0.2264707875 0.5301233074999999 0.25585132250000003 0.51995722125 0.2566705925 0.5064960475 0.24535975000000002 0.492861575 0.22867094125 0.48684905624999997 0.19025890875 0.48630027750000004 0.15098800875 0.47611574375 0.1391155525 0.47883317249999996
10 0.20322780999999998 0.63180019 0.19695138125 0.60668945875 0.144566015 0.562635365 0.12129682875 0.55075474375 0.0975519175 0.55618960125 0.08129254375 0.55499496 0.0785374725 0.56939082875 0.06137294125000001 0.5806937875 0.0979746575 0.6062377637499999 0.12278980625000001 0.635462745 0.16442593875 0.649530465 0.210059155 0.685789305 0.23414761250000002 0.6842087499999999 0.2388384825 0.6688781912499999 0.20322780999999998 0.63180019
10 0.02953459375 0.6312433975 0.03262651625 0.6659321199999999 0.0754254675 0.6703929662500001 0.10888897125 0.6833815775 0.1413218325 0.68480728125 0.149150915 0.68203208625 0.17010116 0.6678961674999999 0.16881285875 0.6534425325 0.14562955875 0.64252548875 0.11083146375 0.63721659875 0.10231528625 0.6322831875 0.02953459375 0.6312433975
10 0.21038318625 0.53085581875 0.17515565875 0.52072905125 0.15777975625 0.5070079275 0.13579887125 0.50958094125 0.11652676749999999 0.5198914425000001 0.12843881875 0.54027094375 0.15390146375 0.5541075987499999 0.18087047625 0.5621916837500001 0.22560522500000002 0.5657178375 0.23670470125 0.55432822875 0.25279230125 0.5535957175 0.2541268925 0.54591599625 0.23244996 0.52924638125 0.21038318625 0.53085581875
10 0.2971701175 0.64372814125 0.29656891 0.6369831125000001 0.279021235 0.6213348387500001 0.25811728 0.61333740375 0.25734429875 0.6046652225 0.22185911125000002 0.5916477299999999 0.20456909625000003 0.57889018125 0.18190111625 0.57375459125 0.15205155125 0.5560058675 0.13992143625 0.5558325700000001 0.15140405375 0.571394195 0.19686549500000003 0.60572588375 0.20339958374999997 0.63372734125 0.2255918375 0.65617841 0.25028150374999997 0.6613428825 0.2760481 0.6559369100000001 0.2971701175 0.64372814125
10 0.3011209075 0.6880526175 0.30838838125 0.70162932625 0.31471109875 0.7046066999999999 0.37518990375 0.7035460425 0.38276132625000003 0.69788012 0.3806141575 0.67379073125 0.37799126375000003 0.6670168187500001 0.37175443375 0.66500301875 0.36672671125 0.63124899125 0.345049775 0.614579375 0.3325365175 0.5874548425 0.32402033875 0.58252143375 0.29782430875 0.58310953 0.29201691125 0.5859136075 0.2969587475 0.61870406 0.29158078374999996 0.626326015 0.29725600375 0.6446917175 0.2934702925 0.6475246775 0.295273915 0.667759765 0.30202606625 0.67555501875 0.3011209075 0.6880526175