2 0.48163098125 0.869580875 0.48835620375 0.8473004875 0.50425327875 0.8391883437500001 0.55613860375 0.8334041437499999 0.5752659775 0.8388044050000001 0.5888436275 0.83208072 0.60127734875 0.7923411575 0.5937471049999999 0.7799985975 0.5264094625 0.77256578875 0.48531624749999996 0.7367847437499999 0.44736883874999994 0.79179736 0.439626895 0.81889896375 0.44150156500000004 0.83883965625 0.48163098125 0.869580875
2 0.5097918575 0.6687737312500001 0.49316404249999996 0.68996106 0.4874026175 0.71728127375 0.497146435 0.7479574575 0.5300315925 0.7746100850000001 0.6250965 0.78510346125 0.6482378375000001 0.7810799075 0.7188902712499999 0.72474386875 0.75316262625 0.6775479975 0.7529824924999999 0.6495719475 0.73865274625 0.61181164375 0.714314555 0.59268036 0.6876040125 0.58479857875 0.64731582 0.5836404825 0.6148967774999999 0.5932178725 0.57942757 0.6172589075 0.55511073375 0.65568679875 0.5097918575 0.6687737312500001
2 0.7934823862499999 0.61128588125 0.814230015 0.5609526549999999 0.7925501575 0.53882584125 0.7536705175 0.52137841875 0.7051213425 0.52095294375 0.6811963400000001 0.5479127225 0.64906328 0.5657440825 0.63939374375 0.58276603375 0.6935455675 0.5854544150000001 0.7271614662499999 0.59903186 0.758871125 0.66008882375 0.7934823862499999 0.61128588125
2 0.73587741625 0.4519906975 0.72547713875 0.48208783 0.7372544025000001 0.503121585 0.75400942625 0.5197713475 0.7784005412499999 0.5290415875 0.80703867875 0.54700302375 0.82124121875 0.546926235 0.8383667174999999 0.494548715 0.848872845 0.4447295 0.85275959875 0.39746859125 0.8498152837499999 0.39221015375 0.8012661087499999 0.39178468 0.7876884587499999 0.398508365 0.77835782875 0.41392324375 0.76676069625 0.42086554125 0.7474745475 0.44504839875 0.73587741625 0.4519906975
2 0.61927006875 0.33222821375 0.5977174175 0.34793849125000004 0.5803588625 0.3822010025 0.6179887225 0.38635463000000003 0.661380005 0.36318804374999997 0.7161567200000001 0.37252332375 0.72962852 0.38552172 0.7423166562500001 0.42145634 0.73095258125 0.4465136475 0.73853575 0.44899516624999997 0.7833355875 0.40953925375 0.80413614 0.34934498499999994 0.7851675437500001 0.3143616 0.76807361125 0.29931890875 0.74566301375 0.29026727874999997 0.6934917075 0.28779751000000003 0.63459518125 0.30760813 0.61927006875 0.33222821375
2 0.57380440375 0.38270794625 0.54162835 0.44092703 0.5398808887500001 0.4588234275 0.5287285150000001 0.44443657000000003 0.5191119024999999 0.45159748 0.52846389 0.493741775 0.5530351375 0.5309880675 0.59118403875 0.56151067375 0.64035810375 0.56858304625 0.67877162625 0.54980045 0.69404381375 0.5350414075 0.6980577762500001 0.52561759 0.68815518125 0.52452452875 0.68786919875 0.51627056125 0.7327219624999999 0.4669536075 0.7370005500000001 0.4082245875 0.7144098200000001 0.37119690624999996 0.6592941975 0.36346869875000004 0.6225222862500001 0.38407697874999996 0.57380440375 0.38270794625
2 0.317745595 0.820245885 0.30638152125 0.8453031937500001 0.31917550625 0.8615157325 0.36105238624999997 0.87436055375 0.41327661875 0.8669692824999999 0.438684455 0.8714183099999999 0.45825658750000003 0.85548941875 0.443143175 0.84066534125 0.4399658025 0.81729189125 0.47705526499999995 0.7375173687500001 0.390929155 0.7230772249999999 0.3658073 0.7268821662499999 0.31438809 0.7688963875 0.30766286875 0.7911767749999999 0.317745595 0.820245885
2 0.5890857562499999 0.27733620125 0.5818222125 0.27787215875 0.58044375875 0.2844086825 0.57304674 0.293402275 0.5668305275000001 0.2994048 0.5600855775 0.32095588375 0.55782462375 0.34211007125000004 0.56862550625 0.35088280875 0.580900805 0.37222948250000004 0.5884083050000001 0.3561878275 0.59807501875 0.34164793250000003 0.61724735875 0.32637362375 0.62646840375 0.31133863 0.64148275125 0.302739975 0.6817104775 0.28934388 0.6655343575 0.2799778175 0.6457931087500001 0.2666509575 0.63626491625 0.25445142625 0.63125722375 0.25211504875 0.6183565462499999 0.25069105625 0.60596571 0.2546742725 0.6022672112499999 0.2591710175 0.5958533525 0.26871907125 0.5890857562499999 0.27733620125
2 0.65195373625 0.27334561749999997 0.67928916875 0.2878742975 0.7397214575 0.2896114425 0.77169574125 0.301363205 0.80377587625 0.29339288375 0.833642435 0.2670889425 0.83369536 0.25722790125 0.7929410525 0.21983978625 0.6837051737500001 0.14200298249999999 0.66220544875 0.14785221999999998 0.6419555025 0.16699525375000002 0.62086896625 0.21893555125 0.63389600875 0.2532631 0.65195373625 0.27334561749999997
2 0.5820636100000001 0.24918625875 0.63389600875 0.2532631 0.62053005875 0.2205426225 0.63895826 0.17159785500000002 0.6592082075000001 0.1524548225 0.6464671475 0.12638124250000002 0.604304285 0.1052824525 0.57493541 0.10039620125000001 0.535791145 0.13225398124999999 0.5193963875000001 0.17155631875000002 0.52382353875 0.2082235625 0.5468061012500001 0.23378312999999998 0.5820636100000001 0.24918625875
2 0.41596464625 0.18151764750000002 0.39271745875 0.20526328249999998 0.3852614975 0.24061885624999999 0.403838265 0.2870703525 0.43474290250000003 0.31350436875 0.46077563125 0.32460029375 0.49840549 0.32875392249999996 0.53676608875 0.31983236625 0.5951435775 0.2736527675 0.597854835 0.26079619625 0.58800516625 0.249842095 0.53956184125 0.22969454125 0.5215570375 0.19975098125 0.52137690625 0.17177493125 0.5009468275 0.16294191375 0.46693909875 0.16083258125 0.44113942875 0.16785166499999998 0.41596464625 0.18151764750000002
2 0.378410005 0.53258009625 0.35346828125 0.56436108875 0.3589121575 0.59620711875 0.37363373625 0.6224993099999999 0.42496845125 0.657766345 0.4678620525 0.6657899512500001 0.52071117375 0.66504557875 0.5547718275 0.6572938687500001 0.5844053287500001 0.6128749175 0.63775213375 0.58094035 0.6338440187500001 0.57064208625 0.606116755 0.5675815175000001 0.571198155 0.5505713175 0.540007535 0.5158833325 0.45552303625 0.50326887375 0.43470112375 0.50590396875 0.378410005 0.53258009625
2 0.42909847624999997 0.50364106 0.45784246125000005 0.5018804137499999 0.53242436625 0.51340181375 0.53609942125 0.5055850675 0.51207877875 0.42728754125 0.545408695 0.43261101625000004 0.57939506625 0.37716117625 0.57746747 0.3670815225 0.55771520625 0.35503436374999997 0.5184437362500001 0.34905505124999997 0.48008313874999997 0.3579766075 0.453891635 0.37646380375 0.4342665775 0.40225373500000006 0.414482745 0.45762678749999997 0.42909847624999997 0.50364106
2 0.46820096125 0.66418288 0.43651265875 0.6606850875000001 0.41246044875000004 0.64980777375 0.3775947725 0.62293653375 0.37363373625 0.6224993099999999 0.37063649374999996 0.6271019125 0.3695668475 0.6417841675 0.377669055 0.67063466625 0.40229322875 0.6980199175 0.41514013875000005 0.7043714175 0.42498980875000003 0.71532551625 0.44904201875 0.72620283 0.46652778125 0.72977741 0.48966911750000003 0.72575385625 0.48808043125 0.71406713125 0.49214732 0.694782275 0.5021557637499999 0.67615325375 0.5117723762499999 0.66899234375 0.51080857875 0.6639525187499999 0.47482033125 0.6616245737500001 0.46820096125 0.66418288
2 0.36760768624999995 0.6991247287500001 0.33711623625000003 0.7187817725 0.288228155 0.71996337125 0.26021490750000004 0.7086488337500001 0.23803736625 0.7177122125 0.2465314075 0.7350946 0.20189034374999998 0.74496739125 0.1866181575 0.75972643375 0.19115116000000001 0.7766715962499999 0.228833945 0.7709641825 0.2555444875 0.778845965 0.28040171875 0.8243462275 0.30247340875 0.8350049287500001 0.31610398375 0.81842020375 0.30930448 0.79300245875 0.31337136875 0.77371760125 0.3499102225 0.73499431125 0.3806876525 0.7235912375 0.43218114625 0.72927514875 0.44938092500000004 0.72459575875 0.42697032749999997 0.71554412875 0.37993555625 0.6791072475 0.36760768624999995 0.6991247287500001
2 0.23163990625 0.5558469712499999 0.20912345875 0.56651742375 0.18655408625 0.587048915 0.1757619775 0.62861416 0.18047511125 0.673535375 0.219301825 0.70084383875 0.26253433375 0.7072603737500001 0.291850285 0.72200766625 0.30967495375 0.7239751750000001 0.34373560875000003 0.7162234650000001 0.37026602 0.69612919625 0.37670525875000005 0.66559484 0.3616976975 0.63104868 0.35211265124999996 0.570789375 0.33921281625 0.57429891875 0.32902424 0.5649518874999999 0.297049955 0.5532001262499999 0.2633811325 0.54948372375 0.23163990625 0.5558469712499999
2 0.32142992625 0.37993181 0.29993020000000004 0.38578104750000003 0.27871645624999997 0.39988425375 0.24415811999999998 0.438826155 0.2394134175 0.46132515625000003 0.24451838375 0.49477825625 0.25725944500000003 0.52085183625 0.2858446575 0.54867431375 0.31221629125 0.55816316625 0.35120178 0.55588850875 0.37609057874999996 0.5339685562500001 0.42112347375 0.51262765375 0.42479852875 0.50481090875 0.41617728249999997 0.44959142999999996 0.4212608925 0.42548535875 0.40223936875 0.400363015 0.39549278875 0.36508422875 0.3711545975 0.3459529475 0.36057418875 0.34807403125 0.32142992625 0.37993181
2 0.066441605 0.6280586125 0.045227861249999994 0.64216182 0.02690551 0.671384505 0.036988235 0.70045361625 0.050798943750000006 0.71184494 0.09392560250000001 0.73798355875 0.13942461125 0.75287267375 0.168507505 0.74950495625 0.21500188 0.70201368625 0.17951131625 0.66849554875 0.1795428825 0.60107533375 0.1660181575 0.59793798 0.1408433775 0.6116039612499999 0.13094078250000002 0.6105109012500001 0.10467499625 0.58129996625 0.10144469750000001 0.56778755875 0.0798391225 0.5933588774999999 0.066441605 0.6280586125
2 0.0942533625 0.5538379274999999 0.11220523874999999 0.59364252625 0.14050446875 0.61321103375 0.1636987325 0.5993264387499999 0.18350392124999998 0.6015125575 0.18621517999999998 0.5886559874999999 0.22236220125 0.56140081 0.2752642475 0.5507953962500001 0.2789393025 0.54297865 0.25595674 0.5174190825 0.24259079125 0.48469860375 0.20999161624999998 0.46629994375 0.17666170125 0.46097647 0.14424266 0.47055386125 0.11471501 0.49525073124999996 0.0942533625 0.5538379274999999
2 0.06661059125 0.47349610625 0.059832445 0.50563753375 0.06267091 0.53061805375 0.06822063375 0.5427420025 0.073198395 0.53835801125 0.09696462125 0.54098135625 0.1080427125 0.50767008 0.1223511025 0.48787121 0.14622317875000002 0.47077247375 0.16574238624999998 0.464704625 0.1664202 0.46149048125000003 0.15492892 0.44871069625 0.148754305 0.42993985 0.12232974499999999 0.4303120375 0.1028105375 0.43637988624999996 0.086574555 0.44609910375 0.06661059125 0.47349610625
2 0.1520690975 0.36617100375 0.14206065125 0.384800025 0.13765485625 0.405691955 0.141510045 0.42585126125 0.15005701 0.43337260499999997 0.16245916375 0.46105325625 0.20405006 0.4656441075 0.22612175 0.47630280875 0.2380048625 0.47761448125 0.24681645249999998 0.43583062375 0.29297192 0.38994642625 0.24809780125 0.38170420625 0.21617644125000002 0.36009140500000003 0.20468515875 0.34731162125 0.201115955 0.33540628499999997 0.19319387875 0.3345318375 0.16502185749999998 0.35280042125 0.1520690975 0.36617100375
2 0.29693295875000003 0.39038364999999997 0.33268814874999997 0.37459658375 0.36023528125 0.34968110125 0.37238301999999995 0.30168757 0.3501311975 0.26305281875 0.3294151375 0.24596583 0.29579924125 0.2323883875 0.23468913749999998 0.2338653825 0.2184002275 0.25344564125 0.2007770475 0.337013355 0.217479145 0.36352416 0.251381025 0.38535557375 0.29693295875000003 0.39038364999999997
2 0.15311738625000001 0.29392957625 0.16885568750000002 0.315400555 0.1958522125 0.331536305 0.2021326775 0.33058507 0.226714135 0.24285197625 0.24063069375 0.23452121874999998 0.27169410625 0.23137211375 0.32845133875000004 0.24092600375 0.3368710975 0.21061025874999997 0.27417230625 0.2004005325 0.21600652 0.20713596750000002 0.1692790875 0.23651222875 0.15463179125 0.25791816875 0.14988708875 0.28041716875 0.15311738625000001 0.29392957625
2 0.481480545 0.15914872125 0.52007420125 0.16834217625 0.5348273487499999 0.12721415375 0.49323645125 0.1226233025 0.43574847875000006 0.126144595 0.38579074875 0.1420084475 0.350480315 0.13646636125 0.33385249875 0.15765368999999999 0.30906955125 0.15985155875 0.33306883499999995 0.18058991375000003 0.33132137375 0.19848631125000002 0.33952943124999996 0.20761472874999998 0.33540961875 0.2367606275 0.36615548 0.29277776375 0.38952987499999997 0.30686922 0.39836282375000004 0.32264453625 0.409959955 0.3157022375 0.43638451375000004 0.31533005124999997 0.40089395000000005 0.28181191375000003 0.38718909250000005 0.25069850625 0.39537579375 0.20226775249999998 0.41364522125000003 0.1829061075 0.45437817 0.16273505124999998 0.481480545 0.15914872125