17 0.16245487375 0.645653985 0.15967786625 0.61649541875 0.19577895 0.545681755 0.1444043325 0.61788392 0.10830324875000001 0.67342404875 0.13746181625 0.7164676475 0.172174395 0.66787003625 0.2054984725 0.6039988900000001 0.16245487375 0.645653985
17 0.42488197624999996 0.52624271125 0.4707025825 0.4401555125 0.50124965375 0.41099694625 0.48042210500000004 0.38461538500000003 0.43321299625000004 0.44987503375000004 0.38600388750000003 0.51513468375 0.33185226375 0.61649541875 0.28742016125 0.67897806125 0.25687308999999997 0.73035268 0.25270758125 0.7414607062499999 0.267981115 0.7414607062499999 0.33046376 0.66092752 0.372118855 0.6039988900000001 0.42488197624999996 0.52624271125
17 0.51235767875 0.70674812625 0.50819217 0.7317411825000001 0.50819217 0.79977783875 0.519300195 0.84282143875 0.541516245 0.8858650375 0.56373229625 0.91641210875 0.56650930375 0.90808108875 0.58733685 0.8664259925000001 0.549847265 0.7747847812499999 0.53179672375 0.72618717 0.51235767875 0.70674812625
17 0.86087198 0.38600388750000003 0.819216885 0.40821993874999996 0.7900583175 0.42904748750000005 0.78589280625 0.45542904749999996 0.7970008337500001 0.45265204124999997 0.84282143875 0.42904748750000005 0.89697306375 0.40821993874999996 0.8997500687500001 0.38183837875000004 0.86087198 0.38600388750000003
17 0.5928908625 0.56650930375 0.61649541875 0.46931407999999997 0.63871146875 0.38739239124999997 0.6317689525 0.27770063875 0.6012218825 0.31241321875 0.59705637375 0.41793946249999997 0.584559845 0.5054151625 0.56095529 0.55678978 0.55401277375 0.62204943125 0.541516245 0.680366565 0.5165231875 0.70674812625 0.545681755 0.73035268 0.56373229625 0.737295195 0.57484032125 0.6942515975000001 0.5928908625 0.56650930375
17 0.74423771125 0.3360177725 0.74423771125 0.30130519375 0.7011941125 0.32352124375 0.6359344625 0.37906137125 0.63038045 0.42904748750000005 0.61371841125 0.46792557625000003 0.61649541875 0.46514857 0.63038045 0.48181060875 0.6664815325 0.43321299625000004 0.7136906412499999 0.36239933375 0.74423771125 0.3360177725
17 0.43876700874999996 0.33185226375 0.43876700874999996 0.30130519375 0.454040545 0.29297417375 0.44709802875 0.2054984725 0.46098306 0.16245487375 0.4401555125 0.172174395 0.41932796375000003 0.1749514025 0.406831435 0.26936961875000004 0.42210497125 0.37350735874999996 0.445709525 0.42904748750000005 0.4665370725 0.4012774225 0.45959455749999995 0.35684532124999996 0.43876700874999996 0.33185226375
17 0.48458761375000003 0.46237156375 0.48458761375000003 0.43043598875 0.46514857 0.45542904749999996 0.45681755 0.4748680925 0.49847264625 0.5692863087500001 0.51235767875 0.53457372875 0.4970841425 0.49847264625 0.48458761375000003 0.46237156375
17 0.50402665875 0.7484032225 0.49430713750000005 0.715079145 0.4318244925 0.79561233 0.42210497125 0.82199389 0.44848653125 0.8414329349999999 0.46514857 0.8414329349999999 0.48736462125 0.7970008337500001 0.50402665875 0.7484032225
17 0.2596500975 0.66509302875 0.215217995 0.7053596225 0.19300194375000002 0.7400722025 0.172174395 0.79144682 0.1943904475 0.776173285 0.19022493625 0.784504305 0.24298805999999998 0.72757567375 0.28880866375 0.6762010562499999 0.3054707025 0.62343793375 0.2596500975 0.66509302875
17 0.349902805 0.372118855 0.376284365 0.43599000375 0.39294640375 0.50402665875 0.42627048 0.454040545 0.42071646749999997 0.36101083 0.380449875 0.27353513 0.3360177725 0.27214662624999997 0.31935573500000003 0.2818661475 0.32907525625 0.29991669000000004 0.349902805 0.372118855
17 0.46931407999999997 0.62204943125 0.45542904749999996 0.5484587612499999 0.45681755 0.48736462125 0.45265204124999997 0.47903360125 0.42904748750000005 0.51235767875 0.4123854475 0.54290474875 0.40266592625000003 0.5651208 0.42627048 0.6414884750000001 0.44848653125 0.68730908125 0.46237156375 0.66231602375 0.46931407999999997 0.62204943125
17 0.3165787275 0.3138017225 0.3249097475 0.28880866375 0.349902805 0.2707581225 0.36795334625000004 0.22354901500000002 0.33879477999999996 0.21382949125 0.31935573500000003 0.14301582875 0.30130519375 0.16245487375 0.29852818625 0.25270758125 0.28880866375 0.32074423875 0.27492363125 0.42071646749999997 0.29991669000000004 0.4012774225 0.30408219875 0.35267981 0.3165787275 0.3138017225
17 0.2943626775 0.6317689525 0.30824771 0.6067758950000001 0.2901971675 0.59705637375 0.3096362125 0.56650930375 0.29297417375 0.5595667875 0.2207720075 0.6637045275 0.18189391875 0.6706470437500001 0.18467092375 0.7011941125 0.21660649875000001 0.6942515975000001 0.22216051125 0.6984171062500001 0.254096085 0.66925854 0.2943626775 0.6317689525
17 0.2054984725 0.60538739125 0.21244098874999998 0.58039433625 0.23465703999999998 0.5484587612499999 0.26381560625 0.51235767875 0.2943626775 0.488753125 0.27353513 0.4665370725 0.24021105250000002 0.47764509875 0.19716745249999998 0.5470702575 0.16106637 0.6123299074999999 0.15690086125 0.645653985 0.2054984725 0.60538739125
17 0.5484587612499999 0.63315745625 0.48042210500000004 0.66509302875 0.4346015 0.6984171062500001 0.40544293375 0.7289641775 0.39155790125 0.71924465375 0.3748958625 0.7636767562500001 0.40544293375 0.76645376375 0.46376006625000005 0.72757567375 0.53735073625 0.6817550687499999 0.5484587612499999 0.63315745625
17 0.3637878375 0.7692307687500001 0.4096084425 0.70397111875 0.4346015 0.66509302875 0.39850041750000004 0.688697585 0.39294640375 0.645653985 0.41655095875000003 0.615106915 0.39988892 0.5651208 0.30685920625 0.6859205774999999 0.32352124375 0.688697585 0.37906137125 0.62482643625 0.31519022625000004 0.7317411825000001 0.27353513 0.7970008337500001 0.2790891425 0.81366287125 0.23326853625 0.8539294637499999 0.23882254875 0.863648985 0.24159955624999999 0.86503748875 0.28325465125 0.8275479025 0.32907525625 0.7803387937499999 0.32352124375 0.8053318525000001 0.3637878375 0.7692307687500001
17 0.64287697875 0.4970841425 0.61788392 0.4707025825 0.6067758950000001 0.50680366625 0.6414884750000001 0.5692863087500001 0.6567620112500001 0.5762288250000001 0.6637045275 0.53318522625 0.64287697875 0.4970841425
17 0.6970286025 0.57206331625 0.6942515975000001 0.51513468375 0.69147459 0.47347958875 0.6970286025 0.39433490624999995 0.66787003625 0.43599000375 0.649819495 0.45959455749999995 0.6470424875 0.50402665875 0.66509302875 0.53179672375 0.6706470437500001 0.5762288250000001 0.6970286025 0.57206331625
17 0.73035268 0.35406831375000003 0.69147459 0.38739239124999997 0.688697585 0.44154401625 0.688697585 0.48597611749999997 0.70397111875 0.510969175 0.72757567375 0.47903360125 0.75812274375 0.39155790125 0.7553457362499999 0.35406831375000003 0.73035268 0.35406831375000003
17 0.510969175 0.5276312125 0.502638155 0.58039433625 0.4970841425 0.62204943125 0.50523997875 0.651954155 0.5276312125 0.6400999725 0.53457372875 0.5706748125 0.5442932524999999 0.519300195 0.5512357675 0.47903360125 0.5387392387500001 0.46098306 0.510969175 0.5276312125
17 0.7886698137499999 0.4429325175 0.79561233 0.3637878375 0.77200777625 0.36101083 0.76089975125 0.39433490624999995 0.7289641775 0.46792557625000003 0.71785615125 0.50819217 0.6984171062500001 0.55817828375 0.7011941125 0.5762288250000001 0.7206331575 0.5762288250000001 0.68453207375 0.5984448775 0.67342404875 0.62343793375 0.67342404875 0.62899194625 0.6748125525 0.62621494 0.6942515975000001 0.69980561 0.7414607062499999 0.6206609275 0.7622882525 0.5442932524999999 0.7886698137499999 0.4429325175
17 0.50819217 0.26103860125 0.53318522625 0.29575118 0.549847265 0.28880866375 0.55401277375 0.2707581225 0.5734518200000001 0.2374340475 0.55678978 0.22771452374999998 0.53735073625 0.1749514025 0.49153013 0.23326853625 0.49569564125 0.23465703999999998 0.488753125 0.23326853625 0.50819217 0.26103860125
17 0.49430713750000005 0.245765065 0.44987503375000004 0.20410996874999998 0.454040545 0.26381560625 0.50402665875 0.327686755 0.5442932524999999 0.40266592625000003 0.56373229625 0.35267981 0.55401277375 0.32907525625 0.49430713750000005 0.245765065
17 0.34018328124999997 0.41377395125 0.32213274 0.38461538500000003 0.23326853625 0.4665370725 0.24159955624999999 0.48458761375000003 0.29713968375 0.4429325175 0.34018328124999997 0.41377395125
17 0.22354901500000002 0.59566787 0.2374340475 0.61371841125 0.2818661475 0.55678978 0.29852818625 0.56234379375 0.3249097475 0.55401277375 0.376284365 0.50124965375 0.349902805 0.45542904749999996 0.2901971675 0.49847264625 0.26381560625 0.5165231875 0.22771452374999998 0.58039433625 0.22354901500000002 0.59566787
17 0.65953901625 0.29713968375 0.6817550687499999 0.3096362125 0.7011941125 0.24854207250000002 0.7025826150000001 0.21244098874999998 0.69980561 0.19300194375000002 0.6567620112500001 0.23326853625 0.62899194625 0.22632602 0.62760344375 0.20827547875 0.6081643987500001 0.21799500125000001 0.59705637375 0.20272146625 0.58317134125 0.23882254875 0.56650930375 0.23882254875 0.55678978 0.27770063875 0.5790058324999999 0.26936961875000004 0.5706748125 0.32629825125000006 0.56373229625 0.3665648425 0.54290474875 0.41377395125 0.54159483875 0.4478315775 0.54290474875 0.44848653125 0.5817828375 0.37906137125 0.60261038625 0.341571785 0.59983337875 0.31519022625000004 0.62760344375 0.2818661475 0.63871146875 0.33740627625 0.65953901625 0.29713968375
17 0.6470424875 0.672035545 0.61371841125 0.72618717 0.6359344625 0.7803387937499999 0.66509302875 0.737295195 0.6470424875 0.672035545
17 0.68453207375 0.70813662875 0.69286309375 0.69980561 0.68453207375 0.6525965012499999 0.67342404875 0.6081643987500001 0.63732296625 0.62621494 0.658150515 0.710913635 0.67342404875 0.753957235 0.688697585 0.7470147187499999 0.68453207375 0.70813662875
17 0.7428492099999999 0.62343793375 0.71924465375 0.65953901625 0.70674812625 0.6775895574999999 0.7025826150000001 0.70397111875 0.7400722025 0.7095251312499999 0.7553457362499999 0.584559845 0.7428492099999999 0.62343793375
