17 0.16410397625 0.58727875625 0.16410397625 0.59612831375 0.18401547999999998 0.61087757625 0.21941371 0.62120206 0.33003317875 0.627101765 0.4428650375 0.6477507325 0.52029866625 0.6536504375 0.64861725 0.64037610125 0.6707411437499999 0.6300516174999999 0.7282632675 0.6182522075 0.7105641525 0.579904125 0.64640486 0.54303096875 0.59994468375 0.5297566324999999 0.5379977812500001 0.5179572225 0.47383848875 0.5135324437500001 0.4251659225 0.49878318125 0.34994468375 0.49435840249999996 0.27693583374999997 0.50173303375 0.25481193999999996 0.49435840249999996 0.23047565750000001 0.49435840249999996 0.21720132125 0.5061578125 0.19507742749999998 0.56220501 0.16410397625 0.58727875625
17 0.14823008875 0.68019872375 0.1504424775 0.7229715849999999 0.2787610625 0.74214562625 0.32743362875000004 0.762794595 0.41371681375 0.786393415 0.44690265500000004 0.7834435625 0.4557522125 0.7701692262500001 0.49336283125 0.7731190787500001 0.53761062 0.7362459212500001 0.59513274375 0.7082223225 0.64601769875 0.64775034625 0.588495575 0.63890078875 0.50663716875 0.6565999037500001 0.49557522125 0.6654494612499999 0.48451327375 0.65807483 0.36946902625 0.63005123125 0.20575221249999998 0.616776895 0.19469026499999997 0.6374258625 0.17477876125000003 0.6492252725000001 0.14823008875 0.68019872375
17 0.69247787625 0.66692387375 0.6504424775 0.74362003875 0.65707964625 0.75541944875 0.7035398225 0.7834430475 0.7345132737500001 0.81146664625 0.7676991150000001 0.8129415725 0.7787610625000001 0.8188412775 0.80752212375 0.84981472875 0.8252212387500001 0.84538995 0.84292035375 0.77459349 0.8716814162500001 0.7509946700000001 0.9137168137499999 0.6787232837499999 0.90707964625 0.65512446375 0.873893805 0.6477498312500001 0.86283185875 0.6315256425 0.8362831862500001 0.63005071625 0.78539823 0.63890027375 0.7345132737500001 0.674298505 0.69247787625 0.66692387375
17 1 0.6386430675 0.9889380525 0.6209439525 0.980088495 0.61946902625 0.944690265 0.6415929199999999 0.92920354 0.67551622375 0.93362831875 0.72271386375 0.9535398225 0.74926253625 0.9601769912499999 0.7935103250000001 0.9513274337500001 0.7876106199999999 0.9247787612499999 0.7861356937499999 0.9137168137499999 0.7935103250000001 0.8805309737499999 0.79498525125 0.8606194687500001 0.805309735 0.8252212387500001 0.8436578175 0.8119469024999999 0.8805309737499999 0.7765486724999999 0.911504425 0.7566371687500001 0.95427728625 0.76327433625 0.9749262537500001 0.8119469024999999 1 1 0.994100295 1 0.72418879 0.9911504425 0.75958702125 0.9823008849999999 0.75958702125 0.97787610625 0.7035398225 1 0.67551622375 1 0.6386430675
17 0.6880530975000001 1 0.7234513275000001 0.9749262537500001 0.7234513275000001 0.94100295 0.64601769875 0.8613569325 0.60619469 0.8510324487500001 0.519911505 0.8716814162500001 0.41150442499999995 0.8613569325 0.267699115 0.87758112125 0.21902654875 0.8938053100000001 0.17256637125000002 0.9203539825 0.159292035 0.93362831875 0.159292035 0.9469026549999999 0.21460177000000003 1 0.6880530975000001 1
17 0.18584070749999998 0.83653614875 0.21681415874999999 0.8527603374999999 0.2212389375 0.8763591574999999 0.24557522124999998 0.86603467375 0.29203539875 0.873409305 0.40044247749999995 0.8645597475 0.51327433625 0.87193437875 0.53761062 0.84833555875 0.53761062 0.8011379187500001 0.50442477875 0.7760641725 0.47345132749999996 0.7878635825000001 0.19911504375 0.78933850875 0.18584070749999998 0.83653614875
17 0 0.8879056049999999 0.04867256624999999 0.8879056049999999 0.07300885 0.8672566374999999 0.1880530975 0.876106195 0.22787610625 0.8716814162500001 0.22566371624999998 0.8451327437499999 0.2411504425 0.8200589975 0.21902654875 0.79793510375 0.19469026499999997 0.7876106199999999 0.161504425 0.7448377575 0.14380531 0.6769911500000001 0.0995575225 0.6681415925 0.07522123875 0.6445427725 0 0.635693215 0 0.7448377575 0.013274336250000001 0.7890855462499999 0 0.80678466125 0 0.8879056049999999
17 0 0.6256259375 0.00663716875 0.63005071625 0.0619469025 0.6403752 0.11283185874999999 0.6403752 0.19026548625 0.6256259375 0.19247787625 0.61677638 0.16592920374999998 0.599077265 0.16592920374999998 0.58875278125 0.19469026499999997 0.5725285925 0.21681415874999999 0.49583242749999995 0.20353982250000002 0.48845779624999996 0.17477876125000003 0.48845779624999996 0.14823008875 0.49878228 0 0.492882575 0 0.6256259375
17 0 0.46043432625 0.090707965 0.43093580125000003 0.06858407125 0.35423963625 0.03982300875 0.32916589 0.03982300875 0.3158915525 0.07079646 0.2745936175 0.06858407125 0.25394465 0.05088495625 0.24657001874999998 0 0.259844355 0 0.46043432625
17 0.13716814125000001 0.27606378625 0.11061946875 0.315886795 0.12168141625000001 0.38815818125 0.14380531 0.40733222249999995 0.1150442475 0.4132319275 0.12831858375 0.42945611624999996 0.2212389375 0.481078535 0.30752212375 0.49140301875 0.57079646 0.46780419875 0.57522123875 0.46485434625000005 0.55973451375 0.44420537875 0.57522123875 0.43830567375 0.6659292037500001 0.457479715 0.7345132737500001 0.42503133750000005 0.7212389374999999 0.35570980375 0.7013274337500001 0.3306360575 0.6969026549999999 0.304087385 0.6858407074999999 0.292287975 0.62831858375 0.29671275375 0.588495575 0.28048856499999997 0.553097345 0.2539398925 0.53097345125 0.2480401875 0.517699115 0.25246496625 0.51327433625 0.26278945 0.46902654875000005 0.26278945 0.43584070750000004 0.27016408125 0.46902654875000005 0.2539398925 0.444690265 0.2480401875 0.39601769875000004 0.2480401875 0.39823008875 0.23624077750000003 0.42256637124999996 0.21706673625 0.42256637124999996 0.21116703125 0.4026548675 0.20379239999999998 0.15707964625 0.20379239999999998 0.13053097375 0.21854166249999998 0.12168141625000001 0.2598395975 0.13716814125000001 0.27606378625
17 1 0.34981479375 0.97787610625 0.3365404575 0.9690265487499999 0.321791195 0.9712389374999999 0.3070419325 0.9889380525 0.29229267 0.9889380525 0.26869385 0.9579646012499999 0.25689444 0.9269911500000001 0.2539445875 0.89601769875 0.2657439975 0.8893805312499999 0.2775434075 0.840707965 0.30261715375000003 0.8451327437499999 0.35128971999999997 0.85398230125 0.36308913 0.8495575225 0.3837380975 0.8340707962499999 0.38521302375 0.81858407125 0.3955375075 0.7920353987500001 0.3955375075 0.76327433625 0.36161420375 0.7212389374999999 0.34981479375 0.7190265487499999 0.3778383925 0.7345132737500001 0.42061125375 0.7234513275000001 0.47075874624999997 0.6902654862500001 0.5194313125 0.6991150437500001 0.54155520625 0.7610619475 0.55925432125 0.82743362875 0.569578805 0.8716814162500001 0.5725286574999999 0.8805309737499999 0.56810387875 0.9181415925 0.49288264 0.8849557525 0.48108323 0.8716814162500001 0.46780889375 0.909292035 0.451584705 0.9601769912499999 0.3896378025 0.97787610625 0.41913632749999996 0.9889380525 0.42208618000000003 0.98672566375 0.40291213875 1 0.380788245 1 0.34981479375
17 0.35619469000000004 0 0.3296460175 0.01917404125 0.33628318625 0.07227138625 0.31637168125 0.08849557499999999 0.14823008875 0.13126843624999998 0.1703539825 0.14749262500000002 0.159292035 0.16519174 0.15707964625 0.20206489625 0.13716814125000001 0.2153392325 0.126106195 0.2389380525 0.12831858375 0.25958702125 0.13716814125000001 0.2669616525 0.15707964625 0.26548672624999997 0.15707964625 0.2448377575 0.17477876125000003 0.23156342124999998 0.26548672624999997 0.19174041249999998 0.2942477875 0.17109144499999998 0.340707965 0.22713864250000002 0.340707965 0.2448377575 0.32079645999999995 0.26548672624999997 0.50663716875 0.258112095 0.49778761000000005 0.25073746375 0.45132743374999995 0.24778761 0.39380530999999996 0.25368731624999996 0.39823008875 0.2330383475 0.4203539825 0.218289085 0.4380530975 0.218289085 0.4535398225 0.22713864250000002 0.49336283125 0.22418879 0.53097345125 0.24041297875 0.60619469 0.24041297875 0.6415929199999999 0.20206489625 0.6548672562500001 0.20058997 0.7013274337500001 0.22713864250000002 0.7079646012499999 0.2448377575 0.6902654862500001 0.25663716875 0.62831858375 0.27581121 0.5995575225 0.29351032499999996 0.99778761 0.29351032499999996 0.99778761 0.2640118 0.92256637125 0.24926253625 0.9380530975000001 0.23156342124999998 0.9358407074999999 0.22271386375 0.8606194687500001 0.1740412975 0.7345132737500001 0.15486725625 0.7212389374999999 0.14159292 0.6504424775 0.11356932125000001 0.6327433625 0.112094395 0.6150442475 0.09439528 0.5973451325 0.08849557499999999 0.5619469025 0.08112094375 0.49557522125 0.08407079625 0.4557522125 0.06932153375 0.45796460125000005 0.053097345000000004 0.482300885 0.022123893749999998 0.482300885 0.0088495575 0.46902654875000005 0 0.35619469000000004 0
