16 0.63969755625 0.33606554000000005 0.80613607875 0.31734125625 0.87650785375 0.24984914125 0.89861146125 0.21990304375 0.8695201775 0.07238837000000001 0.8640445875 0.06660419499999999 0.84384952625 0.0685695375 0.6054172962500001 0.13093899 0.599703895 0.14033887625 0.6037343225 0.21827805749999998 0.6141610737500001 0.29685817125 0.6255573575 0.333651405 0.63969755625 0.33606554000000005
16 0.7609547550000001 0.32173821125 0.5066750325 0.35659148375 0.5031445525 0.3607252925 0.50485185 0.38582734 0.51599808125 0.51234701125 0.52147367 0.5181311875 0.7797106975 0.48541962 0.7740400562499999 0.36468412375 0.7694669175 0.33480733375 0.7609547550000001 0.32173821125
16 0.5924241775 0.7020013224999999 0.5978144012500001 0.70653039625 0.6709361325000001 0.6981509275000001 0.7743321725 0.66787407375 0.85451486125 0.651226985 0.86292337625 0.6440916350000001 0.8317345325 0.5030981412500001 0.8190089725 0.48412201000000005 0.656869215 0.510008405 0.60436936875 0.5226980425 0.566436545 0.54407732875 0.56401580875 0.5645274675 0.587101035 0.6797779825000001 0.5924241775 0.7020013224999999
16 0.8294772437500001 0.6978829425 0.80320904 0.68527839375 0.7313495 0.6935350287500001 0.67782527625 0.69116343875 0.59730112625 0.7027901175 0.56549025 0.7020956574999999 0.55793538375 0.72178203125 0.5665755137499999 0.86749674125 0.57104500625 0.8771690575 0.8358673675 0.866557995 0.8379283624999999 0.8221380775 0.8294772437500001 0.6978829425
16 0.5529312675 0.34551570125 0.58027265125 0.3365378425 0.5690776175 0.2466618075 0.55090699 0.16630849250000002 0.5388460687500001 0.13842381 0.3119442925 0.20219796250000002 0.29722482125 0.20994748125 0.29782237500000003 0.2187331975 0.32428563125 0.34628906625 0.34062703375 0.3623864925 0.36377330125 0.366450995 0.5529312675 0.34551570125
16 0.26835190999999997 0.5551411625 0.3188395625 0.550227805 0.46996105875 0.5304673237499999 0.51497312125 0.51976979125 0.51816214125 0.5106155725 0.51372317 0.44535024999999995 0.5017781325 0.3631276625 0.48982085750000004 0.35544745125 0.45818071000000005 0.35726319625 0.3666383 0.37501579 0.2444618375 0.39069598624999996 0.25117513875 0.5454420812499999 0.25673609375 0.55248135875 0.26835190999999997 0.5551411625
16 0.5285595187500001 0.6409983499999999 0.52538273875 0.57561019375 0.517346205 0.53217294625 0.512041345 0.52889897375 0.463907345 0.53105645875 0.25682260625000003 0.5499461212500001 0.24757872375 0.56347981625 0.25487129875000003 0.708062255 0.26169444375 0.7149787012500001 0.50925467 0.6934134562500001 0.52697415 0.65505014375 0.5285595187500001 0.6409983499999999
16 0.3280213575 0.8907123525 0.5282158675 0.88260051375 0.54180731375 0.839585295 0.54378294625 0.7939102724999999 0.55814267625 0.76219097625 0.551606145 0.7034468312500001 0.536545215 0.7061759412499999 0.4687100625 0.69888001375 0.38632617 0.7018438087500001 0.28325330625 0.71819170125 0.27460697875 0.74051111375 0.27760079 0.87793144125 0.28594222125 0.88849036 0.3280213575 0.8907123525
16 0.09712602625000001 0.39139433124999995 0.23134512999999998 0.38464944625 0.25592431875 0.39110131875 0.30985708500000003 0.38079905125 0.3170887725 0.37504163749999997 0.31758268 0.36362288249999997 0.32564973625 0.35146712375 0.30519253875 0.256175415 0.24068057499999998 0.20433673375000003 0.20878433125 0.20238717375 0.00801055 0.22066266250000002 0.006638515 0.36861514749999996 0.01463848625 0.374153655 0.09712602625000001 0.39139433124999995
16 0.0047299675000000005 0.39659590125 0.003937205 0.53438473125 0.00714450625 0.54417988125 0.022461531250000003 0.54521607875 0.25294863125 0.5341562275 0.24809507625 0.388073015 0.23235122625 0.3807613075 0.0095226375 0.3923392575 0.0047299675000000005 0.39659590125
16 0.02238413375 0.72715463875 0.25454196875 0.70329809375 0.24892013 0.54591896125 0.214499505 0.5442150675 0.0088476875 0.5654921 0.0053172075 0.56962590875 0.01168904875 0.71935159375 0.02238413375 0.72715463875
16 0.25181739000000003 0.8724548950000001 0.26923197625 0.8669699125 0.27922585875 0.84578276875 0.2752442325 0.73119995125 0.28213446125 0.72042212875 0.2613418475 0.71360175625 0.24912847625 0.70215623625 0.020671851249999998 0.7243891775 0.016220639999999998 0.7336662300000001 0.02342784875 0.8769935675 0.031769280000000004 0.887552485 0.08756179124999999 0.8859130999999999 0.25181739000000003 0.8724548950000001
