1 0.21313615 0.851074515 0.27337400625 0.96962917125 0.4167054675 0.91987296875 0.352603515 0.6310936925 0.34772697125 0.62062939625 0.33175893 0.62316741875 0.20783415375 0.656351775 0.20321155125 0.663830145 0.207947385 0.69005196125 0.19223328750000002 0.71053265125 0.21313615 0.851074515
1 0.1396077875 0.82429788 0.153588825 0.8355629525 0.20056293375 0.8393361 0.21165443 0.8263337812499999 0.21631824875 0.74466885625 0.20171609375 0.6638182625 0.18629715375 0.6280550675 0.15523281 0.48912830874999996 0.1485099725 0.47670958874999997 0.1264814275 0.46222786 0.07993277124999999 0.642713155 0.08029994625 0.6943560075 0.1396077875 0.82429788
1 0.3586202025 0.6478708325 0.38204543125 0.761037235 0.41733772375 0.8903004725 0.73323243375 0.9030315525 0.7031530625000001 0.653802175 0.3586202025 0.6478708325
1 0.81018489 0.9404987300000001 0.85554959125 0.75345798 0.8233012875 0.6079757674999999 0.8011457725 0.5845227049999999 0.8057821125 0.5523154825000001 0.7973399537500001 0.54691367625 0.7919417850000001 0.52529289375 0.78428893 0.52426138875 0.7159519324999999 0.732936475 0.7699473587500001 0.92441545 0.8022643562499999 0.9462534087500001 0.81018489 0.9404987300000001
1 0.75641430125 0.31939419375 0.7489433750000001 0.22841862 0.74302358125 0.1956413525 0.7353707287500001 0.19460984625 0.64441154625 0.26975998 0.65715367 0.37338500375 0.6750949762499999 0.38177273749999996 0.676560355 0.35681315750000003 0.68181781375 0.39419145624999996 0.7087229025 0.4191374825 0.74146203 0.39370288875 0.7463110962499999 0.45362488874999995 0.90958792625 0.6052554674999999 0.9436105062500001 0.64480536375 0.945950945 0.70737397375 0.96111594375 0.7251945000000001 0.96782172 0.53081107625 0.87949481625 0.38075494 0.75641430125 0.31939419375
1 0.70464854125 0.65381418125 0.6827161687500001 0.466230495 0.55608377875 0.38520338875 0.5415673787499999 0.38751068250000004 0.5532799924999999 0.44409388375 0.52042763375 0.43582829250000005 0.50234561625 0.443198075 0.5248545674999999 0.5430228425 0.54128927875 0.65055671 0.70464854125 0.65381418125
1 0.53983766125 0.6507875587499999 0.5398514 0.6260587075 0.53154995 0.60489938375 0.44518257125 0.490497855 0.39981455125 0.44600761 0.37830763125 0.44268236625 0.35900043875000004 0.5176832499999999 0.352081935 0.61993745 0.3578747575 0.643743385 0.4078791175 0.6560264075000001 0.53983766125 0.6507875587499999
1 0.24231748 0.5000134012499999 0.10870831 0.3886249075 0.10567805875 0.38011503249999995 0.11321768 0.3474463525 0.10411318625 0.34664557625000003 0.09272653 0.41589178 0.15390814125 0.49833037124999996 0.1757684975 0.57802732 0.2044924025 0.65438547 0.22124975 0.65621775 0.35203807500000006 0.619694595 0.359872855 0.53078203 0.34538393 0.48363162000000004 0.34123841499999996 0.34492203625 0.30714714125 0.429016395 0.3042301225 0.454206705 0.291686985 0.46743975374999996 0.27822757124999997 0.46733116625 0.2662060575 0.49172069999999996 0.24231748 0.5000134012499999
1 0.20199237875 0.243664345 0.1996382 0.20582458750000002 0.19304233375 0.2023772025 0.137485355 0.20895976375 0.11868604875000001 0.31984598375 0.12273207125 0.4001265325 0.24460114875 0.504389525 0.29739555875 0.482510905 0.30585145625 0.46318385999999995 0.31340481625 0.40578633000000003 0.34063254375 0.32503076875 0.33905393125000005 0.31629016374999996 0.3029173775 0.28157202875 0.3330071675 0.27454156125 0.33275322375 0.25659889375 0.2925156925 0.24051561375 0.24778252875 0.24088203875000003 0.21467622625000002 0.21467377875000002 0.20199237875 0.243664345
1 0.5131772275 0.106292805 0.35642756875000003 0.0817538675 0.3683803875 0.1810085875 0.32065818999999995 0.098678585 0.27230445625 0.203022905 0.28878038375 0.23637021874999997 0.33166725375 0.23404937125 0.36983534874999996 0.4123088525 0.37841821875000003 0.4019531425 0.38002430750000005 0.361236045 0.38662017374999996 0.36468343 0.39201834249999995 0.38630421249999997 0.40521007500000006 0.39319898375 0.5219898825 0.39486845875 0.55234735375 0.38105181 0.52209979375 0.19703765 0.5131772275 0.106292805
1 0.66873250875 0.38053613374999995 0.65765475 0.3688096025 0.65173495625 0.33603233375 0.5309228675 0.22935345999999998 0.55089571375 0.38128253875 0.5904709112500001 0.40196685000000004 0.6770339575 0.40169545874999996 0.7050405712500001 0.58157004375 0.73312961875 0.61307152375 0.749619285 0.62168998625 0.7835835887499999 0.52862429375 0.7937450699999999 0.52700918875 0.80798005125 0.5562169287500001 0.8552526400000001 0.73527718625 0.89916902 0.77999816 0.9385177525 0.7332821012499999 0.9489881325 0.65069425875 0.928157285 0.61803913375 0.66873250875 0.38053613374999995
1 0.52404877875 0.5294139412500001 0.50535938375 0.44246935125 0.5176348399999999 0.43602248625 0.5552367725 0.44578104 0.53956389 0.39207517875000003 0.3875500675 0.393758055 0.38081349125 0.40606818625 0.38237836375 0.4395376425 0.415357695 0.45677456875 0.47535534749999997 0.532657705 0.52404877875 0.5294139412500001
