2 0.058536585 0.37362637374999996 0.0487804875 0.38461538500000003 0.0487804875 0.43956044 0.03658536625 0.48717948749999995 0.03902439 0.5531135524999999 0.07317073125000001 0.61904761875 0.13902439 0.67032967 0.17804878 0.66666666625 0.241463415 0.68864468875 0.241463415 0.6556776562500001 0.2878048775 0.65934065875 0.2878048775 0.61904761875 0.319512195 0.615384615 0.32682926875 0.5824175825 0.319512195 0.5128205125 0.2902439025 0.4175824175 0.25853658500000004 0.36996336999999996 0.2121951225 0.32967033 0.15121951250000001 0.32600732625 0.1097560975 0.35164835125000005 0.0878048775 0.38461538500000003 0.058536585 0.37362637374999996
2 0.36829268249999997 0.424908425 0.36585365875000003 0.47619047625 0.37317073125 0.54578754625 0.4292682925 0.5604395600000001 0.44146341499999997 0.58608058625 0.47073170750000004 0.58974359 0.5121951225 0.61904761875 0.5536585362499999 0.58974359 0.57560975625 0.52014652 0.619512195 0.47619047625 0.6243902437500001 0.43589743625 0.61707317125 0.38827838875 0.57560975625 0.32600732625 0.52439024375 0.29304029249999997 0.48536585375 0.28571428625 0.4317073175 0.3076923075 0.3878048775 0.3626373625 0.36829268249999997 0.424908425
2 0.12439024375 0.8278388275 0.12926829250000002 0.8424908425 0.10487804875000001 0.8534798537499999 0.102439025 0.875457875 0.12926829250000002 0.9157509162499999 0.16829268249999998 0.8974358975 0.2121951225 0.9084249087499999 0.22195122 0.89377289375 0.27804878 0.9084249087499999 0.2902439025 0.8974358975 0.29512195125 0.8608058612499999 0.32926829249999995 0.83150183125 0.32195122 0.7728937725 0.29512195125 0.754578755 0.2 0.7326007325 0.17317073125000002 0.7875457874999999 0.1317073175 0.8168498162500001 0.12439024375 0.8278388275
2 0.70731707375 0.86813186875 0.702439025 0.89377289375 0.76097561 0.94871794875 0.80731707375 0.96336996375 0.8512195124999999 0.9523809525 0.8731707312499999 0.89010989 0.8512195124999999 0.87179487125 0.8756097562499999 0.83882783875 0.86341463375 0.79853479875 0.79268292625 0.79853479875 0.7731707312499999 0.81318681375 0.758536585 0.79853479875 0.7365853662499999 0.8095238100000001 0.73902439 0.8571428575 0.70731707375 0.86813186875
2 0.23918673625 0.16849816874999998 0.22943063875 0.24908424875000001 0.20991844375 0.274725275 0.21479649250000002 0.32600732625 0.2562599075 0.34798534750000004 0.3147964925 0.4725274725 0.36601600500000003 0.46886446875 0.37333307750000005 0.40659340625 0.39040624874999996 0.35897435875 0.45138185875 0.2820512825 0.47333307750000003 0.27106227125 0.48552819999999997 0.24175824124999998 0.487967225 0.13919413875 0.387967225 0.08058607999999999 0.3757721025 0.09523809500000001 0.30747942 0.1025641025 0.23918673625 0.16849816874999998
2 0.47560975624999996 0.28937729 0.52439024375 0.29670329625 0.57560975625 0.32600732625 0.62195122 0.39926739875 0.66341463375 0.31135531125 0.6707317075 0.27106227125 0.7 0.25641025625 0.7 0.24175824124999998 0.6878048775000001 0.20146520124999998 0.66341463375 0.17582417625000002 0.61707317125 0.14652014624999998 0.580487805 0.1428571425 0.5219512199999999 0.17582417625000002 0.4878048775 0.2380952375 0.47560975624999996 0.28937729
2 0.76097561 0.274725275 0.82439024375 0.3223443225 0.85609756125 0.38827838875 0.86097561 0.46520146500000004 0.89268292625 0.45787545749999997 0.92682926875 0.424908425 0.9902439024999999 0.41391941375 0.9878048775 0.34798534750000004 0.9585365849999999 0.23076923125 0.9097560975000001 0.18315018375 0.88536585375 0.17582417625000002 0.8682926825 0.1428571425 0.7682926824999999 0.135531135 0.7121951224999999 0.19047619000000002 0.702439025 0.2673992675 0.76097561 0.274725275
2 0.6512195125 0.3223443225 0.6317073175 0.38827838875 0.6317073175 0.5421245425 0.6975609749999999 0.604395605 0.74634146375 0.61172161125 0.75609756125 0.5604395600000001 0.79268292625 0.5128205125 0.84634146375 0.5128205125 0.86097561 0.45054944999999996 0.858536585 0.395604395 0.8390243900000001 0.34065934124999997 0.7902439025 0.28571428625 0.741463415 0.26373626375000003 0.6878048775000001 0.26007326 0.6682926825 0.2673992675 0.6658536587499999 0.30402930375 0.6512195125 0.3223443225
2 0.3196747075 0.74749681375 0.3391869025 0.86471293 0.35869909749999995 0.89401696 0.40504056125 0.89401696 0.47577226875 0.86471293 0.5416259262500001 0.86104992625 0.5001625125 0.7621488275 0.48308934125 0.6412697075 0.45138202499999996 0.619291685 0.49528446375 0.61562868125 0.49528446375 0.60463967 0.46601617124999994 0.5863246525 0.40260153625 0.5863246525 0.36113812250000005 0.61562868125 0.32455275624999996 0.67789974375 0.3196747075 0.74749681375
2 0.71294559 0.70442378 0.75703564625 0.7016060875 0.78330206375 0.6762468312500001 0.8142589125 0.628346015 0.84709193125 0.61707523125 0.87429643375 0.58044519375 0.8836772974999999 0.59453367 0.89962476625 0.552268245 0.8864915562500001 0.5635390262500001 0.8808630387499999 0.5480417037499999 0.85834896875 0.5480417037499999 0.8386491562499999 0.52550013875 0.8076923075000001 0.51000281625 0.78517823625 0.52550013875 0.77204502875 0.5480417037499999 0.7551594749999999 0.56213017625 0.7457786125 0.62130177625 0.7270500925000001 0.62552381 0.70265984875 0.6029822487500001 0.6904647262500001 0.61425302875 0.67545534625 0.64102113125 0.68296003625 0.67060693 0.6651363975 0.628341505 0.6435604125000001 0.61847957125 0.6247986875 0.604391095 0.6032227025 0.6029822487500001 0.5966560975 0.61847957125 0.58348968 0.61003099625 0.60506566625 0.66497605125 0.65478423875 0.71287686875 0.6632270174999999 0.67906452375 0.71294559 0.70442378
2 0.73545966375 0.857988165 0.7382739225 0.8072696525 0.72045028 0.7889546337500001 0.70731707375 0.7607776850000001 0.686679175 0.7635953775000001 0.66885553375 0.76641307375 0.6472795487499999 0.7635953775000001 0.63883677375 0.7326007325 0.62195122 0.6987883925 0.6247654775 0.6832910699999999 0.59849906125 0.662158355 0.57786116375 0.6438433375 0.57786116375 0.65793181375 0.5553470925 0.6410256412500001 0.5347091925 0.63257255625 0.51125703625 0.628346015 0.49812382624999996 0.60862214625 0.49155722500000004 0.61425753875 0.45778611750000003 0.61848408 0.48499062000000004 0.6452521837499999 0.48968105125 0.70301493375 0.49906191499999997 0.725556495 0.4943714825 0.7410538162500001 0.51125703625 0.79459002625 0.529080675 0.8382643000000001 0.5487804875 0.83262890875 0.56097561 0.83967314625 0.5534709200000001 0.859397015 0.52439024375 0.8622147075 0.493433395 0.86785009875 0.5347091925 0.8777120325 0.5337711075 0.8748943375 0.5741088175 0.8861651175 0.6247654775 0.87912087875 0.66510319 0.8650324025 0.6969981249999999 0.859397015 0.73545966375 0.857988165
2 0.88742964375 0.5536770925 0.899624765 0.55508594 0.899624765 0.5677655675 0.9230769225000001 0.57762750125 0.9568480300000001 0.5677655675 0.97560975625 0.5480417025 0.99530956875 0.511411665 0.9962476549999999 0.46351084875 0.978424015 0.46351084875 0.9671669787499999 0.453648915 0.97748592875 0.43956044 0.9765478425 0.41842772625 0.9540337712500001 0.41983657375 0.9315197000000001 0.4409692875 0.9409005625 0.45787545749999997 0.9333958724999999 0.47337278125 0.9061913699999999 0.5100028175 0.8574108812500001 0.52550014125 0.856472795 0.54240631125 0.85553470875 0.54240631125 0.8649155725 0.54945055 0.8808630399999999 0.54522400625 0.88742964375 0.5536770925
2 0.78330206375 0.76218653125 0.8236397750000001 0.72273879875 0.84615384625 0.72696534125 0.8705440900000001 0.71428571375 0.8808630387499999 0.67202028625 0.8883677287499999 0.61848408 0.87898686625 0.60862214625 0.8808630387499999 0.59453367 0.8705440900000001 0.58326289 0.84615384625 0.6198929262499999 0.8105065662500001 0.62975486125 0.787992495 0.6663848975000001 0.75703564625 0.70724147625 0.71669793625 0.70301493375 0.6641651025 0.6804733737499999 0.65290806875 0.70301493375 0.6604127587499999 0.71569456 0.6951219512500001 0.7382361249999999 0.72326454125 0.7579599887499999 0.75609756125 0.7762750075 0.78330206375 0.76218653125
2 0.8527204512500001 0.7565511425 0.8808630387499999 0.72978303625 0.8724202637499999 0.71569456 0.84803002 0.72414764875 0.82739212 0.72273879875 0.8001876175 0.74668920875 0.7823639775 0.7678219224999999 0.7542213875 0.772048465 0.70731707375 0.7523245975 0.7401500925000001 0.78613694125 0.77954972 0.7889546337500001 0.8236397750000001 0.77486616125 0.8527204512500001 0.7565511425
