17 0.25277777749999997 0.30416666625 0.2597222225 0.33541666625 0.294444445 0.35833333375000004 0.33194444500000003 0.371875 0.380555555 0.378125 0.4152777775 0.39270833375 0.45 0.39791666625 0.47361111125 0.396875 0.55 0.37395833375000004 0.5597222225 0.37395833375000004 0.569444445 0.38229166625 0.58611111125 0.371875 0.58888888875 0.35520833375000005 0.569444445 0.34166666625 0.544444445 0.340625 0.530555555 0.328125 0.5208333337500001 0.32604166625 0.46666666625 0.32291666625 0.45 0.3125 0.3847222225 0.290625 0.3527777775 0.27395833375 0.325 0.26979166625 0.28888888875 0.275 0.268055555 0.284375 0.25277777749999997 0.30416666625
17 0.6933944712500001 0.51875 0.68228336 0.54270833375 0.6545055825 0.578125 0.63922780375 0.61666666625 0.637838915 0.6541666662500001 0.6475611375 0.6895833337499999 0.6628389149999999 0.70416666625 0.7045055825 0.7125 0.7225611375 0.71354166625 0.7308944712500001 0.7052083337499999 0.7253389149999999 0.69583333375 0.70728336 0.6916666662500001 0.70172780375 0.68645833375 0.7045055825 0.67083333375 0.72395002625 0.65625 0.76145002625 0.646875 0.76978336 0.634375 0.762838915 0.60729166625 0.762838915 0.57083333375 0.77117224875 0.553125 0.7878389149999999 0.5364583337500001 0.7878389149999999 0.52708333375 0.76145002625 0.509375 0.76422780375 0.46666666625 0.7545055825 0.46354166625 0.7420055825 0.46875 0.71978336 0.5 0.6933944712500001 0.51875
17 0.17638888875 0.5356717425 0.180555555 0.5450467425 0.19583333374999998 0.55546340875 0.180555555 0.5690050762500001 0.169444445 0.59921340875 0.1597222225 0.6044217425 0.156944445 0.6158800762500001 0.13888888875 0.6367134087499999 0.14583333375000002 0.6783800762500001 0.15833333375 0.69088007625 0.194444445 0.68671341 0.21666666625 0.6950467425 0.25138888875 0.6856717425 0.27083333374999996 0.70338007625 0.29166666625000004 0.69608841 0.32083333375 0.69608841 0.34305555499999996 0.69088007625 0.3597222225 0.6825467424999999 0.3652777775 0.6637967425 0.33055555499999995 0.6262967425 0.30833333375 0.6158800762500001 0.2902777775 0.58358840875 0.2875 0.5669217425 0.255555555 0.5231717425 0.24027777749999998 0.51275507625 0.23472222250000002 0.52525507625 0.21388888875 0.53463007625 0.17638888875 0.5356717425
17 0.1472222225 0.425 0.15833333375 0.446875 0.17638888875 0.45833333375 0.1847222225 0.46979166624999996 0.21666666625 0.48125 0.24166666625000002 0.5052083337500001 0.25138888875 0.5 0.32916666624999996 0.49791666625 0.3472222225 0.52916666625 0.3597222225 0.53125 0.36388888875 0.50833333375 0.3847222225 0.47916666625 0.38888888875 0.446875 0.37222222250000003 0.44270833375 0.3402777775 0.41666666625 0.294444445 0.40729166624999996 0.26388888875 0.39583333375 0.24027777749999998 0.38125 0.22777777749999997 0.36666666625 0.20277777749999998 0.35416666625 0.1847222225 0.34895833375 0.16527777749999997 0.34895833375 0.14861111125 0.35625 0.144444445 0.384375 0.1472222225 0.425
17 0.35450642875 0.6690048224999999 0.35867309625 0.699213155 0.44756198500000005 0.70442148875 0.46700642875 0.699213155 0.472561985 0.68254648875 0.47117309625 0.661713155 0.46700642875 0.6533798224999999 0.44756198500000005 0.6387964887500001 0.36700642875 0.617963155 0.3558953175 0.61067148875 0.34061754 0.61067148875 0.3253397625 0.6127548225 0.31978420750000003 0.624213155 0.35450642875 0.6690048224999999
17 0.57916666625 0.52291666625 0.5902777775 0.53958333375 0.606944445 0.54375 0.66666666625 0.54375 0.6902777775 0.51979166625 0.7222222225 0.496875 0.731944445 0.48333333375000004 0.73333333375 0.465625 0.7277777775 0.45104166625 0.7138888887500001 0.43229166625 0.67638888875 0.4125 0.6027777775 0.41145833375 0.5902777775 0.40729166624999996 0.57916666625 0.42708333375 0.5722222225 0.478125 0.57916666625 0.52291666625
17 0.1847222225 0.54375 0.19583333374999998 0.54375 0.20138888875 0.53541666625 0.25416666625 0.521875 0.23333333374999998 0.48645833375 0.205555555 0.46354166625 0.18333333375 0.45104166625 0.15833333375 0.44791666625 0.155555555 0.484375 0.16388888875 0.53333333375 0.1847222225 0.54375
17 0.40138888875 0.6989583337499999 0.38333333375 0.68854166625 0.35138888875 0.6854166662500001 0.3402777775 0.69375 0.3375 0.70625 0.39861111125 0.7385416662500001 0.4152777775 0.7833333337499999 0.44861111125 0.81145833375 0.48055555499999997 0.8260416662500001 0.518055555 0.828125 0.530555555 0.8239583337499999 0.55833333375 0.803125 0.57916666625 0.79791666625 0.5902777775 0.7364583337499999 0.5847222225 0.725 0.5625 0.7052083337499999 0.47083333375 0.6760416662500001 0.46111111125 0.69375 0.43888888875 0.6989583337499999 0.40138888875 0.6989583337499999
17 0.5558787025 0.70208333375 0.58504537 0.728125 0.58643425875 0.746875 0.5683787025 0.79583333375 0.6628231474999999 0.8395833337499999 0.6906009249999999 0.84375 0.7058787025 0.81875 0.69893425875 0.7854166662500001 0.68504537 0.7625 0.6503231475 0.725 0.5808787025000001 0.6833333337499999 0.5308787025 0.6697916662500001 0.49754537 0.66666666625 0.47948981375000005 0.671875 0.478100925 0.6760416662500001 0.5558787025 0.70208333375
17 0.44166666624999995 0.41875 0.40694444500000004 0.428125 0.39583333375 0.440625 0.38611111125 0.484375 0.37222222250000003 0.50208333375 0.37083333375000005 0.52708333375 0.35 0.575 0.3625 0.58541666625 0.3847222225 0.6197916662499999 0.41805555499999997 0.63333333375 0.430555555 0.63229166625 0.430555555 0.61875 0.41805555499999997 0.59166666625 0.425 0.57708333375 0.52361111125 0.50104166625 0.5347222225 0.48020833375000005 0.5416666662499999 0.44166666624999995 0.5569444450000001 0.434375 0.5875 0.42916666625 0.606944445 0.40729166624999996 0.59583333375 0.39375 0.5777777775 0.390625 0.593055555 0.36145833375 0.593055555 0.35208333375 0.56388888875 0.34166666625 0.52916666625 0.37395833375000004 0.46388888875 0.40104166625 0.44166666624999995 0.41875
17 0.5347222225 0.496875 0.43472222250000003 0.56979166625 0.431944445 0.57604166625 0.4375 0.58125 0.45138888875 0.5833333337500001 0.49583333375000005 0.57708333375 0.544444445 0.58125 0.56111111125 0.58541666625 0.5777777775 0.60104166625 0.593055555 0.603125 0.6125 0.57604166625 0.6125 0.56458333375 0.58888888875 0.53958333375 0.5777777775 0.51979166625 0.57083333375 0.48333333375000004 0.57916666625 0.45625 0.5763888887499999 0.440625 0.569444445 0.4375 0.5597222225 0.44270833375 0.544444445 0.465625 0.5347222225 0.496875
17 0.44027777749999997 0.62395833375 0.4652777775 0.63333333375 0.46944444500000004 0.6677083337499999 0.5375 0.67083333375 0.555555555 0.64895833375 0.54583333375 0.5875 0.49861111125 0.57916666625 0.44166666624999995 0.5833333337500001 0.425 0.57916666625 0.42083333375000004 0.59583333375 0.42638888875 0.61041666625 0.44027777749999997 0.62395833375
17 0.62083333375 0.64895833375 0.6 0.65729166625 0.57083333375 0.66145833375 0.5472222225 0.671875 0.62083333375 0.6833333337499999 0.63611111125 0.69375 0.6472222225 0.7166666662500001 0.656944445 0.7208333337499999 0.6625 0.7010416662500001 0.6472222225 0.67916666625 0.6375 0.634375 0.64166666625 0.58541666625 0.61666666625 0.575 0.60138888875 0.5885416662499999 0.59861111125 0.61354166625 0.62083333375 0.64895833375
