7 0.6815967075 0.18224647125000001 0.78663021125 0.230619105 0.81892805625 0.26100932125 0.86730219625 0.2806337925 0.9118873675 0.32369211625 0.92764870625 0.32336324125 0.9521799274999999 0.25936262625 0.945367665 0.23546974625 0.6756858812500001 0.037706158749999996 0.627030725 0.01604683875 0.585265205 0.0951455225 0.59235848375 0.12107325124999999 0.6815967075 0.18224647125000001
7 0.48437905875 0.1022390025 0.4507874475 0.12606796625 0.44271536 0.14392255 0.44468247125 0.15816647250000002 0.4787003525 0.18829405000000002 0.5636893975 0.2314162925 0.61838164875 0.24592053125 0.73054237125 0.30774918125 0.7857966562500001 0.3263231125 0.8124741824999999 0.3160164025 0.841816615 0.27413646125 0.831249325 0.26120571625 0.80288570125 0.2593033475 0.6577632800000001 0.20042992874999999 0.50242246625 0.10571718499999999 0.48437905875 0.1022390025
7 0.51731630875 0.21356402875 0.427167155 0.171229695 0.409404765 0.16978635874999998 0.39789260499999995 0.18816621125000002 0.3969816775 0.20700509875 0.40835807375 0.238512095 0.42436648875000005 0.2526897775 0.45101007625 0.25485478125 0.673543605 0.4037181425 0.6995912175 0.41428516625 0.72023164875 0.41113353875 0.7466621000000001 0.3863202725 0.7419187700000001 0.33925617625 0.7325434237499999 0.3095213925 0.7202560975 0.29685328250000004 0.6206637175 0.24972758750000001 0.60837638875 0.2370594775 0.51731630875 0.21356402875
7 0.67954675875 0.40903477375 0.42956053875 0.23943015875 0.35639860874999996 0.16749119624999997 0.33891723375 0.16808270625 0.287146455 0.23832033625000001 0.2865165425 0.25919406875 0.3634335 0.32017089374999996 0.5512758 0.37044357625 0.56956628375 0.3884283175 0.572095425 0.40674193125 0.54587811 0.45853347 0.55356736125 0.47605917624999994 0.8105789812499999 0.6965349449999999 0.82490129875 0.69850355125 0.86137095 0.6700796275 0.88355222125 0.62721538 0.8775830087500001 0.6094270375 0.81983352125 0.56006777875 0.67954675875 0.40903477375
7 0.14104522375 0.2232292275 0.08839745625 0.29983403249999996 0.14386487625 0.34538623375 0.20824743 0.37918839 0.26350171499999997 0.39776232 0.33511330875 0.40760535625000005 0.45506510375 0.44954457875000003 0.5163564825 0.46096342874999996 0.551915205 0.45137838875 0.57321948875 0.41488131625 0.574445375 0.385605565 0.55787492875 0.3673581875 0.36315248375000003 0.3181360475 0.27784848125 0.28545067125 0.15680656375 0.22290035374999997 0.14104522375 0.2232292275
7 0.26036298625 0.7438414887499999 0.2395867925 0.79687996625 0.24583702375000002 0.816703155 0.269849645 0.8379696825 0.30390146625 0.8556255462500001 0.31566070125 0.85175225125 0.39259261375 0.696640275 0.4585065175 0.58892127 0.5473429200000001 0.48185769375 0.5419357375 0.4681390425 0.519328195 0.45704674625 0.44743558375 0.44516886375 0.34705308125 0.58308400625 0.26036298625 0.7438414887499999
7 0.49028442125 0.56467666125 0.5628164375 0.65748935625 0.5993974025 0.69345883625 0.63331346125 0.76100155125 0.7237531224999999 0.90717927625 0.7309142825000001 0.90816358 0.7526014037500001 0.8362862175 0.7526692837500001 0.8113427937500001 0.5959817775 0.57970385125 0.57653329125 0.5660514400000001 0.54198732 0.519382455 0.52310086625 0.509799735 0.48831731 0.5504327375 0.49028442125 0.56467666125
7 0.2865689875 0.69620719 0.31941937374999996 0.62885855125 0.248156675 0.596106935 0.21635298125 0.59472983875 0.1615249675 0.63011245 0.1629300475 0.64028668 0.18153548375 0.64783455375 0.19038273875 0.661027935 0.27080764875 0.69653606375 0.2865689875 0.69620719
7 0.42329535125 0.43569576875000005 0.332516285 0.41423516624999995 0.19583383375 0.51821567375 0.06953947875 0.59567694375 0.0751597975 0.63637386625 0.10001546624999999 0.66374493125 0.14620936 0.64214721 0.35032210874999997 0.50501533375 0.42329535125 0.43569576875000005
7 0.05384602 0.57106239375 0.053531065 0.58149926 0.069820495 0.59771179 0.09505900125 0.58970256375 0.1504829875 0.54591793375 0.11530710250000001 0.5201226824999999 0.09182257249999999 0.5153975612499999 0.05384602 0.57106239375
7 0.436139245 0.7703309162499999 0.46548167749999997 0.7284509724999999 0.47502672500000004 0.69582719625 0.41148721875 0.6681295774999999 0.37144173375 0.74696562375 0.387731165 0.763178155 0.436139245 0.7703309162499999
7 0.3466946925 0.50418404125 0.23040559625 0.5905063625 0.32027373375 0.6308058525 0.382747565 0.5236121175 0.372180275 0.5106813725 0.3466946925 0.50418404125
7 0.4440226475 0.611217805 0.408890195 0.6747593875 0.47615078875 0.70396658125 0.51023655125 0.709150735 0.545931035 0.649678845 0.54568395875 0.63517228625 0.48512431375 0.5654645675 0.4440226475 0.611217805
7 0.19239376125 0.51874094625 0.22710943625 0.5030513675 0.28341041125 0.4528995625 0.22159094 0.4249393075 0.22211903125 0.4414807125 0.20081474624999998 0.47797778375 0.19239376125 0.51874094625
7 0.23029294125 0.38621099375 0.21818480875 0.4129928675 0.22443503750000002 0.43281605624999997 0.2768112825 0.45598495 0.32995320125 0.40839326375 0.23029294125 0.38621099375
7 0.61002308125 0.5796376125 0.62704424625 0.5375612725 0.57554499125 0.508025205 0.54002020875 0.5051385325 0.53882826375 0.52194257375 0.59538580625 0.58810587125 0.61002308125 0.5796376125
