7 0.13242009124999998 0.47360913 0 0.52781740375 0.002283105 0.6105563475 0.047945205 0.5863052787499999 0.2100456625 0.516405135 0.31963470375 0.44935806 0.37214611875000003 0.38373751749999996 0.442922375 0.34094151250000004 0.50456621 0.285306705 0.525114155 0.24393723250000002 0.51369863 0.1954350925 0.538812785 0.16119828875 0.5091324199999999 0.15549215375 0.44977169000000006 0.15549215375 0.40639269375 0.1326676175 0.34931506874999996 0.1911554925 0.31506849375 0.21398002875 0.26484018249999997 0.23823109875 0.2579908675 0.265335235 0.2785388125 0.29386590625 0.3082191775 0.33523537750000004 0.26484018249999997 0.37803138375 0.13242009124999998 0.47360913
7 0.29461232875 0.34664764624999994 0.29004611874999997 0.31098430875 0.2101374425 0.35092724625000005 0.057169406250000006 0.3980028525 0.03890456625 0.435092725 0.06401872125 0.44935806 0.1690415525 0.4422253925 0.1964388125 0.40941512125 0.29461232875 0.34664764624999994
7 0.415616895 0.48787446500000003 0.47726073 0.4422253925 0.51379041125 0.44507845875 0.5480369862500001 0.39657632 0.51835662125 0.38231098375 0.46584520500000004 0.36804564874999995 0.39050274 0.36091298125000004 0.36538858500000004 0.4079885875 0.32885890375000004 0.44650499250000003 0.26036575375000004 0.48216833125 0.1873063925 0.53067047125 0.1096808225 0.5677603425000001 0.00465799125 0.60342368 0.00465799125 0.6733238225 0.09598219125 0.61198288125 0.2215529675 0.5534950075 0.31516027375 0.507845935 0.38593653000000006 0.48644793125 0.415616895 0.48787446500000003
7 0.379087215 0.47931526375 0.31972648375 0.51069900125 0.26949817374999996 0.57061341 0.1096808225 0.64336661875 0.00694109625 0.67475035625 0 0.714693295 0.12109634749999999 0.67189729 0.29232922375000003 0.59343794625 0.44758036500000004 0.50071326625 0.4179 0.48216833125 0.379087215 0.47931526375
7 0.1325118725 0.72325249625 0.1644753425 0.7246790300000001 0.19872191749999998 0.6833095575 0.27406438375000003 0.6376604849999999 0.39506895 0.59486447875 0.411050685 0.57061341 0.44073104999999996 0.57061341 0.5023748862499999 0.5563480737500001 0.52977214625 0.5563480737500001 0.58684977125 0.52781740375 0.6279456625000001 0.48359486500000004 0.5480369862500001 0.4664764625 0.52977214625 0.4907275325 0.5069410962500001 0.48502139749999995 0.42931552500000003 0.48644793125 0.397352055 0.49643366624999996 0.42246620999999995 0.5192582025 0.34484063875 0.55492154125 0.1302287675 0.6818830237500001 0.00694109625 0.73038516375 0 0.82025677625 0.06401872125 0.7674750362499999 0.1325118725 0.72325249625
7 0.7101374425 0.49928673375000004 0.7603657537499999 0.4664764625 0.82200958875 0.4279600575 0.79004611875 0.41654778875 0.79004611875 0.37375178374999996 0.74895022875 0.338088445 0.6690415525 0.36947218249999997 0.6713246574999999 0.40085592 0.6439273975 0.45221112750000003 0.52977214625 0.5777460775000001 0.406484475 0.6818830237500001 0.36767169000000005 0.67617689 0.36767169000000005 0.714693295 0.29004611874999997 0.7902995724999999 0.29004611874999997 0.81740370875 0.27634748875 0.835948645 0.27178127875 0.8544935800000001 0.32657579875000003 0.87018544875 0.34484063875 0.84450784625 0.392785845 0.840228245 0.45600641125 0.8247097675 0.47269452 0.81312410875 0.45899588999999996 0.7845934375 0.470411415 0.73751783125 0.55032009125 0.62910128375 0.6576260275 0.5577746075000001 0.7101374425 0.49928673375000004
7 0.6918726024999999 0.72610556375 0.7010050225000001 0.74465049875 0.77406438375 0.72895863 0.82200958875 0.7032810275 0.84255753375 0.7460770325 0.920183105 0.7389443649999999 0.956712785 0.7104136950000001 0.956712785 0.66761768875 0.924749315 0.6447931525 0.8722378999999999 0.6504992862500001 0.84255753375 0.64907275375 0.78547990875 0.59771754625 0.7421009137500001 0.5677603425000001 0.7032881275 0.516405135 0.6690415525 0.5363766050000001 0.6576260275 0.55492154125 0.6576260275 0.5763195437499999 0.6667584474999999 0.633380885 0.6895894975 0.6704707562500001 0.6827401825 0.6975748925 0.6918726024999999 0.72610556375
7 0.6690415525 0.38231098375 0.6873063924999999 0.366619115 0.7421009137500001 0.34522111250000004 0.76721506875 0.309557775 0.79461232875 0.29386590625 0.78319680375 0.2396576325 0.76264885875 0.2054208275 0.6873063924999999 0.208273895 0.6370780825 0.2296718975 0.6119639275000001 0.28958630500000004 0.56401872125 0.32382311 0.6028315062499999 0.33666191125 0.59369908625 0.35520684750000003 0.6165301375 0.46219686125000004 0.6507767124999999 0.43081312375 0.6758908675 0.4079885875 0.6690415525 0.38231098375
7 0.7238360724999999 0.20399429375 0.74666712375 0.18402282499999997 0.7192698625 0.1669044225 0.7215529675000001 0.14978602 0.6827401825 0.135520685 0.6530598175 0.139800285 0.6096808225 0.17403709 0.55260319625 0.2097004275 0.5274890412500001 0.21825962875 0.52520593625 0.24679030000000002 0.5389045662499999 0.261055635 0.58000045625 0.24821683249999998 0.6233794524999999 0.25962910125 0.6507767124999999 0.2154065625 0.7238360724999999 0.20399429375
7 0.9955255712500001 0.38373751749999996 0.9955255712500001 0.029957203749999998 0.9452972599999999 0.0171184025 0.8905027400000001 0.0313837375 0.83799132375 0.0556348075 0.7786305937500001 0.13124108375000001 0.79004611875 0.30099857375 0.81059406375 0.41940085625 0.8357082187499999 0.5021398 0.947580365 0.516405135 0.9955255712500001 0.52211127 0.9955255712500001 0.38373751749999996
7 0.96812831 0.37517831625 0.96812831 0.24251069874999998 0.9087675799999999 0.27389443625 0.874521005 0.29386590625 0.8927858449999999 0.31954350875 0.888219635 0.37660485 0.89506895 0.435092725 0.9452972599999999 0.41940085625 0.96812831 0.37517831625
7 0.920183105 0.53495007125 0.9452972599999999 0.61483594875 0.9589958900000001 0.7218259625000001 0.956712785 0.7845934375 0.9955255712500001 0.79885877375 1 0.5192582025 0.9064844750000001 0.507845935 0.920183105 0.53495007125
7 0.52063972625 0.9015691875 0.474977625 0.884450785 0.470411415 0.9101283875 0.42703242 0.9115549212499999 0.38593653000000006 0.9101283875 0.356256165 0.937232525 0.36310548 0.961483595 0.38593653000000006 0.9786019975000001 0.4635621 0.9871611987500001 0.52063972625 0.9543509275 0.54347077625 0.92154065625 0.52063972625 0.9015691875
