2 0.08200947624999999 0.8550892600000001 0.0787390425 0.8863732375 0.10745871875 0.91901618125 0.17997903375 0.94413049375 0.226569355 0.9429799137499999 0.25417732125000003 0.9544183725000001 0.305491855 0.9497127537500001 0.33375160000000004 0.9267514112499999 0.349602205 0.90125986375 0.35682720375000004 0.85174082 0.32381089750000003 0.83080848625 0.294065025 0.77859217375 0.25683760625 0.7710015625 0.2175901475 0.7717129275000001 0.15953136375 0.78827555875 0.10958509 0.8190790025 0.08200947624999999 0.8550892600000001
2 0.19799260749999997 0.730343195 0.18179993625000002 0.74931028625 0.1822275175 0.75746585625 0.21464521 0.76698039125 0.24165456124999998 0.7670010525 0.2938242575 0.778606575 0.3210369925 0.82933818 0.36620589000000003 0.84790737375 0.395577345 0.846150515 0.40266366124999997 0.8408179575 0.439260115 0.78954205375 0.44378094249999994 0.7352760725 0.39346025500000004 0.7121063437499999 0.36735923125 0.68257922375 0.35477905875 0.6767867937500001 0.31063635875 0.6777909674999999 0.25021546875 0.69613111875 0.19799260749999997 0.730343195
2 0.10304847 0.7458396725 0.13276199125 0.75060727 0.18652414625 0.7457552475 0.2359573225 0.7051651175000001 0.2887787975 0.6823708399999999 0.286555375 0.63996187125 0.18543325125 0.6312844475 0.1223613575 0.59906006 0.09595062 0.61045719875 0.05832797 0.6421597325 0.042733912500000006 0.67254462125 0.044102172499999995 0.6986424474999999 0.06277481625 0.7269776675 0.10304847 0.7458396725
2 0.127277415 0.5055009325 0.10915022125 0.5344011125 0.10832740749999999 0.56553868625 0.12725660125 0.59876725 0.17302410999999998 0.6287542425 0.2645267825 0.6412795162499999 0.303688725 0.6389370375 0.34233757 0.62680787375 0.37566359 0.60681594875 0.3868755025 0.5865105549999999 0.41277314125 0.56532673 0.41553047875 0.5242560675 0.39677231999999996 0.49428973249999997 0.361222875 0.47187268875 0.31892918125 0.46131266 0.235453505 0.461397085 0.18692865749999998 0.472480755 0.127277415 0.5055009325
2 0.38069832750000004 0.328193775 0.33985841 0.34536268625 0.31649390625 0.36803122 0.310690335 0.39783048875 0.30343298874999997 0.3999008175 0.30428815124999997 0.41621196 0.3101240725 0.43386140625 0.3283691325 0.454041055 0.38147950875 0.483588835 0.39320451875 0.47307012375 0.47887126625 0.46794595125 0.490168695 0.44927167124999995 0.51378974625 0.43149648125 0.52517269125 0.41445331500000004 0.5222119712500001 0.40481303500000004 0.501861355 0.39130424625000004 0.49121570625 0.375578725 0.49001847875000004 0.35274312625 0.45691665625 0.33017967875 0.43690810375 0.32319534625 0.38069832750000004 0.328193775
2 0.39590089749999996 0.47290451375000003 0.39370982499999996 0.4779442625 0.41873148625 0.5337156125 0.4369765475 0.55389526125 0.500358155 0.54519539125 0.5521857875 0.55027645875 0.57893859125 0.54540377625 0.61428465 0.517109875 0.62928009375 0.47530718625 0.6234441725 0.45765774125 0.57918360375 0.40958208625 0.52430973875 0.39322962375000003 0.5121571475 0.39559276375 0.52254624625 0.40642494375 0.5209537875 0.42288248875 0.47903450875 0.46629563249999995 0.39590089749999996 0.47290451375000003
2 0.3591915 0.6158205075000001 0.35372999374999997 0.65214423375 0.367934975 0.6889278362500001 0.41142589749999997 0.72232346375 0.45380510749999997 0.73451460625 0.52259505625 0.73530861 0.5711199025 0.72422494125 0.6185330375 0.6919367887500001 0.6410423774999999 0.6529571125 0.64126657625 0.61040174 0.63036437875 0.589782875 0.557159935 0.55161965 0.54213214125 0.54597362375 0.4806850575 0.544740405 0.43452231625000004 0.554046555 0.38912922125 0.5780327325 0.3591915 0.6158205075000001
2 0.383424755 0.8485136525 0.38243091 0.8763890000000001 0.3970634725 0.92132817 0.4383633225 0.9597635449999999 0.47584729000000003 0.97224749875 0.5297804775 0.970657705 0.5635340787500001 0.95882135125 0.59651803375 0.93230496875 0.625515075 0.87657493875 0.6259103075 0.83728179375 0.58014279625 0.8072948 0.54331060875 0.76041104375 0.46000596375 0.7637576975 0.44557678500000003 0.7695294699999999 0.43487797125 0.7996215474999999 0.4050257675 0.83904043875 0.383424755 0.8485136525
2 0.556457045 0.7301725600000001 0.5534431587499999 0.76634988125 0.56451638875 0.7902309737500001 0.5852945887500001 0.8118953325 0.65858454875 0.85168967125 0.68838358625 0.85808838375 0.7325262875 0.8570842075 0.7976713875 0.83518901875 0.80854123375 0.8083591687499999 0.8128055125 0.74919984375 0.8057723637499999 0.7087148000000001 0.75343163375 0.6938470487499999 0.70774963875 0.6654911674999999 0.6658835275 0.6630867100000001 0.63449203 0.67314554375 0.6089364549999999 0.7008538249999999 0.556457045 0.7301725600000001
2 0.69854623375 0.5367795550000001 0.6756093125 0.56760365875 0.6730230075 0.61193655125 0.7051309862499999 0.66237534375 0.74583222125 0.68939292125 0.79825846625 0.705891785 0.8401245787499999 0.708296245 0.8938012175 0.7018131074999999 0.92721275375 0.68345229875 0.9578346050000001 0.6587134349999999 0.9821074362500001 0.6065384425 0.97288321375 0.5710931450000001 0.932267495 0.545706685 0.913765885 0.5206336925 0.86851147125 0.5004333825 0.81187411375 0.49727624 0.7413206750000001 0.50967755375 0.69854623375 0.5367795550000001
2 0.6078132075 0.53893430875 0.6090959525 0.56340102125 0.6358811062499999 0.60597705375 0.67877341375 0.6279548825 0.6758658612499999 0.5724970012499999 0.69863175 0.53841066875 0.7294246325 0.516934035 0.7534732649999999 0.5073144150000001 0.8241977375 0.49817532875 0.8289219475 0.49462029125 0.8258757124999999 0.48334889750000004 0.79818223 0.47027932375 0.75369746375 0.4647590425 0.68052537 0.4740445325 0.6397709687500001 0.49284455875 0.62104516 0.5103269375 0.6078132075 0.53893430875
2 0.63366696375 0.3295867375 0.59672844375 0.37433818375 0.59414214125 0.41867107625000005 0.6129003000000001 0.44863740999999996 0.6509828799999999 0.47253916375000005 0.6659251575 0.47655407625 0.69284899375 0.47494362125 0.7463546 0.46519825750000005 0.793767735 0.43291010375 0.8392463462499999 0.41055503875 0.83517391625 0.379710275 0.8074480825000001 0.31919198625 0.7925058075 0.31517707500000003 0.7361249974999999 0.31691327375 0.71839303375 0.30652030875 0.70108865125 0.304282915 0.6598211537500001 0.31329625499999997 0.63366696375 0.3295867375
