17 0.6635747175 0.29582017374999997 0.6750126262499999 0.3355224075 0.6946204687499999 0.36033630250000004 0.7273002074999999 0.37770603 0.7599799462500001 0.37522464 0.7795877887499999 0.3628176925 0.8040975937499999 0.32311545875000003 0.813901515 0.29333878375 0.813901515 0.25611794 0.8024636062499999 0.20649014875 0.7828557625000001 0.17175069499999998 0.7599799462500001 0.15189957874999999 0.7305681812500001 0.14445541 0.6995224299999999 0.1593437475 0.6684766775 0.20649014875 0.6635747175 0.29582017374999997
17 0.56389179125 0.28039702250000004 0.588401595 0.33250620374999995 0.60637545125 0.34739454125 0.62108133375 0.35483871 0.66519898 0.34987592999999995 0.67827087625 0.33250620374999995 0.6668329675 0.29280397 0.66846695375 0.22828784124999998 0.694610745 0.1637717125 0.6717349275 0.13647642625 0.62271532 0.1315136475 0.59166956875 0.15136476375000002 0.5655257775 0.20099255625 0.56389179125 0.28039702250000004
17 0.10130718999999999 0.26054590625 0.12418300625 0.3052109175 0.1797385625 0.31265508625 0.1928104575 0.29528536 0.20751634 0.20099255625 0.194444445 0.18362282875 0.15359477124999998 0.18114143875 0.13071895375 0.1935483875 0.1160130725 0.21339950375 0.10130718999999999 0.26054590625
17 0.22875817 0.15658021625 0.23856209125 0.2062080075 0.29248366000000003 0.18883828000000003 0.31209150375 0.164024385 0.29084967375000004 0.06725019125000001 0.27450980375 0.05484324375 0.2483660125 0.07965713875 0.23202614375 0.1143965925 0.22875817 0.15658021625
17 0.29428652499999997 0.30794876625 0.33840417125 0.29802320875 0.36618194875 0.24839541625 0.36944992374999996 0.21613735250000002 0.3514760675 0.201249015 0.29755449875 0.19132345625 0.28775057625 0.201249015 0.27467868125 0.29554181875 0.29428652499999997 0.30794876625
17 0.406862745 0.208436725 0.4428104575 0.19851116624999998 0.4640522875 0.18114143875 0.46241830125 0.146401985 0.43790849625 0.1042183625 0.41176470625 0.08684863500000001 0.37581699375 0.08436724625 0.36764705875 0.10918114125 0.39052287625 0.203473945 0.406862745 0.208436725
17 0.43300653625 0.3349875925 0.46895424875 0.28535980125 0.4722222225 0.25806451625 0.46078431375 0.2382134 0.39052287625 0.23325062 0.38071895375 0.33250620374999995 0.39052287625 0.34243176124999997 0.43300653625 0.3349875925
17 0.0996732025 0.41439206 0.07352941125 0.41191067 0.06372549 0.41935483875 0.06209150375 0.43424317625000003 0.10457516375 0.45161290375 0.11928104625 0.50868486375 0.15359477124999998 0.558312655 0.20915032625 0.615384615 0.3872549025 0.69727047125 0.406862745 0.6947890825 0.423202615 0.558312655 0.41993464 0.47642679875 0.2565359475 0.40694789124999997 0.16993464 0.3945409425 0.13888888875 0.40198511125 0.1160130725 0.4267990075 0.0996732025 0.41439206
17 0.04575163375 0.6327543425000001 0.0866013075 0.74441687375 0.19771241875 0.94540942875 0.25 0.91811414375 0.32352941125 0.84863523625 0.2565359475 0.70471464 0.19607843125 0.59801488875 0.13562091499999998 0.53846153875 0.0866013075 0.51861042125 0.05228758125 0.5409429275000001 0.04248366 0.5781637712500001 0.04575163375 0.6327543425000001
17 0.46586221625 0.8789462825 0.51488182375 0.90624156875 0.53775764 0.8938346199999999 0.59984914375 0.69780484375 0.62926090875 0.571253975 0.62926090875 0.55388424875 0.6112870525 0.53651452125 0.53612365375 0.4968122875 0.52795371875 0.50921923625 0.45769228125 0.8541323875000001 0.46586221625 0.8789462825
17 0.80754092625 0.58835613875 0.8042729525 0.63550254125 0.818978835 0.68016755375 0.8385866774999999 0.7124256174999999 0.90067818125 0.73475812375 0.93008994625 0.7149070075 0.946429815 0.6876117225 0.9562337375 0.6553536575 0.95786772375 0.60324447625 0.946429815 0.556098075 0.92355399875 0.51639584125 0.8908742599999999 0.49654472499999996 0.86963243 0.49654472499999996 0.8402206649999999 0.51639584125 0.8206128225 0.54369112625 0.80754092625 0.58835613875
17 0.75980392125 0.7570715712499999 0.7728758175 0.794292415 0.805555555 0.82406908875 0.8627450975000001 0.82406908875 0.8872549024999999 0.79925519375 0.90359477125 0.732257675 0.84477124125 0.71240655875 0.8202614375 0.672704325 0.8120915037499999 0.6255579225000001 0.805555555 0.62059514375 0.779411765 0.64540904 0.758169935 0.6950368312499999 0.75980392125 0.7570715712499999
17 0.656862745 0.677419355 0.6584967325 0.732009925 0.67483660125 0.7791563275 0.69771241875 0.80397022375 0.715686275 0.81389578125 0.76143790875 0.8089330025 0.77614379125 0.78908188625 0.7728758175 0.677419355 0.78921568625 0.620347395 0.74673202625 0.58560794 0.71895424875 0.58560794 0.6879084962500001 0.6004962775 0.66830065375 0.6327543425000001 0.656862745 0.677419355
