16 0.46081325375 0.20180706 0.444529535 0.18921325875 0.44092245124999996 0.16129746375 0.4173240375 0.14762676375 0.4003558875 0.14745926374999999 0.37659529375 0.15852748875 0.37084735375 0.19438846875 0.22062198375 0.19441255999999998 0.21247364125 0.20224406875 0.1999202925 0.27759759625 0.21043993625 0.52560906375 0.2184813975 0.9151319800000001 0.219749725 0.9450340712499999 0.22781049374999998 0.9637004362499999 0.44267441375 0.945225285 0.45926952875 0.9365980525000001 0.466412255 0.81937083125 0.46946771 0.40584486374999995 0.47625036375 0.25156608874999997 0.46081325375 0.20180706
16 0.23492008125000002 0.07450595 0.20935594625 0.07161627875 0.18431406375 0.081039235 0.174722255 0.11196439875 0.04471204375 0.10302023375 0.0073535962499999994 0.16481673749999998 0.05526105875 0.7801608400000001 0.06332182875 0.79882720375 0.20977793875 0.79562624375 0.21920757 0.78944000625 0.20202511375 0.2700960675 0.21238892374999999 0.20024673 0.2607307925 0.1974586875 0.27267431875 0.1362904075 0.26431511875 0.11058825750000001 0.24621489624999998 0.11229337875 0.23492008125000002 0.07450595
16 0.9033055950000001 0.7799799512500001 0.93197069625 0.59891610625 0.98199916 0.20745469625 0.9765009675 0.19207887750000002 0.93067299625 0.13988487624999998 0.9258592337499999 0.11208275499999999 0.90361671375 0.10181627374999999 0.8794084762500001 0.10233082125 0.8677146975 0.11226230125 0.8627257925 0.13745592625 0.7473449737500001 0.13066555875 0.73045143125 0.13225700375000002 0.7211710175 0.14196113375 0.7311099350000001 0.17634434250000003 0.7478412975000001 0.19949182499999998 0.74608644 0.24380651125 0.76235719375 0.28465713375 0.7631778749999999 0.30400554625000004 0.7246193675000001 0.680258635 0.7166559575 0.7781374437499999 0.71996461 0.79901745375 0.89636393625 0.78769778625 0.9033055950000001 0.7799799512500001
16 0.599597445 0.131982435 0.57622285 0.12358857499999999 0.5037473525 0.12865011125 0.49914444875 0.13438165 0.49980295124999996 0.17846899 0.506806255 0.20076692000000002 0.65333697125 0.19932490749999998 0.66149827625 0.16323657874999997 0.6950615375 0.1547768475 0.71481608625 0.16351173125 0.7255140425000001 0.187227585 0.7262601162500001 0.20481705125000002 0.7396698650000001 0.23534134250000002 0.74570327375 0.2347729675 0.74903785 0.1991393375 0.7309505912500001 0.17258764 0.7121918650000001 0.13020542125 0.599597445 0.131982435
16 0.38368618625000006 0.154327965 0.4004305125 0.14921862624999999 0.4025454475 0.14195549 0.40066729875 0.12623864625 0.39086463125000004 0.12363015000000001 0.27344348625 0.12586186375 0.26157456625 0.18878909124999999 0.26684893625 0.19888807 0.37333534125 0.19592048250000002 0.37561245249999997 0.16391842125 0.38368618625000006 0.154327965
16 0.48777162875 0.1233176675 0.47683688750000003 0.1225817925 0.47059262124999995 0.08961650625 0.4556648 0.08042692374999999 0.42791112374999996 0.08304144125 0.41387859 0.09495921750000001 0.41212373 0.13927390750000002 0.4408473 0.15952569375 0.44475281375000003 0.194477275 0.4594568125 0.19839002 0.47300281375 0.26068902375 0.46667759375 0.5685645225 0.478893625 0.57094566875 0.49388943625000004 0.26755128625 0.49135278374999997 0.20774710375000002 0.50304656375 0.1978156225 0.5038056012500001 0.18714826875 0.49401589625 0.15628295250000002 0.49169010375 0.13001242875000002 0.48777162875 0.1233176675
16 0.6018615925 0.12823719375 0.6025460225 0.1158108925 0.58469554875 0.06627921375 0.57730624375 0.06344336625000001 0.57475663125 0.03189600375 0.55734083625 0.021174824999999998 0.53433928 0.021575696249999998 0.5202321400000001 0.03173452625 0.51893788625 0.058346075 0.50468153 0.06498701 0.38703656125 0.06194188375 0.38364033999999997 0.0675597475 0.38587856125000003 0.12032814625 0.412723985 0.12486308875 0.41379441499999997 0.09297470000000001 0.4255628 0.0848021675 0.45210979375 0.08230132375 0.47193895124999996 0.092795155 0.475769855 0.12598779000000002 0.53044356125 0.12966716 0.5664947925 0.12273902625 0.6018615925 0.12823719375
16 0.65002864375 0.035640303750000005 0.6295767025 0.0675885425 0.5909628925 0.0712261325 0.59313947 0.09397876374999999 0.6058777525 0.108672535 0.60564096625 0.131652515 0.66506679125 0.13311824125 0.81838995375 0.1204405 0.7749007374999999 0.06626020375000001 0.77415466375 0.048670737500000005 0.76397895875 0.03726750875 0.7276292987499999 0.03715985625 0.7071773575 0.06910809375 0.6975985124999999 0.0717764375 0.66600097 0.06945514125 0.65002864375 0.035640303750000005
16 0.26431511875 0.11058825750000001 0.2696640975 0.122446185 0.38112644250000005 0.12254179125 0.38220983625000005 0.062396583750000005 0.372942385 0.043843893749999995 0.36804105 0.042539645 0.3660753325 0.053320675 0.3600419225 0.053889048749999995 0.356360235 0.02421430625 0.34625913750000004 0.014570025 0.31360413000000004 0.015880295 0.30176113625 0.022293881249999998 0.30016845375 0.0418696425 0.29428426125 0.04595591125 0.28214283875 0.04533371 0.255981845 0.028372467499999998 0.18523527874999998 0.045632953750000003 0.16229536625000002 0.07604959375 0.15270355875 0.1069747575 0.17706101125 0.10997810250000001 0.17865369250000002 0.09040234124999999 0.1854461375 0.0791666125 0.22149736874999998 0.07223848000000001 0.2400452375 0.0810870375 0.24500821375 0.1124070525 0.26431511875 0.11058825750000001
16 0.7068630912499999 0.9185722337500001 0.7666487162500001 0.30014686874999996 0.7607028800000001 0.27421736875 0.72604643375 0.19977926125 0.7186700924999999 0.16868659625 0.6988409375000001 0.158192765 0.67817813625 0.1566073425 0.66165763125 0.16699352125 0.65191660875 0.1944007925 0.64120569 0.19894175749999998 0.5810208262500001 0.20814338625 0.49829501625 0.20004274625000001 0.4890892075 0.21150582375 0.48884925125 0.40578567 0.47146600375 0.6528937625000001 0.47269543875 0.76756631375 0.46759303750000003 0.8757714525 0.47051568875 0.91611355 0.48234571875 0.9379567824999999 0.6577621862499999 0.93202763 0.7024094025 0.9278216662500001 0.7068630912499999 0.9185722337500001
