0 0.42233944749999996 1 0.460058165 0.98487663375 0.50031440625 0.9509878412499999 0.51778802 0.92031776875 0.52132172125 0.8641779162500001 0.48191271375 0.79123898625 0.43537238875 0.75665537625 0.34155542125 0.7188423912499999 0.234074265 0.70277708 0.14622868125 0.71137687 0.052825306249999995 0.7443900675 0.0056495550000000005 0.78992724875 0 0.81623774625 0 0.8714842575 0.0013795362499999999 0.87742133625 0.0254869075 0.912125465 0.08977657750000001 0.9632564600000001 0.3622762475 1 0.42233944749999996 1
0 0 0.6560866849999999 0.04617543375 0.6791586375 0.1550183075 0.7079889675 0.22008126625 0.70260789875 0.30083250125 0.7072055987500001 0.34433669 0.6941995425 0.3837187475 0.6680562537500001 0.4113967925 0.6214627 0.36195819375 0.5628981525 0.34857976 0.50762323875 0.32307369625 0.48531191999999995 0.2297812375 0.44285162874999995 0.144733035 0.42666580000000004 0.05465155 0.43024607625 0 0.44479654375000005 0 0.6560866849999999
0 0.07545692875 0.19857779375 0.025382903749999998 0.2201340375 0.00964762875 0.35955314375 0.051016805 0.39029413124999995 0.1043018075 0.41477845375 0.21366918875 0.43896147999999996 0.291972715 0.46524659749999997 0.35479977375 0.45484601374999994 0.40815871875 0.42901467875 0.4371984825 0.39518614375 0.44310594625 0.36767453375000003 0.404672015 0.335756655 0.37113350124999994 0.26046394500000003 0.343041865 0.236231315 0.29545252125 0.21094231125000001 0.2521601425 0.19724143625 0.163652185 0.18687980125 0.07545692875 0.19857779375
0 0.41462700875 0.1955581425 0.46487586999999997 0.17245279875000002 0.4747676 0.13446969125 0.42089417124999995 0.04070828375 0.38722878375 0.011473445 0.04979797750000001 0.0014754962499999998 0.03736198875 0.11166197 0.08355264125 0.14934378125 0.1501151825 0.18033646125 0.25724666500000004 0.19949997374999998 0.3164021575 0.22163051500000003 0.36315429250000003 0.22950719500000002 0.38317650625 0.22591626375 0.41462700875 0.1955581425
0 0.49276377125000004 0.7470945299999999 0.48405892375 0.79939175875 0.5119387525 0.85033132 0.57916366625 0.90028542375 0.66281317625 0.9288640625 0.767883595 0.94145896 0.8393415550000001 0.929076805 0.8895904175 0.9059714612499999 0.92520001875 0.8635927425 0.9306199475 0.815570605 0.9053256925 0.7665523550000001 0.84603233625 0.7208130850000001 0.7599720875 0.68876403375 0.6769849499999999 0.67914682125 0.59759543375 0.68731414125 0.53354452 0.7085584325000001 0.49276377125000004 0.7470945299999999
0 0.3672933425 0.4659666875 0.347546855 0.516775075 0.361624635 0.5658535837499999 0.39589946374999996 0.60979206 0.495899625 0.6673108925 0.54694872625 0.68677570125 0.57713839875 0.6924191175 0.65429201625 0.6792322824999999 0.7433244824999999 0.6849466150000001 0.8025908925 0.63160366875 0.8135686137499999 0.55916812375 0.78656296625 0.500483055 0.7353760025 0.45740951875 0.64414460875 0.421517845 0.5306181237500001 0.40935541625 0.43068188125 0.42576097124999995 0.3672933425 0.4659666875
0 0.47410852124999997 0.167407015 0.43301507125 0.18388348375 0.3963934225 0.2103989825 0.37266267 0.27167886750000003 0.4046646275 0.33575566 0.48858986625 0.41155175374999997 0.5643447925 0.41075773 0.6526779137500001 0.422668465 0.7365022600000001 0.44969800249999997 0.7712007087499999 0.44022261749999997 0.81680293125 0.40862734625 0.8059730999999999 0.38043157375 0.82715525125 0.2920725475 0.81891099375 0.2657980875 0.7944539487500001 0.23419216124999997 0.7582559175 0.2072937975 0.6834121475 0.17518448625000002 0.5788662375 0.15794228625 0.47410852124999997 0.167407015
0 0.8059428587499999 0.22945060875 0.8561917212500001 0.20634526375 0.8874673850000001 0.17753624375000002 0.92213888625 0.06897864249999999 0.52620389375 0.015591226250000001 0.44802377 0.01327477875 0.435358595 0.06153076125 0.443428015 0.08935432374999999 0.50268440125 0.1602514225 0.5786141625 0.15790829625 0.6803996612500001 0.17477828625 0.73955515375 0.19690882875 0.78385957875 0.22647292375 0.8059428587499999 0.22945060875
0 0.9679936612500001 0.80488327375 0.99610219375 0.5558335225 0.9962965212500001 0.52959927375 0.9248961674999999 0.5411532075000001 0.8656667312499999 0.569338325 0.8300571275 0.61171704375 0.81705531625 0.6524261450000001 0.8216649812500001 0.6860739012499999 0.8406012075 0.7169354075 0.94367448 0.7968860762500001 0.9679936612500001 0.80488327375
0 0.9175260925000001 0.50713324125 0.97116076625 0.52851936125 0.9960044562500001 0.53186925625 0.99629754625 0.52946092125 0.99860853 0.217478035 0.9384795125 0.2221588825 0.87701417375 0.24532448625 0.82655350375 0.29513676125 0.8174989825 0.3505321925 0.8298653699999999 0.38994388375 0.8267183149999999 0.417827705 0.862879375 0.46988389750000004 0.9175260925000001 0.50713324125
0 0.9986163050000001 0.21642841499999999 0.99963112625 0.0794276075 0.92213888625 0.06897864249999999 0.90795019125 0.09537362249999999 0.9034044450000001 0.13565025375 0.9183564049999999 0.17698325625 0.93282082875 0.19780573375 0.953155745 0.21627442875 0.972478615 0.2188799025 0.9986163050000001 0.21642841499999999
