0 0 0.46666666625 0.028125 0.51666666625 0.0671875 0.5527777775 0.1 0.56666666625 0.15625 0.56388888875 0.2234375 0.51666666625 0.2515625 0.46666666625 0.2765625 0.369444445 0.278125 0.26111111125 0.2578125 0.175 0.2125 0.08611111125000001 0.1609375 0.044444445000000006 0.1046875 0.03888888875 0.0734375 0.05 0.0421875 0.0777777775 0 0.1472222225 0 0.46666666625
0 0.301418495 0 0.276418495 0.0722222225 0.262355995 0.18333333375 0.276418495 0.2472222225 0.282668495 0.3277777775 0.301418495 0.369444445 0.332668495 0.40555555499999996 0.382668495 0.4277777775 0.434230995 0.37222222250000003 0.487355995 0.3527777775 0.506105995 0.325 0.535793495 0.22777777749999997 0.540480995 0.14166666625 0.524855995 0.052777777500000005 0.502980995 0 0.301418495 0
0 0.5375 0.211372205 0.521875 0.29192776125000003 0.540625 0.35303887250000004 0.5734375 0.40303887250000003 0.6109375 0.4280388725 0.6390625 0.43081665 0.665625 0.38914998375000004 0.7359375 0.34748331625 0.75625 0.31692776125 0.775 0.26692776125 0.7828125 0.22248331624999998 0.78125 0.1335944275 0.7578125 0.04748331625 0.7296875 0.00026109500000000003 0.5890625 0.00026109500000000003 0.5640625 0.04470553875 0.546875 0.10026109500000001 0.5375 0.211372205
0 0.8390625 0 0.8078125 0.05 0.7859375 0.119444445 0.78125 0.22777777749999997 0.7671875 0.28888888875 0.765625 0.33611111125 0.771875 0.35555555499999997 0.80625 0.38333333375 0.8359375 0.430555555 0.875 0.43611111125 0.9609375 0.37222222250000003 1 0.31388888875 1 0.058333333749999994 0.9625 0 0.8390625 0
0 0.1109375 0.7113727274999999 0.1125 0.81692828375 0.134375 0.8863727275 0.1640625 0.9335949499999999 0.2109375 0.9641505050000001 0.259375 0.9641505050000001 0.3046875 0.9335949499999999 0.3421875 0.86970606125 0.3625 0.7808171724999999 0.3609375 0.69748383875 0.3421875 0.61970606125 0.3125 0.55859495 0.26875 0.52248383875 0.215625 0.5197060612500001 0.16875 0.553039395 0.128125 0.62526161625 0.1109375 0.7113727274999999
0 0.3484375 0.51666666625 0.3359375 0.569444445 0.334375 0.6 0.3578125 0.675 0.3640625 0.76388888875 0.425 0.8166666662500001 0.4984375 0.819444445 0.553125 0.7861111112499999 0.5890625 0.730555555 0.6125 0.63611111125 0.609375 0.5222222225 0.5796875 0.425 0.53125 0.36666666625 0.478125 0.3527777775 0.43125 0.37222222250000003 0.3921875 0.41111111125 0.3484375 0.51666666625
0 0.6125 0.55580921625 0.6125 0.6446981049999999 0.596875 0.7308092162500001 0.6109375 0.76414255 0.6484375 0.80580921625 0.675 0.7919203275 0.765625 0.80303143875 0.790625 0.7919203275 0.81875 0.76414255 0.840625 0.72525366125 0.8625 0.6474758837500001 0.865625 0.5419203275000001 0.8421875 0.43914254999999996 0.8203125 0.40025366125 0.7890625 0.36692032750000003 0.725 0.35025366124999996 0.665625 0.38914255 0.6015625 0.48080921625 0.6125 0.55580921625
0 1 0.3972222225 0.9421875 0.38888888875 0.915625 0.4 0.853125 0.46666666625 0.865625 0.5416666662499999 0.8625 0.644444445 0.8484375 0.705555555 0.825 0.7527777775 0.825 0.775 0.8546875 0.8222222225 0.8875 0.85 1 0.8722222225 1 0.3972222225
0 0.553125 1 0.53125 0.9277777775 0.4953125 0.8722222225 0.4484375 0.8416666662500001 0.40625 0.83333333375 0.3734375 0.8416666662500001 0.3453125 0.86388888875 0.2796875 0.975 0.275 1 0.553125 1
0 0.59375 0.85833333375 0.5640625 0.91666666625 0.55 0.9722222225 0.55 0.9972222225 0.8703125 1 0.85 0.905555555 0.81875 0.8472222225 0.7625 0.8027777775 0.70625 0.8 0.66875 0.8166666662500001 0.640625 0.8166666662500001 0.59375 0.85833333375
0 1 0.8722222225 0.971875 0.86111111125 0.93125 0.86111111125 0.8921875 0.8805555549999999 0.8734375 0.8972222225 0.8578125 0.919444445 0.8578125 0.9388888887500001 0.86875 0.98611111125 0.86875 1 1 1 1 0.8722222225
