17 0.11674015374999999 0.8295089525 0.13582267874999998 0.8513004475 0.20541777 0.8831495574999999 0.25368533374999996 0.9066173200000001 0.29185038375 0.90829358875 0.3176679175 0.9066173200000001 0.33001543375 0.89153090125 0.34124045000000003 0.8781207487499999 0.34011794875 0.86135806125 0.33899544625 0.84794790875 0.35022046125 0.8295089525 0.36481298 0.8127462637499999 0.30868790749999997 0.780897155 0.20317276750000002 0.7272565525 0.148170195 0.7004362475000001 0.07969760499999999 0.6635583337500001 0.0617375825 0.65182445125 0.05612507375 0.68702609875 0.0628600825 0.7423429712499999 0.09878013 0.7909547675 0.11674015374999999 0.8295089525
17 0.16949772375 0.6922990450000001 0.1998052625 0.7241481550000001 0.22899030125 0.74426338125 0.28399287375 0.7660548749999999 0.33450544125 0.7761124875000001 0.37154798874999995 0.7777887575 0.4041005325 0.7660548749999999 0.422060555 0.752644725 0.43440807124999997 0.73755830375 0.43665307499999995 0.7124142725 0.269400355 0.631953365 0.186335245 0.59507545125 0.1234751625 0.56993141625 0.11449515 0.59339918125 0.12572016625 0.6353059037500001 0.13806768249999998 0.6587736662499999 0.16949772375 0.6922990450000001
17 0.41909432375 0.64575189875 0.38416979625000003 0.62441618625 0.35718266249999997 0.60070984 0.33575170125 0.5710769087500001 0.32860804875 0.550926515 0.35877013875 0.54262929375 0.3174957 0.5177376325 0.2976522175 0.4952166025 0.25717151625 0.45610113375 0.21351585750000002 0.47506621125000004 0.21510333625 0.494031285 0.22542194625 0.516552315 0.24209047125000002 0.5414439762500001 0.2611402125 0.563965005 0.295271 0.58885666875 0.354801445 0.62441618625 0.35956387874999995 0.62915745625 0.39845710124999995 0.64456658125 0.41909432375 0.64575189875
17 0.57596443875 0.66739121625 0.530060505 0.6376431575 0.49888047625 0.61436206625 0.46163766250000005 0.58073382875 0.43652041625000004 0.5535725575 0.373294245 0.53417165125 0.33172087125 0.54969237625 0.33605143249999997 0.57297346625 0.35597200749999997 0.60142813125 0.3966792675 0.6350563675 0.42612707375 0.6531638825 0.49021935749999995 0.6803251525 0.54565052125 0.69067230375 0.59415278875 0.69325909125 0.6088766925 0.69067230375 0.6357261625 0.6867921225000001 0.57596443875 0.66739121625
17 0.32453283 0.47796257124999997 0.35693025749999996 0.49881608499999996 0.41167073375 0.5230061625 0.38821053 0.47128944500000003 0.37927330875000004 0.45210421125000005 0.38485907124999996 0.43625553875 0.27761242124999996 0.37786569625 0.2630894375 0.39037780499999997 0.26588232 0.40872889874999996 0.27537811624999997 0.42791413375 0.29939689875 0.45210421125000005 0.32453283 0.47796257124999997
17 0.29939689875 0.49297710125 0.33682151125 0.52717686625 0.35748883374999996 0.5371865525 0.37033608749999997 0.5330158512500001 0.43289663375000004 0.55136694375 0.41055358249999996 0.5213378825 0.3591645625 0.5021526475 0.32900144124999997 0.483801555 0.28822537125000003 0.44459694624999996 0.27314381125 0.42374342875000004 0.26644089625 0.41206546125000004 0.26364801374999997 0.39871921125 0.24242211375 0.40205577374999996 0.24186353875 0.43291897625 0.26644089625 0.46545046125 0.29939689875 0.49297710125
17 0.41529136375 0.52430644 0.45197325125 0.5693028875 0.486035005 0.6045175012499999 0.558743745 0.65538305125 0.5875652287500001 0.67201217375 0.54236790375 0.629950275 0.48341487 0.57321562375 0.4598336575 0.54973921625 0.43363230875 0.51354641875 0.41987660125 0.495939115 0.40481082625 0.45192085125 0.39367525375 0.42746625875 0.38384974875 0.43137899249999995 0.377954445 0.44898629874999996 0.40022558875 0.49789548250000004 0.41529136375 0.52430644
17 0.41471594500000003 0.47378243750000004 0.420577655 0.495666155 0.44622263375000004 0.53068009875 0.4667386175 0.55584637125 0.51932511125 0.6092272475 0.5653683675 0.6492027887499999 0.59267309125 0.6699900687500001 0.63496864125 0.6859802875 0.663673205 0.68025650375 0.68798514125 0.67070233875 0.64789177125 0.6222945737500001 0.5803126325 0.59204265375 0.53479791625 0.55984698125 0.48149778750000005 0.5169194162499999 0.462932575 0.49992725625 0.44238354999999996 0.46523861375000003 0.43556453625 0.44932757875 0.43215502875 0.43214366374999996 0.4338597825 0.42259704249999996 0.43962821124999996 0.414696405 0.4176468 0.4004719925 0.4059233825 0.39937780500000003 0.39200182125 0.4245440775 0.41471594500000003 0.47378243750000004
17 0.46505165875000004 0.5011801650000001 0.49707161125 0.53078082875 0.5562675 0.5770712 0.6116790587500001 0.60518942625 0.6412677575 0.6164367175000001 0.6909453499999999 0.628668635 0.70154042625 0.630444915 0.7282547137500001 0.62061612 0.70154042625 0.587660755 0.6635983950000001 0.5518145675 0.57843724625 0.47936138624999997 0.54249293 0.45152894625 0.5005578924999999 0.42369650875 0.46794175375 0.403816195 0.44522978625 0.40478825625 0.43353996250000004 0.420727075 0.43353996250000004 0.44046085124999995 0.439639 0.46398958625 0.46505165875000004 0.5011801650000001
17 0.7758482925 0.21025217125 0.846245225 0.24898283249999997 0.9522111325 0.29988598875 0.9596213362500001 0.29213985875 0.9544341925000001 0.27443441125 0.9255344 0.229064205 0.846986245 0.19033354374999997 0.78918665875 0.16820173624999998 0.7447254375 0.133897435 0.7210127875000001 0.11840517125 0.7150846249999999 0.13611061624999998 0.7224948287499999 0.1571358325 0.7432433987500001 0.183694 0.7758482925 0.21025217125
17 0.7172283575 0.2566083675 0.80408022875 0.30263051999999996 0.87692373375 0.33610117875 0.84517143625 0.30123590875 0.8003446637499999 0.2440568725 0.7508484362500001 0.20779699499999998 0.69855053625 0.18548322125 0.6415831787499999 0.16735328249999998 0.59862418875 0.18408861125 0.59769029875 0.20500777374999998 0.63784761375 0.2342945975 0.6826743875 0.23289998625 0.7172283575 0.2566083675
