17 0.1681714575 0.2534661075 0.18282713250000002 0.28544470125 0.22977169625 0.319588795 0.31914810125 0.33047700375 0.35897923249999997 0.3217288675 0.38397276875 0.30382886875 0.40161897875 0.2723852925 0.3993951 0.23960910125 0.38713222625 0.21921044875 0.34758696624999996 0.19208800875 0.31785980124999996 0.18030620249999998 0.28060339125 0.17780754875 0.2308372175 0.18588937875 0.1959086375 0.20312307125 0.17585663375 0.224617185 0.1681714575 0.2534661075
17 0.22345014249999998 0.42194972625 0.30291749125 0.42891066625 0.35527137875000003 0.40795156875000005 0.37031688 0.3910157425 0.37788511 0.37684114625 0.37326842875 0.33248501374999995 0.35598605749999995 0.31827513 0.31615492625 0.327023265 0.25159014125 0.3210617875 0.18722027 0.29064309875 0.15971698125 0.3116374825 0.15435963625 0.36021875000000003 0.17398283374999998 0.3925304975 0.22345014249999998 0.42194972625
17 0.31486906125 0.8001951900000001 0.22060310125000002 0.7791909425 0.20311282125000002 0.79106875 0.2003042075 0.83166419125 0.21254109375 0.855323805 0.23229423125 0.8713307462500001 0.2793687375 0.8891700312499999 0.32425834875 0.869341685 0.33215143249999995 0.8144050724999999 0.31486906125 0.8001951900000001
17 0.08739563625 0.6870582387499999 0.07484689125 0.7025301625 0.09947659125 0.7302836225 0.13411929875 0.74892050375 0.176317245 0.7550132725 0.22607042375 0.7485619262500001 0.209112905 0.693590025 0.18443123 0.67235848625 0.08739563625 0.6870582387499999
17 0.22200463375 0.6355573425 0.21164078249999999 0.6886968975000001 0.22149786124999998 0.6991460899999999 0.315776815 0.7185198549999999 0.3283515475 0.69978697 0.31876734875 0.6550976850000001 0.26931303375 0.62404797625 0.23705013375 0.6186215150000001 0.22200463375 0.6355573425
17 0.16798745125 0.5211712625 0.12556860625 0.5427966675 0.107974375 0.56771832 0.10520474375 0.6034223187500001 0.12997738 0.61324049125 0.22454220500000002 0.59674368125 0.22963966875 0.58077202875 0.21999049625 0.544235145 0.20277309500000001 0.52187285875 0.16798745125 0.5211712625
17 0.35361979875000005 0.61518856125 0.36363280625 0.606071985 0.35651937125000005 0.56317975625 0.30713002875 0.5239776425 0.27983464999999996 0.51888433625 0.259873605 0.52896508625 0.254347335 0.5987426025 0.35361979875000005 0.61518856125
17 0.42714506625 0.7441024 0.41403757124999996 0.8296849924999999 0.42124196499999994 0.86116385625 0.445897655 0.88565635375 0.43334891 0.9011282774999999 0.43065724250000004 0.9270493925 0.43803055874999997 0.9373320062499999 0.45292013 0.9399619475000001 0.47064430375 0.8987354875 0.5278877475 0.88789242875 0.57783584 0.85698387125 0.6354041375 0.805378795 0.7187846037500001 0.63315343375 0.71645677375 0.61342108875 0.57997987375 0.587954555 0.49798978125 0.5857184825 0.42714506625 0.7441024
17 0.76358513375 0.9363268425 0.96565335625 0.8389468800000001 0.93874780125 0.7849391525 0.8697872375 0.70690337 0.7251963537499999 0.76409162125 0.61791385875 0.8172566025000001 0.5578228187500001 0.87358654375 0.53756290625 0.92116835 0.55964387625 0.95690763625 0.5968223225 0.9691891725 0.6514910475000001 0.9695929025 0.76358513375 0.9363268425
17 0.91673344625 0.49616909124999997 0.7210101262499999 0.42105125250000003 0.59457222375 0.38320718125 0.57718589875 0.38204114375000003 0.5596566374999999 0.3988103925 0.519318735 0.47114727500000003 0.5316725675 0.48013256374999996 0.8763565612499999 0.5733974150000001 0.90125913875 0.56691077875 0.92897033375 0.51982870375 0.91673344625 0.49616909124999997
17 0.5217031187500001 0.13833618625 0.54133930875 0.1690174525 0.5685047462499999 0.19041556499999998 0.6131084875 0.20645779625 0.66027395375 0.21288371625 0.7050985937500001 0.2012077725 0.7375434125 0.18380750375000002 0.7603910362499999 0.12334842875 0.74075484625 0.0926671625 0.71356342 0.07453001000000001 0.6813524950000001 0.06258162625 0.62920651375 0.05745303125 0.58192410125 0.06570143625 0.54200201125 0.08586293625 0.5218720425 0.11713993625 0.5217031187500001 0.13833618625
17 0.781605515 0.26541831125000004 0.8189658787499999 0.2548731175 0.84903089 0.22426242625 0.84948568625 0.1671956025 0.82484299125 0.1410726225 0.75791139375 0.12027024125 0.7375735175 0.1776349325 0.6976384337499999 0.19942691375 0.65038200875 0.20441435625 0.6453625112500001 0.21060312499999997 0.6699922112500001 0.23835658375000002 0.7194985025 0.26288437125 0.781605515 0.26541831125000004
17 0.65644181875 0.3483797575 0.70105855375 0.362791505 0.7557142837499999 0.36482571375 0.80303567875 0.3516858675 0.828055205 0.330524905 0.8381331824999999 0.313255925 0.8335294987499999 0.2672693125 0.81377636 0.25126237125 0.70198113875 0.24702737500000002 0.64498458375 0.22689130124999998 0.60987408375 0.26695172375 0.60965318375 0.294669895 0.62430885875 0.32664848999999996 0.65644181875 0.3483797575
