17 0.13719152875 0.46909321374999996 0.1461070525 0.50179706 0.160271945 0.50431775875 0.19629831875 0.48998393375 0.28167904625 0.438794215 0.3186516125 0.40595839375 0.336492 0.3780158675 0.35101183375 0.32873757374999996 0.35220368375 0.3019813475 0.34052243249999997 0.29575365000000003 0.27592061875 0.31330030625 0.19071268875000003 0.38526563750000004 0.13719152875 0.46909321374999996
17 0.7133584962499999 0.34135645375 0.667334035 0.306197895 0.57559428125 0.29194692624999996 0.55499750875 0.2530153825 0.54712812375 0.25161499374999996 0.48878538749999995 0.2847968825 0.43792067125 0.38569307375 0.419871055 0.4073749075 0.40808052125000005 0.44469197250000003 0.40272186750000005 0.51841988375 0.49620829625 0.5537265437500001 0.56511328625 0.52449873625 0.58826656 0.53069344 0.630870525 0.494710775 0.6442349362500001 0.45767378625 0.6529776599999999 0.46960202 0.6802613100000001 0.44333996124999997 0.72370218375 0.43240006125 0.7404964325000001 0.37315407875 0.7133584962499999 0.34135645375
17 0.42473746375 0.70904140875 0.38721007125 0.69406531375 0.37122564500000005 0.69951876625 0.36174595375 0.71235322125 0.34656201125 0.75736436125 0.299236415 0.79250679375 0.269087095 0.79543954625 0.2475441275 0.7750100000000001 0.21803183125 0.70337460875 0.22366322875000003 0.70022776625 0.22188012375 0.6936869975000001 0.20788803125000002 0.7119419100000001 0.22215286625 0.764268065 0.2398475425 0.7943852237500001 0.236909015 0.8000857600000001 0.087563495 0.79425399125 0.08276900749999999 0.8224435987500001 0.2312047625 0.832262445 0.09678818874999999 0.8830239837499999 0.08751772499999999 0.90211913 0.09216650124999999 0.93198920625 0.07527230875 0.9414297337499999 0.13193188250000001 0.95151253125 0.27607380125 0.87966230875 0.30216560000000003 0.880156475 0.30394870625 0.886697245 0.32283523000000003 0.8900581775 0.370197255 0.84040082375 0.41989720875000003 0.8450961575 0.456378465 0.82876879375 0.4605816975 0.76728218875 0.4496374125 0.7362918025 0.42473746375 0.70904140875
17 0.7936252912499999 0.71452636875 0.8071625025 0.6982649925 0.85464315 0.51171265875 0.86878095625 0.43539806 0.8479385275 0.40472074625 0.8268140150000001 0.39681258125 0.8191538575 0.401672885 0.8071540962500001 0.43272926 0.782590405 0.54038031 0.7522318575 0.5370523712499999 0.73463712625 0.5567406662500001 0.763940195 0.62211536625 0.7274225099999999 0.6529576500000001 0.7095092675 0.7099300175000001 0.70341364625 0.8084206174999999 0.7124655412500001 0.8764149975 0.71785128375 0.8815223837499999 0.7250565575 0.87865562 0.73663786375 0.8350778624999999 0.7573803499999999 0.81594972125 0.7936252912499999 0.71452636875
17 0.07499116 0.6053129325 0.05424867375 0.6244410725 0.05060960875 0.64038937625 0.056550178750000006 0.69330868125 0.07337151375 0.71289799375 0.10191052875 0.724200085 0.12464534625000001 0.717873405 0.14899046875 0.69731188125 0.1716253425 0.6411797475000001 0.16746787999999999 0.5948012125000001 0.17212599375 0.53132106875 0.139775115 0.51519167 0.10234766499999999 0.55002103 0.07499116 0.6053129325
17 0.17187099875 0.6329255175 0.146506825 0.70101888 0.17269856749999998 0.75131850125 0.17308059625 0.77835480625 0.18136843625000001 0.79227657875 0.22005125125 0.7950113675 0.2263831875 0.78161675625 0.21634867124999999 0.7466392949999999 0.2243637675 0.68997999875 0.22219863499999998 0.656402925 0.20639634999999998 0.58928177125 0.18978424125 0.57595315 0.1699515225 0.591094215 0.17187099875 0.6329255175
17 0.3943985325 0.16012708 0.4067074675 0.1851368525 0.42786840750000005 0.178530095 0.43308134875 0.16286186874999997 0.41849800125000003 0.14781978625 0.39891093625 0.15470662125 0.37103603375 0.147671685 0.325775625 0.16658573624999998 0.23969435874999998 0.22802322125 0.19971040875 0.29558942250000003 0.19446103874999998 0.32577257000000004 0.1991462425 0.34112772375 0.23174277624999998 0.34900289375 0.300720625 0.290745245 0.32887761125 0.27501103125 0.3399676075 0.2479417325 0.36137420249999996 0.233080745 0.36686922875 0.19464337 0.38922202 0.161280385 0.3943985325 0.16012708
17 0.31111942125 0.180573495 0.38027006874999997 0.14309145875 0.37044477875 0.11437468875000001 0.350894145 0.10674660250000001 0.29416171375 0.1256936475 0.2635210825 0.14513486125 0.22469255375 0.20045975625 0.23091520625 0.23060990875 0.25162126375 0.22599669 0.31111942125 0.180573495
17 0.40848123000000003 0.28502784125 0.4426516425 0.2931830875 0.46269358875 0.284302715 0.47594871625 0.29081049 0.50931864625 0.25940805 0.5213184075 0.228351675 0.51960815875 0.192781065 0.49848364625 0.1848729 0.409118255 0.21045969625000002 0.38274437125 0.23273468 0.37683089000000003 0.25865067375 0.40848123000000003 0.28502784125
17 0.60967409125 0.1569465 0.5945630037499999 0.17292779875 0.58815821125 0.21535225125000002 0.60151328125 0.27166548125 0.59965732 0.29415455375 0.670026905 0.30875158875000003 0.69471762625 0.32974129124999996 0.7104563962500001 0.33254206875000003 0.68794014875 0.25177922124999996 0.64401730375 0.18587736124999998 0.6578365975 0.146846835 0.6454912362499999 0.1363519825 0.61488703375 0.14127827375000002 0.60967409125 0.1569465
17 0.30916258375 0.51214306625 0.29405149375 0.5281243637499999 0.2198336175 0.5232149425 0.2069605175 0.54374347125 0.21608526875 0.58270800875 0.22731163625 0.59092924375 0.2241274525 0.60488401 0.24902740125 0.63213440375 0.26797744125 0.6998157125 0.2908850575 0.71426464625 0.3064146025 0.71080473125 0.32023389625 0.671774205 0.3075429375 0.6197281275000001 0.32111657625 0.5889518312500001 0.30789787625 0.567929135 0.30916258375 0.51214306625
17 0.44310652500000003 0.29118955 0.3738923625 0.26435121 0.34933801375 0.27865204125000004 0.35059337749999997 0.31621619125 0.3199434075 0.42900762125 0.33358056124999996 0.46255170125 0.34057660875 0.453424245 0.3660042975 0.4496512575 0.40542408 0.42762335874999996 0.41403043125000005 0.40426105874999996 0.45443283624999997 0.34921624 0.48542840624999994 0.27797603625 0.48567406124999996 0.26972180625 0.4778046775 0.2683214175 0.44310652500000003 0.29118955
17 0.15642365249999998 0.51400537125 0.17079777375 0.52278676125 0.19353259125 0.5164600825 0.2119642325 0.52181455375 0.2604723375 0.5532661125 0.2912857675 0.5546005125 0.30093825750000003 0.56254167125 0.32626600250000004 0.50896322875 0.34599877749999997 0.44401671 0.32270913375 0.4025314725 0.25960834 0.44938804875000005 0.164329465 0.5008908375 0.15642365249999998 0.51400537125
17 0.42227250375 0.5260479687499999 0.36085486875 0.52963986 0.3563060375 0.54957524 0.36774163125000003 0.5640571675 0.36364768374999995 0.58199900875 0.34356930875 0.6053943025 0.326011005 0.6105676775 0.3162492325 0.6461712837499999 0.32722994375 0.6626467475 0.40543248499999995 0.6931590925000001 0.42204459375 0.706487715 0.444533755 0.70841526375 0.46121872 0.692714045 0.4784043375 0.56715414625 0.4685790475 0.5384373775 0.42227250375 0.5260479687499999
17 0.72735899625 0.5886372737500001 0.7153956625 0.6051787275 0.6810160225 0.5907627875 0.6407593287500001 0.5877479225 0.6293237349999999 0.57326599375 0.552622215 0.57206357 0.53415414625 0.5812240212500001 0.52016205125 0.5994789337499999 0.51019104875 0.62882184875 0.60214002875 0.6493335087500001 0.6680336375 0.65483608125 0.6905592275 0.64224871 0.703814355 0.64875648375 0.722982965 0.62934826625 0.73162574375 0.591471045 0.72735899625 0.5886372737500001
17 0.56180114 0.7686987025 0.579150215 0.75726463625 0.6073800575 0.7125005799999999 0.65225844 0.666550225 0.6543236287499999 0.6503218425 0.5922783125 0.63513165875 0.54502557375 0.6412442487500001 0.49850045875 0.71594436875 0.49097667375 0.756095205 0.54784547375 0.7724386950000001 0.56180114 0.7686987025
17 0.6515485599999999 0.77014821125 0.68271693 0.7196836175 0.70027523375 0.71451024375 0.71983521 0.62878811125 0.7110924850000001 0.6168598775 0.69535371625 0.6140591 0.6784595225 0.6234996275 0.6323892925 0.69620621 0.61807868625 0.75174519625 0.6252475337500001 0.7633933525000001 0.6515485599999999 0.77014821125
17 0.6524863474999999 0.48611047999999996 0.62523912625 0.4978576175 0.5826351625 0.5338402825 0.5568889625 0.57489734125 0.56339369875 0.5822783425 0.606798145 0.585853365 0.62519335875 0.6057227575 0.6331356 0.57809330375 0.63117969625 0.55077692125 0.7122572475 0.51126835375 0.7298884075 0.47706513625 0.72002669 0.46286328625 0.69116916375 0.4888452675 0.6524863474999999 0.48611047999999996
