3 0.5213686574999999 0.50984525875 0.54349467125 0.490102965 0.57912727625 0.46832910875000006 0.610906615 0.44862703875 0.575862695 0.44430534250000003 0.53438969125 0.45352781999999997 0.49305862625 0.46379480624999997 0.47683428 0.4762542475 0.46959390375 0.493970725 0.4339209625 0.50530520875 0.42225957000000003 0.52091542375 0.40047870125 0.52291251 0.38766087125 0.56044023125 0.440672735 0.57527599875 0.50909765125 0.58182462625 0.5574046225 0.5924651075 0.55819650875 0.5475798375 0.53067684125 0.52763068625 0.5213686574999999 0.50984525875
3 0.58030007 0.62909771625 0.582795215 0.59674658375 0.5722499225 0.57999992 0.57326442125 0.55703790375 0.5892048925000001 0.54248943625 0.60808573125 0.5394363475 0.639782875 0.5698421075 0.66170568375 0.5688895325 0.6290149724999999 0.53117219125 0.6423796237499999 0.52809611625 0.5951080824999999 0.464220015 0.5661884375 0.47453871875 0.5290751850000001 0.5057016875 0.526255825 0.525524425 0.5580545699999999 0.546535325 0.55574169875 0.59037033875 0.52150907125 0.58187634 0.47143757625 0.5785359475 0.43335168500000004 0.57211373375 0.3891818575 0.56149049 0.36172193 0.59269367875 0.456084265 0.63797543 0.49711052250000004 0.6558930162500001 0.520088165 0.6424177925 0.55318528625 0.6425556975000001 0.58030007 0.62909771625
11 0.63898641375 0.82768708875 0.6411976837500001 0.793246935 0.56936624875 0.7616300275000001 0.37216409624999996 0.6898217725000001 0.21722531 0.6348923375 0.20181225749999998 0.64317948 0.17926042875 0.6597882350000001 0.17757657375000002 0.68796706625 0.17584346750000002 0.7252953474999999 0.19878347999999998 0.74197083875 0.26153796 0.76525997125 0.3462305375 0.7978515724999999 0.4724909375 0.8499596012499999 0.54791443625 0.8769859449999999 0.59685081875 0.89915813 0.6299202475 0.872537885 0.63898641375 0.82768708875
11 0.62743928625 0.7373091712500001 0.63542038 0.72444694125 0.55228473625 0.68541408375 0.4204953225 0.619466425 0.36466595875 0.59344283125 0.3718956125 0.57505083125 0.25998640625 0.5211603875 0.21220931499999998 0.5006969825 0.17871088875000002 0.52266395 0.2402116275 0.5993720112500001 0.352210485 0.644972875 0.52138075125 0.7175240325 0.6224283549999999 0.7630792637499999 0.6582707462499999 0.7494120175000001 0.62743928625 0.7373091712500001
11 0.53489892625 0.34269017124999995 0.54239618125 0.36206463874999995 0.6236716987500001 0.36056107750000005 0.65473651125 0.33858396749999997 0.75057811 0.32793003624999995 0.7893194775000001 0.3087482325 0.7877638862499999 0.2525542775 0.7815388400000001 0.15304888125 0.785243315 0.13556329875 0.7242777825000001 0.13438816875 0.71542001125 0.140799005 0.69369680375 0.12412858 0.62605663125 0.12753116875 0.6429126162500001 0.1441813125 0.5802293175 0.13931459999999998 0.5796743 0.15312888125000002 0.56732694375 0.16965734125 0.534473185 0.16952045125 0.47808880000000004 0.15731113625 0.45840367375 0.2272331775 0.43190020250000005 0.32752331125 0.46557658 0.35161239 0.53489892625 0.34269017124999995
11 0.4792277025 0.45206983375 0.53956704 0.448636825 0.55577970125 0.42475561874999995 0.578362465 0.41195422875 0.6441596312500001 0.40393842874999997 0.67297013375 0.36537201750000003 0.67842796375 0.36078923 0.6596749175 0.3570266675 0.63993707625 0.38181429 0.55878679875 0.38423948 0.55044845625 0.36762482875 0.46199734375 0.37001959749999996 0.44467599125 0.35889415125 0.45203088375 0.34142378125 0.42971706875000004 0.3293564275 0.40478899875 0.39649330499999996 0.37771473125 0.41203929875 0.38168681 0.43232018375000003 0.41420044125 0.43890340125 0.46552117625 0.43174838875 0.4792277025 0.45206983375
12 0.64531969125 0.5467147099999999 0.66511024625 0.56706150375 0.63615738375 0.56878308 0.61846031125 0.55489275125 0.58975792875 0.55845758125 0.5814011175 0.5685549275 0.592601505 0.633079025 0.60564624125 0.63958112 0.605216465 0.65431702625 0.75685049 0.7231106900000001 0.75787222 0.6411365025000001 0.7466362424999999 0.5674011975 0.7416081875 0.55724808125 0.64531969125 0.5467147099999999
9 0.70099725 1 0.7006030925000001 0.99828705 0.7146682124999999 0.98545016875 0.71783614 0.95506686625 0.7179086675 0.91085407625 0.71801678375 0.8758524950000001 0.7062784999999999 0.8610658875 0.72345749125 0.83534649625 0.7249432462500001 0.8104828225 0.72789628375 0.78746747375 0.70542163625 0.7652672837500001 0.68382366875 0.7495184874999999 0.6512203875 0.7512248512499999 0.6020287249999999 0.77404753875 0.644562875 0.79172577875 0.63389634625 0.8653698237499999 0.59996814125 0.9020727 0.55559099 0.8797812475000001 0.44312676625 0.83970508375 0.30514386250000003 0.871368865 0.25985444 0.8334148075000001 0.20533153250000002 0.7991067024999999 0.08336352749999999 0.8501804425 0.1037224475 1 0.70099725 1
11 0.1814215175 0.12199409 0.17587403625 0.13486646125 0.05955759625 0.32597187624999996 0.07897243125 0.34355378875 0.23910697375 0.37645973125 0.38170527625 0.40560818374999996 0.37767913999999997 0.40282808875 0.38267160375000003 0.40377 0.39933116625 0.401076095 0.40937015250000003 0.38545912 0.422612655 0.34867005375 0.45061900250000003 0.25943945500000004 0.48320650625 0.15917467125 0.4718795325 0.1563641575 0.451175365 0.18298996625 0.3522027775 0.17060319875000002 0.32194346 0.18060928499999998 0.2587592025 0.1720560625 0.25637964875 0.15454513 0.1935355175 0.1395455825 0.1814215175 0.12199409
11 0.2938447725 0.40339988624999995 0.2940411925 0.42274393125000004 0.2575185475 0.44930382874999997 0.15521720125 0.45716752624999996 0.12971699250000002 0.50219547375 0.141079555 0.5142171975000001 0.182826675 0.51715446375 0.214517685 0.499785495 0.26191905875 0.5174840175 0.28686425125 0.48627034874999997 0.32267105 0.46339189249999996 0.33927789875000003 0.41556356875 0.325893035 0.41550779749999994 0.2938447725 0.40339988624999995
9 1 0.31988249125 0.96625754375 0.0715746325 0.95138041875 0.07047262375 0.92227836 0.0790257025 0.92905977 0.10208161375 0.87118963625 0.11473597125 0.8641748712499999 0.125760015 0.8233044275 0.12927414375 0.8138560499999999 0.14028805 0.7835242075 0.19450692625 0.78989296125 0.2682219525 0.8153918287499999 0.2858292125 0.8137267749999999 0.32727205 0.8435022575000001 0.3495026625 0.84663324875 0.37254336125000004 0.8329438462500001 0.388145125 0.8246226249999999 0.40745368125 0.8337479975 0.43880931124999994 0.8316360475000001 0.45906484625 0.8199689462499999 0.4627006575 0.8015560275 0.45249177 0.7861488612499999 0.46440195125 0.8029151962500001 0.48934167625 0.8478644875000001 0.53374206 0.8586179762499999 0.57707885125 0.8790347300000001 0.6020337875 0.91414280375 0.6187599825 0.94082115125 0.60044902125 0.9700614299999999 0.5471467025 1 0.5220153225 1 0.31988249125
11 0.5884918100000001 0.043591986250000006 0.65352573125 0.09909133625000001 0.7086094425 0.10654799375 0.8048076974999999 0.08888097 0.830360105 0.11307790499999999 0.93105097375 0.10506579 0.92251052625 0.07732616625000001 0.9481598275 0.07023406125000001 0.5884918100000001 0.043591986250000006
11 0.6634005275 0.10154152749999999 0.59551666375 0.044112345 0.5332288375 0.0394984325 0.592006495 0.11449380875 0.698663955 0.12698345 0.70727509375 0.13183742375 0.82200582375 0.13351999375 0.8292602225 0.11668689374999999 0.80162528125 0.08886770999999999 0.71815669 0.1065877725 0.6634005275 0.10154152749999999
11 0.5439912875 0.042026678750000004 0.302900045 0.03499951 0.26253368625 0.08903486625 0.275847755 0.11679438125000001 0.3628018925 0.13642472875 0.35620259375 0.15807865124999998 0.45331280625 0.17052851375 0.46947326250000004 0.1556800125 0.51361519625 0.1695795875 0.56612505125 0.16979838 0.58051661375 0.14697240125 0.5889881275 0.11569009124999999 0.5439912875 0.042026678750000004
11 0.1562048475 0.610912625 0.2472989325 0.63122157125 0.2856835075 0.6370756187500001 0.2969116125 0.622887125 0.22702887875 0.59270186625 0.17844104375 0.52559362 0.19381728875 0.514269465 0.1238510125 0.511130885 0.12346390624999999 0.5082822149999999 0.09594679749999999 0.54090869625 0.06920389874999999 0.5792325125 0.08903184375 0.60066804125 0.1562048475 0.610912625
11 0.26558261875 0.4476626925 0.29498024875 0.4150440475 0.27423954375000004 0.40072235125 0.22852645 0.39626129624999995 0.21049547624999998 0.40188027750000005 0.18898056375 0.38186124374999997 0.16030214 0.40594172 0.14296182999999998 0.44430471375 0.14846483624999998 0.4571393925 0.26558261875 0.4476626925
