17 0.616558885 0.7527858937499999 0.6365799925000001 0.69604106375 0.622898385 0.65118984875 0.59353351875 0.64135225875 0.56917395875 0.62220940375 0.5691737775 0.59292373875 0.5611651775 0.59024075875 0.49843141750000003 0.61315258875 0.44871150249999997 0.6196802475 0.38731235750000004 0.6186345175 0.32691437 0.6313467575 0.29821702125 0.643697 0.27819567500000003 0.6613942737499999 0.25216804125 0.7039245087499999 0.24849759250000003 0.7283197687499999 0.25817486875 0.7669485487500001 0.28186709 0.7931892362499999 0.30322335625 0.8003438475 0.32691539625 0.79729886875 0.33325562124999997 0.8128454912499999 0.3469369875 0.8186491499999999 0.35794876000000003 0.81379659375 0.36595736 0.81647957375 0.38397681499999997 0.83959958125 0.4170122525 0.84456569 0.47974601375 0.82165386 0.49409465750000003 0.8105977962500001 0.55349154625 0.793889475 0.601876785 0.8015574875 0.6365805975 0.79365995125 0.616558885 0.7527858937499999
17 0.64759243 0.7985692837499999 0.6686149975 0.80439186875 0.71966970875 0.80319231875 0.82244634875 0.7741716062499999 0.8618216475 0.736113005 0.85881823375 0.704600985 0.84313461375 0.6810432762499999 0.81009905625 0.65655338875 0.76271491375 0.6528814562499999 0.7086570299999999 0.66161654125 0.67929228375 0.6713027287500001 0.6412516612500001 0.69516566125 0.61789356125 0.7385902225 0.6165589462500001 0.76254778125 0.64759243 0.7985692837499999
17 0.24649128625 0.05651916 0.12035624500000001 0.08015498750000001 0.10967817125 0.08633957125 0.10400540625 0.08321889125 0.068967895 0.08978439875 0.07197161 0.17010586375 0.05862473125 0.2925387875 0.06296336250000001 0.3977121375 0.09399672499999999 0.41420986249999997 0.16473920875 0.41350479 0.18743015 0.4064637325 0.19844186125 0.39184928625 0.18576068750000002 0.24361337249999998 0.19043211375 0.2036904175 0.24649128625 0.05651916
17 0.225470775 0.38260079875 0.19910920000000001 0.38475145 0.19443765375000002 0.40515062999999996 0.13137007125 0.40720665500000003 0.0953315225 0.41953797125000003 0.09332944875 0.43106958749999996 0.142715905 0.46225745875 0.22880831000000001 0.48377806749999996 0.250831915 0.48383484375 0.38464222 0.5201213 0.46372706125 0.53319312375 0.48741903999999997 0.520386255 0.5154492925 0.554181405 0.55983032125 0.57515076125 0.760378535 0.5654621575000001 0.8564811299999999 0.5000390175 0.8588169050000001 0.4898394275 0.83412370625 0.4791264375 0.6452545412499999 0.46710276125 0.36829065624999996 0.40604253749999997 0.225470775 0.38260079875
17 0.3115637825 0.5017402975 0.23881916625 0.5042150974999999 0.01169918875 0.526463495 0.012377062500000001 0.556967805 0.03093047375 0.631027445 0.30188729124999997 0.59001607375 0.32658042875 0.590967175 0.38931424875 0.5778172337499999 0.43603087125 0.559301335 0.45538482125 0.5389400074999999 0.43769912499999997 0.5269139137500001 0.3115637825 0.5017402975
17 0.3098961925 0.6415084975 0.35427698 0.6234302975 0.35461049875 0.5954766575 0.3456008 0.5887975974999999 0.32524563125 0.5856390675 0.030596775 0.62969541875 0.047949135 0.6989608174999999 0.06096316125 0.7118623112500001 0.0679710875 0.77888243125 0.10234132125 0.78917664875 0.14338529749999998 0.7870638475 0.21379402 0.7752648587500001 0.247496735 0.7633712425 0.25684001125 0.75185855125 0.25283543875 0.7065885625 0.27919677249999997 0.66539035375 0.3098961925 0.6415084975
17 1 0.5956663225 0.99729930125 0.59358370625 0.99396231 0.5802634375 0.95191711375 0.55885638 0.9082036037500001 0.560074855 0.8921865250000001 0.574232675 0.8574827125 0.58213020875 0.78106740375 0.56995271375 0.7717240674999999 0.571703515 0.7760621587500001 0.589019865 0.81543812125 0.65834204125 0.8491410775 0.68549598125 0.87316706 0.72283058625 0.8995286324999999 0.720679935 0.9452443375 0.72745362125 0.9849535162499999 0.7200127125 1 0.71266117125 1 0.5956663225
17 0.34259956125 0.90871357875 0.37329916500000004 0.9141173874999999 0.38731417 0.911491185 0.39465531125 0.9017482212500001 0.38664665 0.8893033525 0.33726031375 0.8776392587499999 0.22413906 0.875129025 0.142384865 0.89044854375 0.11335381875 0.9014667575 0.10100731 0.91075309625 0.107013895 0.93472958125 0.15573283375000002 0.94372962125 0.15539937625 0.98144515 0.18609904 0.9966108475 0.20244987875 0.99354694375 0.2147963875 0.98426060625 0.23448403625 0.965231305 0.24549568749999998 0.9408549712500001 0.26785287125 0.922719995 0.30222304375 0.9232523225 0.34259956125 0.90871357875
17 1 0.70800708625 0.9632636125 0.7212879637499999 0.8684953312499999 0.71394409875 0.85581530375 0.75118407625 0.8838453737499999 0.7556935575 0.9152124349999999 0.7735233100000001 0.9328980712499999 0.775787515 0.9292275 0.78065899625 0.8918541550000001 0.7876622050000001 0.88885104375 0.80495963 0.9021987687499999 0.8191931487499999 0.95325360125 0.83751737875 0.9739424099999999 0.8322460475 0.99363006 0.813216745 1 0.8120231137499999 1 0.70800708625
17 0.05628907625 0.322262155 0.0279254275 0.33594442375 0.007580625 0.341128105 0.01070709375 0.48181924000000004 0.033265462499999995 0.49392329875 0.0863222475 0.48119213375000003 0.1023393275 0.4670343125 0.12903454 0.4564538 0.09099361375000001 0.4315072875 0.09065979499999999 0.4106514825 0.07197306125 0.4043911975 0.05628907625 0.322262155
17 0.6052139587500001 0.84416342375 0.53947672375 0.82580134375 0.5137824275 0.8110922725 0.490757785 0.81680130375 0.4547193575 0.8486563975 0.4570553725 0.8775043650000001 0.47107049875 0.8944019375000001 0.52279260875 0.89586644375 0.5948698262500001 0.89072758875 0.61322274 0.87613206875 0.6052139587500001 0.84416342375
17 0.33298011000000005 1 0.32224475625 0.9641263825 0.30255698625 0.9636319062500001 0.27719657000000003 0.9795405275 0.23281559999999998 0.96833306 0.20244987875 0.99354694375 0.18109367249999997 0.9961542225 0.156066775 0.98410920375 0.155399195 0.9521594824999999 0.14572209875 0.9428163700000001 0.13337553 0.94234081875 0.123698555 0.95252148125 0.13179121875 1 0.33298011000000005 1
17 0.109015185 0.79629340875 0.0743113725 0.80419094375 0.1000062125 0.90675701625 0.12903725875 0.8957388000000001 0.201781815 0.8835021125 0.22347166125 0.87246497125 0.20812179749999998 0.86000117875 0.2258072525 0.832979715 0.21813223 0.81210498625 0.20011289625 0.80850875375 0.15072668 0.81636843875 0.13137248875 0.7976822112499999 0.109015185 0.79629340875
17 0.27719203875000004 0.24739885874999998 0.23014195875 0.303630285 0.19944253625000002 0.32751214375000004 0.19243527624999998 0.3678728 0.21245680625 0.37946119250000004 0.34993762125000005 0.40111428 0.41767675 0.3786590775 0.43970023374999995 0.35919207375 0.45371523875 0.35656587125 0.47874213625 0.36861088875 0.48274616375 0.3260238775 0.51478020125 0.2781844625 0.52912866375 0.23784272874999998 0.5231220175 0.20410435625 0.49942979625 0.1778636675 0.427686155 0.16481077125 0.38831067500000005 0.1735837075 0.34893525625000005 0.1921185325 0.27719203875000004 0.24739885874999998
17 0.2458251575 0.25885477375 0.270851935 0.25137601249999997 0.35527535875 0.18814137625000002 0.40733104750000004 0.17141413 0.42201338875 0.16169009125 0.41867633625000006 0.13860793375 0.39998954249999996 0.12258576125 0.33725554 0.10645003375 0.30221802875000003 0.11301554250000001 0.20311220124999999 0.17621232875 0.1910994525 0.1965925825 0.19176709249999999 0.23830419 0.22079832124999998 0.25657164375 0.2458251575 0.25885477375
17 0.7934125837499999 0.34590482 0.72901038625 0.37191840499999995 0.6936391749999999 0.37715188499999996 0.67295030875 0.37266132874999996 0.6279021225 0.38807547375 0.53780562875 0.39937998625 0.5204537525 0.4082096975 0.52145491125 0.42196766875 0.55549150625 0.440691745 0.64492084125 0.46577073375 0.7383543862499999 0.47754838 0.8064273362500001 0.47594898125 0.8661581049999999 0.4898583525 0.90553358625 0.4810854175 0.93489827125 0.46163734125 0.9686010475000001 0.459505615 0.98795505875 0.44890617624999996 0.98561892125 0.4005344325 0.9712701575 0.39206671875 0.96492987125 0.36675820625 0.9218836387499999 0.35111695750000005 0.9065337775000001 0.338653165 0.7934125837499999 0.34590482
17 0.59386474125 0.24244684 0.5464806 0.2387749075 0.52412341625 0.2569098825 0.4810777275 0.3291256325 0.52278910375 0.32967688625 0.53813902625 0.35190256875000003 0.59119581 0.33917140250000005 0.63624387625 0.30423348 0.655597705 0.2643483725 0.59386474125 0.24244684
17 0.60754562375 0.1701553875 0.6322387012499999 0.1613446 0.6509252525 0.13831921875 0.6392458412500001 0.101460165 0.62389597875 0.08899637125 0.58018234875 0.07069106875 0.5251233049999999 0.06566818375 0.50410079875 0.06960748875 0.48608158500000004 0.08553503624999999 0.46772897375 0.14894 0.491421195 0.17518068750000002 0.53213153375 0.18149774875 0.60754562375 0.1701553875
17 0.5044363725000001 0.37355807124999996 0.463392455 0.38543276125 0.436697365 0.415537055 0.4533819625 0.42356706625 0.46973280250000005 0.42050316375 0.4770739425 0.4107602 0.5438120325 0.39407080375 0.61522191375 0.39602978499999997 0.6929718375 0.38424972124999995 0.745361225 0.36885450124999997 0.77539330875 0.35207047875 0.77505948875 0.33121467375 0.7567063924999999 0.31652452625 0.7530357025000001 0.30187223125 0.7119917262500001 0.30398503250000003 0.6515937375 0.3166972725 0.54981819625 0.34971406625 0.5044363725000001 0.37355807124999996
17 1 0.842501255 0.93890489875 0.838811555 0.86749483625 0.8075669075 0.8221128299999999 0.8021252475 0.80375985625 0.8069588787499999 0.7630498225 0.8494512625 0.7256765350000001 0.8662163587499999 0.71299645 0.89369444875 0.7270116962500001 0.9301157999999999 0.72400858375 0.9474132249999999 0.763050545 0.9665939287499999 0.82011178375 0.979608975 0.9102082162499999 0.9585425737500001 0.91821681625 0.9612255537500001 1 0.9459006025 1 0.842501255
17 0.532919435 1 0.5781858325 0.9803164662499999 0.63424567 0.9405259862500001 0.69030568875 0.9300211737499999 0.7376898300000001 0.93369310625 0.7440298725 0.91995406125 0.75904591375 0.91156205 0.75737711625 0.85609247125 0.7103266137500001 0.84399067625 0.6999821199999999 0.83198351 0.67462164375 0.8381302425 0.602878365 0.88364867875 0.5584975787500001 0.9017268787499999 0.5291328937499999 0.921174955 0.5061084325 0.9561696537500001 0.50010220875 0.9907645024999999 0.50477393875 0.9996509912499999 0.50768458 1 0.532919435 1
17 0.6980304712500001 1 0.78907854125 0.9826350275 0.7730613425 0.97726907 0.68797015625 0.9792683175000001 0.69030574875 0.9397830625 0.7350202962500001 0.9327987799999999 0.73835716625 0.92659527125 0.72634423625 0.9176898575 0.7039869324999999 0.916301055 0.64058577375 0.93654883125 0.6112210875 0.9559969074999999 0.59220071625 0.958166485 0.557496965 0.97582590875 0.53280382625 0.97487480625 0.52846597875 0.9966060125 0.52108680875 1 0.6980304712500001 1
17 0.50690410875 1 0.49876747375 0.9951982837500001 0.49576417999999994 0.98321004125 0.5171200850000001 0.93179332 0.48141517375 0.9356947737500001 0.45104939125 0.95114676875 0.43536600999999997 0.9666366150000001 0.4193489925 0.990556325 0.41824397750000003 1 0.50690410875 1
17 0.51110824125 0.05853249875 0.45638271625000004 0.025555973750000002 0.4286863475 0.02237851875 0.37729799625 0.03200793 0.33592044125000003 0.0523124825 0.33792275625 0.07982842125 0.32591000875 0.100208675 0.3322501725 0.10599340874999999 0.36395081249999994 0.10563140875 0.39331567999999995 0.115469 0.4246828025 0.14306064 0.46405840374999996 0.15381148125 0.4817436775 0.0975043525 0.51110824125 0.05853249875
17 0.6689440437499999 0.054058448749999995 0.64992355125 0.0367042475 0.6460083824999999 0.028711483750000003 0.44303219624999995 0.019690319999999997 0.44036551625000003 0.02019001625 0.441366615 0.02418609625 0.48541406625 0.06334720375 0.56283041125 0.0697588925 0.6125504475 0.0827550125 0.65092488875 0.07974788375 0.66794306625 0.06958614625 0.6689440437499999 0.054058448749999995
