4 0.05006765875 0.79036144625 0.1542625175 0.7783132525 0.16373477625 0.76626506 0.16373477625 0.59759036125 0.1447902575 0.59277108375 0.03924221875 0.63373494 0.03924221875 0.7445783137499999 0.05006765875 0.79036144625
4 0.18538565625 0.82650602375 0.19079837624999998 0.83855421625 0.277401895 0.8530120487499999 0.34506089250000005 0.8530120487499999 0.35994587250000004 0.82650602375 0.3626522325 0.7855421687499999 0.34100135375 0.7542168675 0.276048715 0.7301204825000001 0.20433017625000002 0.7228915662500001 0.19350473625 0.7349397587500001 0.18944519625 0.7518072287500001 0.18538565625 0.82650602375
4 0.16238159625 0.94698795125 0.16914749625 0.9614457837499999 0.266576455 0.9493975899999999 0.31664411375 0.9710843375 0.33288227374999996 0.96385542125 0.3518267925 0.91807228875 0.3531799725 0.88433735 0.34506089250000005 0.85542168625 0.18673883624999998 0.84337349375 0.17726657625 0.85060241 0.16779431625000002 0.874698795 0.16238159625 0.94698795125
4 0.28687415375 1 0.28687415375 0.98313253 0.278755075 0.96626506 0.20162381624999998 0.96626506 0.17456021625 0.95662650625 0.1312584575 0.9710843375 0.1258457375 1 0.28687415375 1
4 0.37483085250000003 0.8216867474999999 0.3870094725 0.9036144575 0.3964817325 0.90602409625 0.43437077125 0.8771084337499999 0.46549391125 0.824096385 0.51420839 0.7710843375 0.51556157 0.742168675 0.50067659 0.708433735 0.48985115 0.7036144575000001 0.42354533125000005 0.7518072287500001 0.40595399249999997 0.7879518075 0.37483085250000003 0.8216867474999999
4 0.53856562875 0.8457831324999999 0.52909337 0.9493975899999999 0.5412719887499999 0.959036145 0.6400541275 0.9783132525 0.6427604875 0.9253012049999999 0.6617050062500001 0.8578313249999999 0.6373477675 0.8289156624999999 0.6251691475 0.82650602375 0.6211096075 0.8337349399999999 0.58863328875 0.83132530125 0.53856562875 0.8457831324999999
4 0.70365358625 0.8963855425 0.70365358625 0.959036145 0.79566982375 1 0.81867388375 0.9132530124999999 0.8281461437500001 0.81927710875 0.7631935049999999 0.78313253 0.736129905 0.7783132525 0.7198917450000001 0.7879518075 0.71583220625 0.8 0.70365358625 0.8963855425
4 0.9729363999999999 1 0.97023004 0.81445783125 0.93775372125 0.8096385537499999 0.8281461437500001 0.84819277125 0.8376184037500001 0.95180722875 0.8484438425 1 0.9729363999999999 1
4 0.53721244875 0.7445783137499999 0.54262516875 0.759036145 0.6278755075 0.775903615 0.66305818625 0.775903615 0.67253044625 0.76385542125 0.67253044625 0.7180722887500001 0.66305818625 0.68192771125 0.6481732075 0.67228915625 0.57780784875 0.67228915625 0.5439783487500001 0.6746987950000001 0.53991880875 0.68192771125 0.53721244875 0.7445783137499999
4 0.81190798375 0.42650602374999996 0.8159675237499999 0.48433735 0.82273342375 0.4963855425 0.8687415425 0.49879518125 0.91204330125 0.491566265 0.9161028412500001 0.48192771125 0.90798376125 0.4698795175 0.9161028412500001 0.4457831325 0.9147496612499999 0.39277108374999997 0.91880920125 0.38072289125 0.91069012125 0.28433735 0.8998646825000001 0.274698795 0.8728010825 0.274698795 0.8457374824999999 0.2795180725 0.83085250375 0.30602409625 0.81190798375 0.42650602374999996
4 0.91745602125 0.45542168625 0.9052774024999999 0.48674698749999995 0.9039242224999999 0.5204819275 0.92151556125 0.58072289125 0.9526387012499999 0.5710843375 0.96481732125 0.58072289125 0.96752368125 0.55662650625 0.97428958 0.54939759 0.9824086599999999 0.54939759 0.9864682 0.57349397625 0.9972936400000001 0.56867469875 0.9972936400000001 0.3542168675 0.96752368125 0.36385542125000003 0.9485791612500001 0.4216867475 0.91745602125 0.45542168625
4 0.46549391125 0.3036144575 0.45466847125 0.3301204825 0.45331529125000003 0.34698795125 0.46955345000000004 0.43132530125 0.47767253 0.44337349375 0.52097429 0.42891566249999996 0.56968876875 0.37349397625 0.56833558875 0.342168675 0.5507442487499999 0.2867469875 0.53721244875 0.26024096375 0.52638701 0.25542168625 0.5115020299999999 0.2626506025 0.49391069000000004 0.291566265 0.46549391125 0.3036144575
4 0.32341001375 0.42650602374999996 0.33152909375 0.48674698749999995 0.34370771375 0.49879518125 0.3721244925 0.4795180725 0.41407307125000004 0.47228915625 0.46820027125 0.43132530125 0.46684709124999996 0.38313253 0.46008119125 0.36867469875 0.45060893125 0.36626506 0.34100135375 0.3783132525 0.33152909375 0.39277108374999997 0.32341001375 0.42650602374999996
4 0.6075778075 0.43855421624999996 0.6184032475 0.62650602375 0.6224627875000001 0.63614457875 0.6373477675 0.63614457875 0.6549391075 0.61686747 0.6481732075 0.41445783124999996 0.6184032475 0.40240963874999996 0.5994587275 0.4120481925 0.5940460075 0.42891566249999996 0.6075778075 0.43855421624999996
4 0.68741542625 0.58313253 0.6995940462500001 0.640963855 0.69418132625 0.65542168625 0.69553450625 0.67228915625 0.6995940462500001 0.68433735 0.71312584625 0.68192771125 0.721244925 0.73253012 0.772665765 0.7180722887500001 0.7861975637499999 0.68433735 0.7861975637499999 0.64337349375 0.775372125 0.5783132525 0.765899865 0.559036145 0.7591339650000001 0.559036145 0.7077131262499999 0.6048192775 0.69824086625 0.58072289125 0.68741542625 0.58313253
4 0.7889039237500001 0.725301205 0.7970230037499999 0.7469879512500001 0.8376184037500001 0.742168675 0.8470906625000001 0.7204819275 0.8538565625 0.63132530125 0.8349120437499999 0.58313253 0.82138024375 0.58072289125 0.8078484437500001 0.59277108375 0.79431664375 0.6698795175 0.7889039237500001 0.725301205
4 0.8254397837499999 0 0.81055480375 0.01686747 0.8078484437500001 0.040963855 0.8362652237499999 0.16144578375 0.8362652237499999 0.19277108375000002 0.8687415425 0.21686747 0.8876860625 0.21445783124999998 0.9039242224999999 0.15662650625 0.8903924225000001 0.12771084375 0.8822733425 0.0795180725 0.8795669825 0.014457831249999999 0.8700947225 0 0.8254397837499999 0
4 1 0.04819277125 0.99594046 0.04819277125 0.92016238125 0.2 0.92286874125 0.2216867475 0.9431664412499999 0.24819277125 1 0.240963855 1 0.04819277125
4 0.9039242224999999 0 0.8863328825000001 0.01686747 0.8782138025 0.05301204875 0.8822733425 0.091566265 0.8971583225 0.11566264999999999 0.93098782125 0.11807228875 0.97428958 0.0963855425 1 0.0457831325 1 0.01927710875 0.9824086599999999 0 0.9039242224999999 0
4 0.744248985 0.4698795175 0.764546685 0.5301204825 0.775372125 0.5373493975 0.79296346375 0.5301204825 0.81461434375 0.491566265 0.81055480375 0.41927710875 0.79025710375 0.3783132525 0.757780785 0.36385542125000003 0.751014885 0.3783132525 0.742895805 0.43855421624999996 0.744248985 0.4698795175
4 0.52638701 0 0.49120432999999997 0.024096384999999998 0.49120432999999997 0.07710843375 0.54668470875 0.12289156625 0.59133964875 0.1204819275 0.59133964875 0.03132530125 0.58592692875 0.00722891625 0.57780784875 0 0.52638701 0
4 0.6617050062500001 0 0.65764546625 0.01927710875 0.6657645462499999 0.055421686250000005 0.6847090662499999 0.091566265 0.70906630625 0.0795180725 0.725304465 0.04819277125 0.756427605 0.06506024125 0.760487145 0.074698795 0.79972936375 0.07710843375 0.81055480375 0.0698795175 0.8064952637499999 0 0.6617050062500001 0
4 0.01759134 0.47228915625 0.01488498 0.508433735 0.03518267875 0.54698795125 0.12043301749999999 0.55180722875 0.17861975624999998 0.54457831375 0.19891745624999999 0.51084337375 0.20838971625 0.46506024125 0.19350473625 0.42891566249999996 0.16508795625 0.4 0.13531799749999998 0.42650602374999996 0.048714478750000005 0.4216867475 0.01759134 0.47228915625
4 0.20568335625 0.5783132525 0.20162381624999998 0.60240963875 0.21244925625 0.64337349375 0.271989175 0.66024096375 0.31529093375 0.66024096375 0.3518267925 0.60963855375 0.3518267925 0.5301204825 0.33829499375 0.48915662625 0.235453315 0.4795180725 0.19891745624999999 0.48915662625 0.17726657625 0.542168675 0.20568335625 0.5783132525
4 0.09066305875 0.21927710874999998 0.048714478750000005 0.2289156625 0.03924221875 0.26024096375 0.020297700000000002 0.2867469875 0.02976996 0.37349397625 0.04465493875 0.41686746999999996 0.06224627875 0.424096385 0.07442489875 0.41686746999999996 0.1271989175 0.41927710875 0.1258457375 0.38313253 0.1556156975 0.32289156625 0.17591339625 0.29879518125 0.17185385625 0.20240963874999998 0.1447902575 0.19277108375000002 0.13531799749999998 0.2048192775 0.1217861975 0.19759036125 0.09066305875 0.21927710874999998
4 0.036535858750000004 0.17349397625000001 0.07983761875 0.19277108375000002 0.08795669874999999 0.21686747 0.10690121749999999 0.2120481925 0.1258457375 0.18072289125000002 0.1299052775 0.09879518125 0.03518267875 0.08433735 0.020297700000000002 0.08915662625 0.00947226 0.10602409625 0.036535858750000004 0.17349397625000001
4 0 0.09879518125 0.05548037875 0.09397590375 0.1420838975 0.10602409625 0.15832205625 0.06746988 0.15967523625 0.05060241000000001 0.1488497975 0 0.08525033875 0.00722891625 0.02435724 0 0.0135318 0.009638553749999999 0.0040595399999999995 0.03373494 0.010825439999999999 0.06506024125 0 0.07228915625 0 0.09879518125
4 0.19756427625 0.074698795 0.20297699624999999 0.10361445749999999 0.21109607625 0.11084337375 0.31529093375 0.10120481875 0.34100135375 0.02650602375 0.34370771375 0.00240963875 0.1447902575 0 0.1420838975 0.03855421625 0.1502029775 0.06506024125 0.19756427625 0.074698795
4 0.20838971625 0.39277108374999997 0.22868741499999998 0.44096385499999996 0.254397835 0.4457831325 0.32746955375 0.40481927749999996 0.3612990525 0.3710843375 0.35047361250000003 0.31084337375 0.29228687375 0.29397590375 0.257104195 0.308433735 0.21244925625 0.35180722875000003 0.20838971625 0.39277108374999997
4 0.43301759124999994 0 0.3761840325 0.024096384999999998 0.3531799725 0.04819277125 0.3531799725 0.06746988 0.37347767249999997 0.142168675 0.33288227374999996 0.20963855375 0.3491204325 0.240963855 0.3464140725 0.2867469875 0.3558863325 0.30602409625 0.3680649525 0.308433735 0.38836265249999996 0.28915662625 0.41407307125000004 0.2867469875 0.47361299 0.26024096375 0.48849797 0.240963855 0.49661705 0.21686747 0.49526387 0.159036145 0.48714479 0.11566264999999999 0.48579161 0.021686747500000002 0.47496617 0 0.43301759124999994 0
