6 0.38054997 0.36875172749999996 0.42764850875 0.38365434375 0.49663704875000003 0.39995861875000005 0.5744242012499999 0.4065243825 0.5805360337500001 0.39483081 0.58911641625 0.356417905 0.58345361375 0.34099867875 0.55986883625 0.34213001499999995 0.496253855 0.32973586125 0.46893702875000004 0.33729805 0.427861555 0.33215847375 0.41401413499999995 0.34091332125 0.38539830625 0.33676967249999995 0.37926872 0.35275456749999995 0.38054997 0.36875172749999996
6 0.38924205875 0.38476115125 0.3948871075 0.40447169875 0.42977973625 0.43847014 0.51418619 0.47352582875000004 0.56188096875 0.50715533125 0.57805490875 0.50601173125 0.58757403625 0.4849608475 0.60856080375 0.4604178375 0.61535764625 0.4459945375 0.61676317375 0.43195244000000005 0.60738607625 0.41867274250000003 0.5724046775 0.40613091625000003 0.49596979374999994 0.39839702250000003 0.4034319825 0.37464144 0.39331661375000004 0.37696543624999995 0.38924205875 0.38476115125
6 0.5356981825 0.48487499375 0.49597497375000005 0.4785672875 0.48787912749999995 0.48128474875000005 0.47799974 0.5079918175 0.5025410137499999 0.51993118125 0.52432449625 0.54708077375 0.59457653375 0.58367353 0.6190823037500001 0.60419553875 0.62312134875 0.60498246875 0.623824115 0.5979614187500001 0.6436590875 0.60755225625 0.6642855937500001 0.58866543375 0.66738589375 0.57209034 0.66150486375 0.52799672 0.62453945125 0.50647878375 0.5888730424999999 0.496666685 0.5770629 0.50152367375 0.55787743125 0.497785755 0.5356981825 0.48487499375
6 0.7237498250000001 0.545850325 0.7156894862500001 0.53998514125 0.7150754912499999 0.52554958 0.69899032 0.50523656875 0.69103650625 0.47362344874999995 0.6602716925 0.41895532875 0.6501563225 0.421279325 0.6379681675 0.43608382375 0.6502857812499999 0.4714103325 0.6524880249999999 0.50906083625 0.6651658975 0.53873115875 0.6660513825 0.56896714875 0.6873858350000001 0.6232295400000001 0.69275939375 0.62713966125 0.694725655 0.640407095 0.70110897625 0.64451394875 0.7010024525 0.6702618837500001 0.717825895 0.67497120125 0.74451097125 0.6572647725 0.75197507 0.6444030700000001 0.755417875 0.6264631137500001 0.72901686125 0.5755083825 0.7237498250000001 0.545850325
6 0.7389088225 0.4643397275 0.7259061987500001 0.43174294625000004 0.7253809737500001 0.39585076999999996 0.71578564625 0.35389667875 0.70740055625 0.345105035 0.69524790875 0.35132689 0.68812631625 0.36282372875 0.6954128762499999 0.39287525125 0.6925130500000001 0.44241606125 0.702521895 0.46584000000000003 0.70504889125 0.50641696375 0.72540908875 0.55189997625 0.7273398425000001 0.573750055 0.7390079525000001 0.60322364375 0.7504400825 0.6083141612499999 0.7649547575 0.60112090875 0.77443837875 0.58865267125 0.7799007087500001 0.57110618125 0.7654925575 0.5525514975 0.75519446625 0.517618455 0.74482536125 0.49985070375 0.7389088225 0.4643397275
6 0.46852397125 0 0.46763505375000003 0.00061983375 0.45544689875000005 0.0154243325 0.43687542375 0.026121976249999998 0.41213885375 0.06138716125 0.3999684525 0.0719003375 0.387491055 0.0751957325 0.3769621625 0.0960498825 0.358012675 0.11669503625000001 0.34586002875 0.12291688875000001 0.34380499625 0.13110606875 0.35015281000000004 0.14379557 0.3578883975 0.1467342925 0.38423096875 0.13039272625 0.41491958375000004 0.12205587250000001 0.43758336875 0.09927119125 0.4520270275 0.10924323 0.4617998925 0.108284095 0.48179465125 0.07925303125 0.49867135625000003 0.07108838125 0.541636895 0.026490415 0.55048876875 0.0038779375 0.54998172625 0 0.46852397125 0
6 0.82364742 0.337690025 0.7975001399999999 0.3068270425 0.78413725875 0.27988644749999997 0.7655657825 0.29058409125 0.75979645625 0.30091280000000004 0.7734308287499999 0.34365382250000004 0.7736313025 0.37661954000000003 0.7957040275 0.41527823499999994 0.79994354625 0.4490308825 0.81198967125 0.46855696375 0.81190090125 0.49001357749999996 0.82820429875 0.5390009825 0.8379239037499999 0.5509158162500001 0.85171806 0.55503493625 0.8848042125000001 0.53714403875 0.8953863649999999 0.5034159225 0.88534201 0.48857462875 0.8557112375 0.40406398125000004 0.8356047750000001 0.37867271875 0.82364742 0.337690025
6 0.78901370875 0.40395359875 0.7485470475 0.33307932375 0.74156748625 0.3102455825 0.74064649375 0.28859223624999997 0.724201065 0.27393541125 0.7083163675 0.28658811624999997 0.7042240587499999 0.29867515499999997 0.715278175 0.31371318 0.7167421475000001 0.36696737874999996 0.730087275 0.39819929625 0.7272407099999999 0.43486613749999997 0.73598606 0.43800159375 0.74332588125 0.45517914875000004 0.7445183625 0.49263292125 0.762481025 0.5476699775 0.77863721125 0.55081769875 0.820846725 0.52611475 0.82126024625 0.5075845975 0.808222115 0.48357046124999997 0.7986445424999999 0.43732504624999996 0.7906019575000001 0.42716854 0.78901370875 0.40395359875
13 0.90882407125 0.6466827549999999 0.921628525 0.6472763975 0.9355875662500001 0.48446614375 0.94269249625 0.3870123175 0.94052759375 0.38625164375 0.930801015 0.38925020625 0.9095302587499999 0.6446724412499999 0.90882407125 0.6466827549999999
6 0.95549487 0.5192116975 0.9544591075 0.50205696375 0.9472526612500001 0.4719510725 0.94348001875 0.43353164375 0.92267357625 0.4371858025 0.9152628925 0.4456425375 0.91566276625 0.46052115 0.9151129349999999 0.482356525 0.9019313099999999 0.51198123375 0.8963224425 0.53092231125 0.9038477387499999 0.5483639475 0.8956759612499999 0.57524345125 0.89169378 0.59229147875 0.88252635875 0.69549597375 0.89636388625 0.71938325 0.91596777625 0.72010604 0.93641401375 0.704448945 0.9481459725000001 0.677244195 0.9621072037499999 0.5691648225 0.9475265775 0.552610935 0.9509747787499999 0.5326983675 0.95549487 0.5192116975
6 0.39769057500000005 0.3257053775 0.38604376375 0.3296504675 0.40830502375 0.3382145625 0.42990800625 0.3335272725 0.44936384250000005 0.3116461625 0.46505936875000004 0.3040307175 0.5031751425000001 0.26203121 0.51861690125 0.22377055250000003 0.5364058150000001 0.1823427625 0.516025955 0.15751382625 0.501285965 0.15514308 0.47349787 0.19615483 0.42818009625000003 0.26370464875 0.41896614 0.29162543625000004 0.39769057500000005 0.3257053775
6 0.57628096875 0.12056737000000001 0.5155406674999999 0.22755558125 0.49134707874999994 0.29442161875 0.49801964125 0.31003757875000004 0.50811726 0.312004905 0.5135263262499999 0.30733238 0.56125143125 0.25220897375 0.57924442 0.21849312125 0.606974765 0.19240078 0.6778304362500001 0.08308857 0.6809129825 0.07080480125000001 0.6681996025 0.04971712375 0.65343119125 0.0368186275 0.64131405125 0.03445783625 0.61929977 0.06309543749999999 0.61383744125 0.0806419275 0.5884158625 0.1186368375 0.57628096875 0.12056737000000001
6 0.86614099625 0.24432591625 0.8496778125 0.23396041125 0.77870525625 0.20868002749999998 0.76720211125 0.22075480125 0.76175753625 0.23400996875000002 0.7707921287499999 0.24865452999999998 0.82651173875 0.29673186125 0.84789945375 0.33812028375 0.9056563375000001 0.3822997575 0.93290215 0.39190285875 0.9423502612500001 0.3880172675 0.95006809625 0.39524731375 0.97413740875 0.35842053375 0.97927498625 0.33794758375 0.95985353375 0.30982659375 0.90943646875 0.28282467499999997 0.8947035637499999 0.2613435325 0.8701090275 0.26227813625 0.8654204775 0.25563828875 0.86614099625 0.24432591625
6 0.37787986875 0 0.377695255 0.0002759225 0.36641033874999995 0.04102509125 0.3504901325 0.0622604425 0.32703481625 0.113522785 0.33509515375 0.1193879675 0.34959207625 0.1164860375 0.37395063375 0.09116836125000001 0.38480427375 0.07324067125 0.41722317 0.05378817875 0.435523155 0.0272901075 0.4514078525 0.01463740125 0.45905832375000005 0 0.37787986875 0
6 0.49227546125000005 0.1514431125 0.489966695 0.13954054375 0.4647581625 0.12603958375 0.44079537375 0.13711842875 0.39024145875000005 0.22461735624999998 0.36329007249999995 0.30669362 0.3672936125 0.31606319625 0.38280029374999996 0.31335799999999997 0.425080825 0.27148976125 0.4837305875 0.1812733725 0.49227546125000005 0.1514431125
6 0.54464621625 0.27617405125 0.5272672225 0.3243254675 0.530243245 0.3377896325 0.56188836 0.34252348 0.578765065 0.33435882874999995 0.61697104 0.300286305 0.6769375599999999 0.21748443250000002 0.7378428275000001 0.1520445825 0.74806472125 0.12397264875 0.7467479625 0.11655813625 0.72027593125 0.082768695 0.69775417875 0.071222795 0.68864857125 0.07374352499999999 0.6740983862500001 0.0895194225 0.60562249875 0.19356891125 0.575854875 0.22355910999999998 0.54464621625 0.27617405125
6 0.33416918500000004 0 0.332545225 0.0029320625 0.31597551875 0.018314495 0.29765777875 0.0491038875 0.28379260500000003 0.06215005875 0.25925651125000004 0.13038095875 0.23686421500000002 0.16896606875 0.23646844875 0.18320489875 0.25330964375 0.1836228925 0.2929389025 0.13121694875 0.29910399625 0.10664941 0.3075601025 0.09827576125 0.31900998375 0.09907495625 0.3288183575 0.0895331775 0.35090365375 0.04373028749999999 0.377618175 0 0.33416918500000004 0
6 0.77835314875 0.61947885875 0.7949990525 0.66710140125 0.7962803049999999 0.68309856125 0.8032953725 0.69734965625 0.8322537087499999 0.7001284425000001 0.837609515 0.70832988625 0.84824492875 0.6617278025000001 0.8413363825000001 0.62172877 0.83230179 0.60708421 0.8337073175 0.5930421112500001 0.81024681875 0.56413419125 0.8036097624999999 0.5399355862499999 0.7928093825000001 0.54498931 0.7849672712500001 0.56779852 0.77835314875 0.61947885875
6 0.93109049 0.25984326 0.9612413075 0.3000758175 0.9898393849999999 0.30851078875 0.9922737025 0.31064634874999997 0.99408432 0.22916857749999997 0.9817561112500001 0.22676666374999999 0.9702529662499999 0.23884143625 0.963184635 0.23746430875000002 0.9413656462500001 0.21889735999999999 0.92151291875 0.21359784625 0.9079369887500001 0.23815312125 0.9112555175 0.25025242375 0.93109049 0.25984326
6 0.91419085125 0.1921289675 0.88099299625 0.15559753499999998 0.7771650875 0.092420855 0.76672496625 0.09181839374999999 0.7544835500000001 0.11949686 0.77327325375 0.13747360875 0.7869786412499999 0.16304934124999998 0.80813037375 0.1800546925 0.8254612887499999 0.2249475075 0.86579849 0.24569077875 0.86944177 0.26071654 0.89167427875 0.260753335 0.90943646875 0.28282467499999997 0.9202190937500001 0.28206227375000004 0.92597066625 0.27602488625 0.9300807287499999 0.2596465275 0.915619315 0.2539658125 0.9075767299999999 0.24380930625000002 0.91374182375 0.21924176625000003 0.91419085125 0.1921289675
6 0.26696932624999997 0 0.26550519125 0.0041865425 0.25059474875 0.025618625000000003 0.24134711 0.062469935000000004 0.22331861374999998 0.10476843375 0.24046680625 0.11240420999999999 0.27905079374999997 0.06838417749999999 0.28822741874999996 0.0486981575 0.30070481625 0.0454027625 0.31090895625000003 0.02162215375 0.33288601749999996 0 0.26696932624999997 0
6 0.21254012125 0 0.2016771625 0.04328826 0.19215803375 0.06433914375 0.20658394000000002 0.07860250375 0.21500453749999998 0.07881150125 0.24049713375 0.0236513 0.24998075374999998 0.0111830625 0.25426902375 0 0.21254012125 0
6 0.14228912875 0.14910834250000002 0.13309475125 0.17308568375 0.13673802999999998 0.18811144625 0.14579037749999998 0.19846468375 0.18645233125000002 0.2221344125 0.20497054625 0.22431073625 0.21917822375 0.20989970249999998 0.23335039500000002 0.2040713125 0.26131672125 0.20236204375 0.25902570874999997 0.1861681525 0.2298313925 0.15900629500000002 0.22276306125 0.1576291675 0.21464946125 0.16463795125 0.19483224 0.15075579125000002 0.170562455 0.15461685375 0.160175595 0.141140425 0.14228912875 0.14910834250000002
13 0.956521415 0.5078179975 0.95005883375 0.541733885 0.95093189125 0.55161951625 0.98687448375 0.44193987375 0.9835543787500001 0.43817402875 0.97788977125 0.44027788749999996 0.956521415 0.5078179975
6 0.77228124625 0.13298555374999999 0.7578020775000001 0.1315961625 0.7439546575 0.14035101 0.7314062450000001 0.16081169375 0.67084348375 0.2248866825 0.61900831625 0.2963884475 0.59061071375 0.32091919375000005 0.582461605 0.3365106225 0.5877819037500001 0.3532947125 0.5815457937499999 0.39502754250000005 0.609890135 0.383370765 0.61939151125 0.36661120500000005 0.630209645 0.35726615875 0.6612052575 0.35614708624999997 0.699193005 0.2934001675 0.7370209674999999 0.2692751525 0.7532659225 0.25096626125 0.7627850525 0.2299153775 0.773278435 0.21764387375 0.7777310024999999 0.19990065 0.76528911125 0.19461340124999998 0.77559977375 0.14508485625 0.77228124625 0.13298555374999999
