2 0.224796565 0.27435291 0.20715087875 0.26507629125 0.1903105525 0.260620735 0.16840901500000002 0.2662874825 0.15917158875 0.27059924625 0.13976576500000001 0.26997527625 0.134979575 0.26622924375 0.126296295 0.26650919625 0.11980579625000001 0.27338311625 0.11351068375000001 0.287142605 0.11316588250000001 0.2985518075 0.1161361125 0.308983185 0.13132795375 0.32602599625000006 0.15911412375 0.3392546975 0.17383145125 0.33957541874999997 0.1750793075 0.33643006 0.18564833125 0.33192389499999997 0.19604987625 0.321515815 0.20402549125 0.31985758125 0.21571676374999998 0.30777962375 0.2301410075 0.29777199249999997 0.22905652125 0.283114405 0.224796565 0.27435291
2 0.24651092625 0.30921031625 0.24076585625 0.29523313375 0.22909839125 0.28458988375 0.22880941375 0.29796639375 0.21629882375 0.304731465 0.19018330625000002 0.32681705625 0.17175032 0.3369160625 0.1672013875 0.34153107499999996 0.17133573500000002 0.34586613499999996 0.18813419374999998 0.34884621250000003 0.202530525 0.33785492875 0.2151108975 0.33354899000000005 0.22713712125000002 0.33327486 0.23773405625 0.3297523475 0.23820446625 0.32276958 0.2442106 0.32238660125 0.246817965 0.320030495 0.24651092625 0.30921031625
2 0.22446818749999997 0.38058155624999995 0.243082605 0.3768762925 0.266134305 0.36462140374999996 0.2770899975 0.3501815125 0.27728128125 0.33336221875 0.27092623875 0.32144954 0.2539323925 0.311583895 0.2466365325 0.31363675125 0.24551428250000001 0.32120854625 0.23755262500000002 0.323358605 0.23706825875 0.32984954625 0.21443114375 0.33315436249999997 0.20186472875 0.33795212999999996 0.19201732875000002 0.3443284 0.18879999000000003 0.34874901125 0.17943695625 0.34863434 0.16783927375000002 0.3404502225 0.15976596499999998 0.33866567125 0.16276410500000002 0.35008069875 0.17398907624999999 0.3686903675 0.19568537249999998 0.37935108874999995 0.22446818749999997 0.38058155624999995
2 0.28116194875 0.23451678874999998 0.26183986375 0.236843775 0.24466869249999998 0.24428925125 0.23225579625 0.25449710625 0.2252390625 0.26638648875000004 0.22482447874999997 0.27533656125 0.244276275 0.30114087125 0.2565397575 0.30922778875 0.27060524375 0.31013753625 0.287236225 0.30721569875 0.30894237375 0.29466338375 0.31412919125 0.28896751875 0.32243565125 0.275408255 0.32198904874999995 0.25966981499999997 0.31288707875 0.24519498124999997 0.2999857125 0.23818891625 0.28116194875 0.23451678874999998
2 0.1090709525 0.60188811375 0.12828138625 0.5956265175 0.14209565875 0.58768339125 0.1403314175 0.5726311775 0.11842577500000001 0.55459306375 0.12430219625 0.52607878875 0.12424637125 0.52411148375 0.118906035 0.5243972625 0.11240157875 0.5307793537500001 0.08708731625 0.5339811462499999 0.06461767625 0.5431878775 0.06346751375 0.5497760199999999 0.07285846125 0.550874345 0.07100063125 0.5560842075 0.0757589075 0.55884659 0.07528849875 0.56582935625 0.07069769875000001 0.56896889125 0.06237728125 0.58203632875 0.065333555 0.5919758774999999 0.06361528749999999 0.6021040049999999 0.06704197125 0.605060785 0.08510224125 0.60538733125 0.1090709525 0.60188811375
2 0.19881405624999998 0.58384778875 0.20728798999999998 0.57619044 0.21362497125000002 0.5639064324999999 0.21109723875 0.545508635 0.188693275 0.53346963625 0.1706748725 0.53461857125 0.16941305875 0.5372721025 0.1769043075 0.5421048125 0.17124708125000002 0.55478344625 0.17279212624999998 0.58567130125 0.16301450875 0.5945067025 0.1617806075 0.5981438875 0.15451266 0.6011803975 0.14784073 0.60166057625 0.14041926125 0.59928699625 0.1145089825 0.60504512 0.13863121375 0.6069559925 0.16853627875000002 0.60061466625 0.1837240125 0.59395261875 0.1842362925 0.58844532875 0.19881405624999998 0.58384778875
2 0.137590235 0.5231511274999999 0.12086155874999999 0.52263018125 0.12324972875000001 0.5361097149999999 0.11778788999999999 0.5556739175 0.1300374175 0.5632690075 0.13967957625 0.573220205 0.14142986125 0.5877805925 0.12567402125 0.5979826225 0.1117481 0.6019911375 0.12978045875 0.60133403 0.16234871250000002 0.5946039025000001 0.17344396875 0.58508227375 0.17270428249999997 0.5590154825 0.17758406125 0.54249943875 0.1699951175 0.534223945 0.15777350625 0.5276125075 0.137590235 0.5231511274999999
2 0.4738582 0.14563962249999998 0.4817082075 0.13955495375 0.48098658499999997 0.13768484875 0.46612969374999996 0.132445865 0.4480694225 0.13211931999999998 0.42093919874999997 0.142006455 0.40851234750000004 0.15172248375 0.39771017375 0.17157246375 0.39753284625 0.18888358375 0.40803619500000005 0.20562314874999998 0.4257377075 0.21686707 0.44726652875 0.22162587625 0.47127710875 0.21960213750000002 0.4884482825 0.21215666375 0.49760197 0.2048939425 0.50654631625 0.19025382624999998 0.507333615 0.17087820125 0.50516874625 0.16526788625 0.494832875 0.15443023875 0.4738582 0.14563962249999998
2 0.56988656375 0.1370528425 0.5539074225 0.13938565375 0.5374020487500001 0.14673392875 0.5276104724999999 0.15507750375 0.51933192625 0.16962041875 0.5184050649999999 0.18407778125 0.526231265 0.20071432250000001 0.53921637 0.2106713425 0.54939872 0.21609890375 0.5694563850000001 0.2161338475 0.57644520625 0.20326081250000003 0.5856268075 0.1969817425 0.58713572875 0.17947622249999998 0.59205737625 0.1644356575 0.6136797875 0.148932385 0.5819407012500001 0.13776236625 0.56988656375 0.1370528425
2 0.55155373875 0.24492225125 0.55302079125 0.22594125250000002 0.5508559224999999 0.22033093999999998 0.54328093625 0.2125472725 0.5303656125 0.20504938125 0.5196151587500001 0.20316180500000003 0.50628525125 0.20461398875 0.49173540000000004 0.21019518125 0.47661744624999997 0.21931636000000002 0.44994778125 0.2454337625 0.4514468525 0.25114127625 0.4482574275 0.25654554125 0.45499913999999997 0.25852449375 0.4572477475 0.267085765 0.46937166625000004 0.27025441875 0.48264574625 0.26683493124999996 0.50416061375 0.27110191 0.53181707 0.2561993125 0.5373248825 0.26181545 0.542027335 0.26261052500000004 0.54659022375 0.25848733875 0.55155373875 0.24492225125
2 0.19324303499999998 0.6938049975 0.2213699025 0.67191963125 0.23358740874999998 0.65482621 0.24040875374999998 0.63605125875 0.23939404625000002 0.62385280375 0.22842029125 0.61409600625 0.214243155 0.60925164875 0.19019070625 0.60979990625 0.16430834 0.61654168375 0.14317029625 0.6255540125 0.12344758374999999 0.6373229 0.1190103025 0.645872525 0.124159355 0.66240603875 0.13017944625 0.6625148875 0.13367590875 0.66793080125 0.13973787 0.6695151287500001 0.1406269675 0.6772871475 0.14879797 0.6825144824999999 0.149007315 0.68989187625 0.16174120625 0.690996025 0.166639045 0.69867666875 0.17476818000000002 0.70242852625 0.19324303499999998 0.6938049975
2 0.45188934750000004 0.243174855 0.4511398125 0.2403210975 0.44754565625 0.23146240124999998 0.4358642325 0.22032732625 0.42099338750000004 0.21459651624999998 0.40097759125000004 0.21603705250000002 0.39171225125 0.21936516375 0.3765942975 0.2284863425 0.3655269525 0.2389916225 0.36300332625000004 0.24429868625 0.37440562125 0.24559723625 0.37454518375 0.2505155 0.38438273375000004 0.26735226375 0.39653456499999995 0.27150457125 0.40275004375 0.27849898625 0.40811829250000003 0.27919686125 0.4102412925 0.28333169625 0.4270676625 0.28729542625 0.44387597 0.26706247 0.44481678875 0.2530969325 0.45188934750000004 0.243174855
2 0.408881785 0.282542445 0.40814620625000003 0.28018051499999996 0.38435482125 0.26636861125 0.37441957625 0.24608906375 0.36838553124999995 0.24548838875 0.34921696625000004 0.25322546500000004 0.3360824475 0.26156321375 0.321145925 0.27707813375 0.31609867125 0.28769226375 0.32231415124999996 0.29468667875 0.3533734825 0.30546207249999996 0.36277838375000004 0.30705222249999997 0.37275139125 0.30510239 0.37623389875 0.31002647625 0.374362115 0.31474451375 0.38311517500000003 0.31692369125 0.39896870874999996 0.310164445 0.40616687375 0.3046688025 0.420381775 0.28728377875 0.408881785 0.282542445
2 0.314226885 0.29241030125 0.29973285875 0.29995879999999997 0.2834228725 0.3141926425 0.2809271575 0.32048335875 0.293675005 0.32207933375000003 0.3150404575 0.34464108625 0.32587464875 0.34947961875 0.37103723125000004 0.3389353775 0.3831989125 0.31987464875 0.38311517500000003 0.31692369125 0.37502791125 0.31464731375 0.37277930499999995 0.3060860425 0.36007332750000004 0.30596554625 0.32906982 0.2971574575 0.31956722125 0.29212452375000003 0.314226885 0.29241030125
2 0.4572477475 0.267085765 0.45501309624999997 0.25901631999999997 0.45233595 0.258913295 0.42577793625 0.288965305 0.41523682624999997 0.29445512375 0.41196366500000003 0.29690843 0.4107576775 0.3015292675 0.39041103499999996 0.31487083375 0.391840325 0.3181192175 0.41199568375 0.32159694375000003 0.4307217525 0.32182628874999997 0.451361475 0.31881307375 0.4691844875 0.3107785725 0.4649664025 0.30349255625 0.46477101374999996 0.29660698750000003 0.4722162875 0.2762593575 0.46938562125 0.270746245 0.4572477475 0.267085765
2 0.53867043375 0.262112875 0.52456307875 0.25972765 0.50546429625 0.26992385625 0.4907051 0.2681276575 0.4814258025 0.27096394125 0.47101029875 0.280880195 0.46596304625 0.291494325 0.46428664875000003 0.30309793 0.47290425375 0.32406370625 0.48720699625 0.3333345 0.50131435125 0.33571972625 0.50596097875 0.33454749749999996 0.5216051675 0.32041085625 0.55505841375 0.29774788625 0.55592945 0.28132321875 0.550933915 0.2701997925 0.53867043375 0.262112875
2 0.8735329337500001 0.25915528250000003 0.85089581875 0.26246009875 0.83301697875 0.26852729625 0.8134059175 0.2842307925 0.8063752275 0.29562834875 0.80479652375 0.3106747375 0.811887145 0.32494934875 0.826203845 0.3347119675 0.8470529125 0.3390761475 0.8677205487499999 0.337046585 0.89020414625 0.32833168125 0.9078596837499999 0.31439526375 0.9174279575 0.29818246875 0.91841064375 0.2856924125 0.9093505424999999 0.27269305625 0.8896516375 0.261740735 0.8735329337500001 0.25915528250000003
2 0.9175322237500001 0.41965773125 0.91511614125 0.405194545 0.9074713725 0.39495174624999996 0.8972331975 0.38755688 0.8796712462499999 0.38123122000000004 0.8615970187499999 0.38041285 0.84095729625 0.38342606375000005 0.8151447125 0.39262697125 0.794895765 0.40941132 0.79998899375 0.42397753125000004 0.79401077125 0.42534416125 0.7922506375 0.43399681 0.7985219425 0.44295853 0.80602714625 0.44828306625000003 0.8100219325000001 0.44769986375000004 0.8297306875 0.43543915125 0.85364357375 0.4299726275 0.8724254675 0.43216927875000005 0.8928320399999999 0.44449987874999997 0.9007797399999999 0.44185799375 0.91315076625 0.43017465875 0.9175322237500001 0.41965773125
2 0.698988075 0.2337693 0.66005082375 0.22809492250000002 0.64339192875 0.2300331075 0.62880020875 0.234138825 0.6150557175 0.24454107874999997 0.60565492 0.26665579 0.60694875125 0.28869077125 0.617354405 0.30198755250000003 0.62958997375 0.30909081625 0.64572263375 0.31216809375 0.6744635787500001 0.31192308375 0.67700116125 0.30710784625 0.69547601625 0.2984843175 0.71507312125 0.28228899375 0.7201622437499999 0.273150345 0.72092163 0.25279106625000003 0.7132908175 0.24304009499999998 0.698988075 0.2337693
2 0.77742493625 0.28849596625 0.7624424412499999 0.278830545 0.75615718 0.26937699875 0.7538387925000001 0.25835659499999997 0.7491642537500001 0.25854517250000003 0.7438797425 0.260798255 0.71981744125 0.2845595475 0.70844716375 0.3079495125 0.71101676625 0.32782278875000004 0.72203239 0.3390550625 0.73485002 0.34311016875 0.76940171 0.33559661375 0.7865310125 0.32667566000000003 0.8027991312499999 0.31096634 0.812060365 0.28393336625 0.8119766275000001 0.28098241 0.8093134375 0.28137121125 0.796192875 0.29020078875 0.79088045125 0.29147021875 0.77742493625 0.28849596625
2 0.8445268174999999 0.25005559375 0.8490897074999999 0.24593240625 0.8473952475000001 0.233339325 0.8512783825 0.22882151374999998 0.8517627475 0.22233056999999998 0.84422963 0.2160223825 0.83002458125 0.21019437124999998 0.8013394625 0.21240668750000002 0.7795356200000001 0.2215162175 0.76645692625 0.2318212725 0.7574428000000001 0.2440022575 0.7537550537500001 0.2554056375 0.7547558037500001 0.2671122675 0.7631501075 0.28020882375 0.77338828375 0.28760369 0.789548855 0.29166461875 0.79620683 0.290692615 0.80932739375 0.2818630375 0.8205901262499999 0.278243325 0.83104749875 0.26980255 0.840284925 0.265490785 0.84353017625 0.26205382499999996 0.8445268174999999 0.25005559375
2 0.76254587875 0.2353554325 0.7641245825 0.22030904375 0.7523035975000001 0.2042557075 0.740733825 0.1970552425 0.72393536625 0.194075165 0.70195009375 0.196790955 0.69269870875 0.20061089124999998 0.6802579 0.20983509375 0.6705221525 0.22014597375 0.668110175 0.22938764875 0.6849086325 0.23236772625000002 0.70230310625 0.2327914725 0.7058274824999999 0.23919103625000002 0.7126250199999999 0.243137295 0.71891028125 0.2525908425 0.71937083875 0.26882111 0.7143514974999999 0.28041889000000003 0.7157389187500001 0.28219179375 0.727569755 0.27503209625 0.7497463125 0.255497015 0.76254587875 0.2353554325
2 0.22179925125 0.427888255 0.2214363875 0.41510077125 0.21644085375 0.40397734375 0.20621663375000002 0.397074305 0.20355344375 0.39746310749999997 0.20163978749999997 0.4007056675 0.1949818125 0.40167767125 0.18559086625 0.40057934625 0.16357768 0.4023114825 0.150969395 0.40563377125 0.13983226875 0.41367992000000003 0.1393380525 0.44338389624999996 0.14848189125 0.45933420875000003 0.1363998425 0.457641035 0.1345420125 0.46285089749999997 0.14003586875 0.46797521000000003 0.15214583125 0.4706520375 0.16553156375 0.47116715875 0.17951331 0.46912595 0.1880849425 0.46491138625 0.20306333250000003 0.45087194500000005 0.20687668625 0.44389500125 0.21733405875 0.43545422625 0.22179925125 0.427888255
2 0.35201809625 0.728901185 0.35625998875 0.713465995 0.35463531125000003 0.7033320449999999 0.333897895 0.702902475 0.31496248125000004 0.69529573625 0.30730786250000003 0.7082659725 0.292385295 0.72427271875 0.28442363875000004 0.7264227762500001 0.27501873374999997 0.7248326249999999 0.26636336875 0.72609623125 0.25596182 0.7365043124999999 0.25604555875 0.73945527 0.26080383625 0.7422176487500001 0.26819738875 0.7436075762500001 0.26707514 0.75117937125 0.2853028875 0.7574078312499999 0.30336315875000003 0.75773437625 0.3259444475 0.752462255 0.34365581125 0.74049314375 0.35201809625 0.728901185
2 0.530563485 0.70678607125 0.5057434387499999 0.68028388625 0.48755756 0.6755309037499999 0.46220142875000003 0.67725721625 0.43774835250000005 0.68724737625 0.42795677875000004 0.69559095 0.4185280675 0.71672200875 0.41832282875 0.733049475 0.42122327624999994 0.74102172 0.42818829125 0.7508698925 0.43189409875 0.7636632 0.44351969625000004 0.77283097 0.46568640250000004 0.77650892125 0.5022494425 0.76919559 0.5220279787500001 0.7593940087500001 0.5357306012499999 0.74751627375 0.5407499412500001 0.73591849375 0.53895778875 0.7198826275000001 0.530563485 0.70678607125
2 0.40569482749999997 0.3822743275 0.39303071875 0.38362931000000006 0.36658024875 0.39391107 0.35612287625 0.40235184500000004 0.34676394875 0.42594203375 0.34923585625000003 0.44237252499999996 0.35826804375000004 0.45438822875 0.37723137 0.46297861875 0.39267032 0.465169445 0.41995406375 0.4606924 0.44429548875 0.44676763125 0.4475267825 0.442838845 0.45387771875 0.4310466625 0.454706885 0.413146515 0.44980904625 0.4054658725 0.42791735875000003 0.387919585 0.40569482749999997 0.3822743275
2 0.45207324625 0.34389621374999996 0.43501372625 0.3552762975 0.41881538999999995 0.37344475125000004 0.4137820925 0.38455070625 0.43669833375000006 0.39108241499999996 0.47064005125 0.385633365 0.5036130375 0.39316619875000003 0.5101035375 0.38629227875 0.5144012575 0.37282439250000005 0.513149295 0.35226489125 0.5062401049999999 0.34438402250000005 0.49468429 0.33767538375 0.48393383375 0.33578780874999997 0.4692723325 0.33743439125 0.45207324625 0.34389621374999996
2 0.57100389625 0.34134931875 0.56026739875 0.3399535675 0.548934885 0.34111415125 0.5337471475000001 0.3477761975 0.5207661487499999 0.36152403624999996 0.5150530975000001 0.37223536500000004 0.5120730175 0.385017025 0.5116305225 0.39298344625 0.514433275 0.39751290625 0.5238800475000001 0.40057853625 0.5680320287499999 0.40154069875 0.5992686875 0.3950049725 0.60979584125 0.38902332875 0.610280205 0.3825323875 0.6034826675 0.37858612875 0.5972253200000001 0.37011623374999997 0.59412948375 0.35525842249999995 0.57100389625 0.34134931875
2 0.64108996375 0.31383215 0.6219353550000001 0.3220610525 0.6062492975 0.33472221500000005 0.59543316625 0.35408036875 0.59576811875 0.36588419875 0.60622959625 0.38114828375000004 0.61979676 0.38805714625 0.6512567199999999 0.38939064 0.66780396375 0.383517845 0.68293587625 0.37488849375 0.69971627125 0.35367188374999997 0.7026544800000001 0.33941474624999995 0.6968954549999999 0.324945735 0.6845901037500001 0.31538334 0.665752385 0.311219385 0.64108996375 0.31383215
2 0.63013180375 0.23394442375000002 0.6427261300000001 0.23013030874999998 0.66405956375 0.22800354625 0.67046632625 0.21817867 0.67411220375 0.20529981 0.6733347537500001 0.20146240124999998 0.67133736375 0.20175400124999998 0.66348735625 0.20783866875 0.6602281499999999 0.21078380374999997 0.6577882612499999 0.21904182500000002 0.6238884112499999 0.225966355 0.60890591375 0.21630093625000002 0.60220607 0.21579746 0.60141466625 0.21146822499999998 0.59404902375 0.21106195125 0.58700027125 0.19826281999999998 0.58365732875 0.19825699749999998 0.57644520625 0.20326081250000003 0.5656988562499999 0.22507809625 0.562383825 0.22605592625 0.55726679 0.2342109225 0.5498494275 0.255542205 0.5495185825 0.26744323625 0.5567487675 0.2866361075 0.5706648387500001 0.3058406275 0.580568065 0.3014316625 0.58381331375 0.2979947025 0.609057795 0.29233378 0.60612943625 0.2833778825 0.60637654125 0.26852589375 0.6157354712499999 0.24493570625 0.63013180375 0.23394442375000002
2 0.39925934124999996 0.6266886825 0.37262333499999994 0.60687184 0.3496931375 0.59984830375 0.3323405325 0.6009000375 0.323061235 0.60373632375 0.31059251499999996 0.611976875 0.29512975874999997 0.63250725625 0.28905794749999997 0.6541359649999999 0.290295955 0.6742036412500001 0.30211694 0.69025697875 0.311549755 0.6928307812500001 0.3258385425 0.7016097487499999 0.3406256525 0.7043896012499999 0.36796521875000004 0.7018798612499999 0.39427612375000004 0.68667983875 0.4046358025 0.67479627875 0.410195335 0.6586748625 0.40705762999999995 0.6423415712499999 0.39925934124999996 0.6266886825
2 0.33009766999999995 0.5454208725 0.3404433925 0.533045485 0.34539295125 0.5189885725 0.3464733325 0.5099412987499999 0.34065848125000003 0.493504985 0.3208200125 0.4776344 0.3040075975 0.4741624975 0.29066373500000003 0.47512285374999996 0.27675176874999996 0.47962319375 0.26030221875 0.48893877375 0.23434022250000003 0.51643445375 0.23055478000000001 0.52439505125 0.23457747874999998 0.52479549875 0.23738023125000002 0.52932496125 0.24804694875 0.52826157875 0.25091948375 0.53525017125 0.2562877325 0.53594804625 0.25907652999999997 0.53998568125 0.27244830625 0.54000897625 0.27927375625 0.54493888625 0.28937237 0.54741549 0.32013861875000005 0.5478625312500001 0.33009766999999995 0.5454208725
2 0.45665502500000005 0.5289200887500001 0.47286731875 0.5112434625 0.47909264874999996 0.4950248425 0.47671843375 0.482037135 0.47324988500000004 0.47760487500000004 0.46172198125 0.47187988875000003 0.44088687 0.46800753749999996 0.41622444875 0.47062030125 0.39239529875 0.47903778125 0.3786228975 0.48845638375 0.39212028 0.49290611624999997 0.4007337775 0.49016703125 0.40019358625 0.4946906675 0.4035504875 0.49518831874999997 0.40296842750000006 0.49823647625 0.4231377425 0.50220603125 0.427369785 0.50998387375 0.42759308625000003 0.51785309375 0.42285287250000003 0.5392874 0.41637632875 0.54665314625 0.4177497925 0.54793422375 0.43694627124999996 0.5411808 0.45665502500000005 0.5289200887500001
2 0.90201774625 0.46192566999999995 0.8941775900000001 0.44479730375000004 0.87511657 0.43276412875 0.8589839100000001 0.42968685125 0.84564004625 0.43064720875 0.83038252875 0.4348501225 0.8060969287499999 0.45074219875 0.7913418387500001 0.47265085874999996 0.7897073087500001 0.48572994375 0.7919838275 0.49527486625 0.7968677112500001 0.5024636837500001 0.80366525 0.5064099412499999 0.8225308825000001 0.51155754875 0.83522290375 0.5111862175 0.84806844625 0.5162249775 0.8554201324999999 0.516139425 0.87325710125 0.50859675 0.8909405512499999 0.49564398625 0.9018264637500001 0.47874496375 0.90201774625 0.46192566999999995
2 0.8307191187499999 0.37603119749999997 0.8382062625000001 0.35715904625 0.83792713625 0.34732252125 0.8343329774999999 0.338463825 0.811887145 0.32494934875 0.7858931287500001 0.32775651250000004 0.76938775375 0.33510478624999995 0.739468735 0.3409542875 0.72238129875 0.35135072 0.7134229974999999 0.36549900874999997 0.7097492074999999 0.377394215 0.7176591462499999 0.39698171375 0.7313798300000001 0.40930066625 0.7592735450000001 0.402759115 0.7780135699999999 0.40348028625 0.784089485 0.40555643875 0.78941586625 0.40477883499999995 0.79597614625 0.40036404625000005 0.80201019375 0.40096472125 0.8151447125 0.39262697125 0.8307191187499999 0.37603119749999997
2 0.7934845375 0.43035962499999997 0.79401077125 0.42534416125 0.80266614 0.424080555 0.79837827375 0.4143354075 0.7847552824999999 0.4054592375 0.7686226225 0.40238196125000003 0.749272625 0.40372529625 0.73536066 0.40822563625 0.71692767375 0.4183246425 0.7086072575 0.43139208 0.710078415 0.43611594 0.71621015625 0.4401594 0.7163078512500001 0.44360218375000005 0.7209823900000001 0.44341360625 0.73185845125 0.44972761875000006 0.7405696437500001 0.45043131875 0.74717179375 0.44749200875 0.75170677 0.44238516875 0.768212145 0.43503689375 0.77831075875 0.4375134975 0.7856345312499999 0.4364442925 0.7934845375 0.43035962499999997
2 0.7702374500000001 0.435728945 0.75235861125 0.4417961425 0.74715783875 0.44700018125 0.7378924975 0.45032829375 0.7216621424999999 0.4438082325 0.7163218062500001 0.44409400875000005 0.71688991 0.440554025 0.7114937475 0.4388724975 0.6964176625 0.449469155 0.69063483 0.45772135249999996 0.7032890875 0.47957940625 0.7023761825 0.494528595 0.7239887437500001 0.50223835625 0.7440603625 0.5027651275 0.7692908887500001 0.4966123775 0.78703016375 0.48562691874999997 0.79450334875 0.4662629425 0.80286563375 0.45467098499999997 0.7999233175 0.44522326 0.7923343762499999 0.43694776625000004 0.78893560625 0.43497463750000004 0.7769512512500001 0.43672424625 0.7702374500000001 0.435728945
2 0.7020034675 0.50495414625 0.6900888937499999 0.50916288625 0.6625440874999999 0.52800009375 0.6447670487499999 0.56121493375 0.64587944875 0.576856175 0.6536498237499999 0.59152541 0.66994995875 0.6005046025 0.689383695 0.602112225 0.71132709875 0.5979209575 0.73172956625 0.58654669625 0.74924554125 0.5676920175 0.7560668862500001 0.54891706625 0.75471722875 0.52491478 0.74569899625 0.51339090375 0.72472432125 0.5046002875 0.7020034675 0.50495414625
2 0.8659596025 0.58127236375 0.8492966024999999 0.5595056887500001 0.83360643875 0.54846199 0.81962469125 0.55050319875 0.8041857400000001 0.54831237375 0.78484969875 0.55014753625 0.7584131875 0.56092112125 0.747955815 0.56936189625 0.7402314149999999 0.57987300125 0.7377357000000001 0.58616371875 0.7380566949999999 0.5974757225 0.7423445637499999 0.60722087125 0.74923979625 0.6146099125 0.76014377 0.62190757875 0.7790652275 0.62902249 0.79784712125 0.63121913875 0.8177931350000001 0.6273194725 0.8388474425 0.61535618625 0.8521075675 0.61144487125 0.8649769162500001 0.59376242125 0.8659596025 0.58127236375
2 0.84872028625 0.51563595125 0.8412569512499999 0.5117868925 0.816385185 0.507022265 0.7791941124999999 0.4922034125 0.76887630375 0.50556245 0.7647181474999999 0.5239486 0.76910371125 0.53713653125 0.78077117625 0.5477797812499999 0.78751289 0.54975873375 0.8082084387499999 0.54871282375 0.81697545625 0.55138382875 0.825630825 0.55012022125 0.84545123125 0.5417941187499999 0.85983360625 0.53031101 0.8688756462499999 0.5191136774999999 0.8680981962500001 0.51527626875 0.8641034125 0.51585947 0.8620362375 0.5136919424999999 0.84872028625 0.51563595125
2 0.7041502737499999 0.4863677725 0.70252559625 0.4762338225 0.6927299175 0.46087253625 0.6791069274999999 0.45199636750000005 0.6649018775000001 0.44616835625 0.6568146125 0.44389197750000003 0.647465535 0.44426913375 0.6328459025000001 0.447391195 0.6110141475 0.455517075 0.58892132625 0.478003115 0.5799630275 0.4921514025 0.58344553375 0.49707548875 0.58289138625 0.50110730125 0.5902988975 0.5029890524999999 0.5946146775 0.5137178525 0.60891742125 0.5229886475 0.62980835875 0.52882830625 0.64449777375 0.528165375 0.6664272212500001 0.52348228 0.6822528425000001 0.51573938 0.69788307625 0.5011109125000001 0.7041502737499999 0.4863677725
2 0.5818290675 0.53435126125 0.59601605375 0.5159825837500001 0.5923102462500001 0.5031892775 0.5842229812499999 0.5009129 0.58411133125 0.49697828875 0.5806986049999999 0.49451333374999995 0.58244478375 0.48536886 0.5775329875 0.47719639 0.55787595125 0.4677195475 0.5265136862500001 0.4698288375 0.5260014075 0.47533612750000004 0.5022001724999999 0.48473726 0.48263098 0.5019162337499999 0.47354707249999994 0.5116380875000001 0.46852773124999997 0.5232358687499999 0.4683783175 0.54153064125 0.475441025 0.5548215975 0.4877045075 0.562908515 0.50113211 0.56489911625 0.5264184575 0.56071367125 0.5494562024999999 0.54796695625 0.56206448625 0.54464466875 0.5699144925 0.53856000125 0.577238265 0.53749079625 0.5818290675 0.53435126125
2 0.6541210599999999 0.7494930162500001 0.6641457862500001 0.72580562625 0.6622419825 0.7058351500000001 0.64655181875 0.6947914525000001 0.63237468125 0.689947095 0.60629692625 0.6898033025 0.585768855 0.6967511275 0.570706725 0.7078396112500001 0.55357742125 0.716760565 0.5437998025 0.725595965 0.5357166449999999 0.74702444875 0.53666156875 0.75676377125 0.543584715 0.7651364675000001 0.55558302625 0.76387868375 0.55677505875 0.75876602125 0.5720604875 0.7555467575 0.5911075525 0.7670881075 0.6032035575 0.7692731075 0.61855877 0.768512975 0.6404184374999999 0.76137075125 0.6541210599999999 0.7494930162500001
2 0.7915520100000001 0.6449786275 0.788679475 0.63799003375 0.7722956025000001 0.62605988375 0.74606432875 0.62050600375 0.7173233837499999 0.6207510150000001 0.6569870225 0.63844913 0.6412870087500001 0.650618465 0.6323566199999999 0.66575040625 0.63154140875 0.6841423799999999 0.63441394375 0.69113097125 0.6499785 0.69774823375 0.65894090625 0.707304805 0.68316083125 0.71265846125 0.7004855225 0.710623075 0.71301006875 0.7043498300000001 0.74091774125 0.698300105 0.75740915875 0.69046000375 0.779669455 0.67387588 0.79116534 0.6549123525 0.7915520100000001 0.6449786275
2 0.47511368249999997 0.44671322625000004 0.4750578575 0.44474592 0.4816041825 0.43983930625 0.49220111625 0.4363167925 0.49251800625000003 0.423923935 0.49947891499999997 0.41006724749999995 0.4999772375 0.40406813125 0.49446942374999997 0.398451995 0.48846329 0.3988349725 0.47585500750000004 0.40215725999999996 0.4560625125 0.411467015 0.45202996375 0.43427960125 0.4443334775 0.4457743575 0.43315448250000005 0.4523450275 0.4306029425 0.45666843999999995 0.44425384375 0.46652826124999996 0.45974862 0.47068639124999995 0.48051394875 0.47209961375 0.502499225 0.4693838225 0.50711793875 0.46722794125 0.4822880425 0.46393879125 0.48085875125 0.46069040875 0.48343820375 0.45735064999999997 0.47511368249999997 0.44671322625000004
2 0.53733966625 0.42725765125000004 0.5173337225 0.40548515125 0.51716624625 0.399583235 0.5129760725 0.39328086999999995 0.50963312875 0.39327504750000003 0.4971085825 0.3995482925 0.5006608725 0.40693150875 0.49313185875000004 0.4243281825 0.49213521625 0.43632641375 0.47956880124999995 0.44112417875 0.47504778125 0.44672284625 0.48267859375 0.45647381875 0.48084867625 0.462667335 0.48291585 0.46483486625 0.50706599375 0.46772939 0.5244046425 0.46618582875000003 0.5415897725 0.45923218125 0.55000788125 0.44960752875 0.53781418125 0.44397974375 0.53733966625 0.42725765125000004
2 0.5373675787500001 0.42824130250000003 0.53847997875 0.44388254250000003 0.5404773724999999 0.44359094125 0.54487278375 0.43356584 0.56512173125 0.41678149 0.5862597749999999 0.40776915875 0.6035425999999999 0.404258295 0.6087433725 0.399054255 0.6025697625 0.39353531625000004 0.57063939375 0.39918459125 0.551955195 0.40043072625 0.51579278125 0.39830215875 0.5173476775 0.40597697625 0.5373675787500001 0.42824130250000003
2 0.65170004375 0.54637459375 0.6501591050000001 0.53919160125 0.64596893 0.5328892350000001 0.6384776825 0.528056525 0.62038949875 0.52674633 0.60551865125 0.52101551875 0.5902053075 0.52325112875 0.58569824625 0.52934162125 0.586433825 0.5317035525 0.60332997625 0.53812641375 0.6122784275 0.54719116 0.6119615375 0.55958401625 0.6160679725 0.56293542375 0.6197319125 0.57425325125 0.61858175 0.58084139375 0.61336702 0.5855536075 0.61343680125 0.58801273875 0.616779745 0.5880185625 0.6312737712500001 0.58047006375 0.64431059625 0.56868952875 0.64539097625 0.55964225375 0.65170004375 0.54637459375
2 0.61255755375 0.55702768375 0.61293026875 0.5466021325 0.60876800625 0.5412834200000001 0.59651848 0.53368833 0.5785419475 0.5363127424999999 0.5664459425 0.53412774 0.55982983625 0.53657522375 0.542881965 0.55188991875 0.53517152 0.56289285 0.5282803925 0.57920867 0.53083603875 0.5985901175 0.53361088 0.60213592625 0.5417539687499999 0.60637961 0.56050795 0.60759260625 0.56716592625 0.6066206012500001 0.58032835625 0.59926650375 0.608138335 0.5897739949999999 0.61795782125 0.5824140725 0.62043958 0.57563153 0.6167198137500001 0.56234639625 0.61255755375 0.55702768375
2 0.294396645 0.7244729437499999 0.31504622 0.698246695 0.31497643750000004 0.6957875625 0.3047661725 0.68937635 0.2919304825 0.66112455625 0.28385717499999996 0.659340005 0.2712070225 0.66118681375 0.25402189125 0.6681404625 0.23638031125 0.682568705 0.22419071625 0.70064578125 0.21860327125 0.7157835462500001 0.2194086325 0.7206046075 0.2253728975 0.7187461512500001 0.22764941625 0.728291075 0.23249143125 0.73400441375 0.2392610575 0.73696701875 0.2526747025 0.7384657937500001 0.25991473625 0.7344456300000001 0.26704312125 0.7264908575 0.28438176875 0.7249472987500001 0.28710078375 0.72652580125 0.294396645 0.7244729437499999
2 0.4130883825 0.38366425374999996 0.4181495925 0.37354195124999995 0.41781464 0.36173812125 0.4074089875 0.34844134125 0.39588108499999997 0.34271635500000003 0.3837711225 0.34003952624999995 0.358401035 0.3412740125 0.32788599875 0.34967984375 0.30214319625 0.36133988250000004 0.2905356625 0.3763688 0.2908147875 0.38620532625000004 0.285614015 0.39140936625 0.317460645 0.3828091325 0.33421723375 0.38431373125 0.34506538374999995 0.38964409125000005 0.34989344250000004 0.39486560249999997 0.352267655 0.40785331125 0.36139343125 0.3996069375 0.3719903675 0.39608442375 0.38178194125 0.38774084999999997 0.40371139125 0.38305775500000006 0.4130883825 0.38366425374999996
2 0.41381083125 0.5504847325 0.4222847675 0.542827385 0.424808395 0.53752032 0.42804953875 0.5103785 0.42378958375000003 0.5016170025000001 0.405645575 0.4983395 0.39943009500000004 0.491345085 0.37737504 0.4916017425 0.3601619975 0.49757173875 0.3469995675 0.50492583625 0.34375431624999997 0.50836279625 0.34095567000000004 0.5275381975 0.33202528000000003 0.54267013875 0.326102885 0.546004075 0.31080349875 0.54873151125 0.311776335 0.5594544874999999 0.321460365 0.57088116375 0.33096296125 0.57591409875 0.35446126375 0.57939765125 0.37910972875 0.57629306 0.38506003749999995 0.57394277625 0.40261788125000003 0.55656357625 0.41381083125 0.5504847325
2 0.22781368375 0.5257829525 0.24466386 0.5070254737500001 0.25105666625 0.49670876999999997 0.26674272375 0.48404760750000003 0.27994702374999997 0.47816899 0.29721589125000003 0.47416629875 0.30838093 0.46710380125 0.32138984125000003 0.45433961500000003 0.33163786875 0.438521445 0.34402285125 0.4273299375 0.35289741375 0.41023069125 0.34975971 0.3938974 0.34086708375 0.38679995875 0.3294089625 0.383534105 0.31803457875 0.38321920624999994 0.3040667875 0.38575224375 0.28029346625 0.3961370275 0.26898886375 0.39828126249999996 0.23317125375 0.38474348875 0.22648536625 0.38473184000000005 0.22199225875 0.39131415875000003 0.22293718250000003 0.40105348375 0.24000081 0.41337826 0.23876691125000002 0.41701544375 0.20481534125 0.44567753000000004 0.185995685 0.4657102625 0.15969873625 0.48140211125 0.15193246625 0.49043773625 0.147537055 0.50046284 0.14789991875 0.5132503225 0.15487888875 0.5235903212499999 0.17651936124999998 0.53228373625 0.20201505625 0.53547568625 0.21531704999999998 0.53303985125 0.22781368375 0.5257829525
2 0.3104307825 0.55915706375 0.30945794625 0.5484340875 0.28319876 0.5418965525 0.27297454 0.5349935124999999 0.25071013875 0.5278727775000001 0.24068130750000002 0.527855305 0.22685307875 0.535306605 0.21391394875 0.5505299225 0.21300104250000002 0.5654791112499999 0.2160270975 0.57787779125 0.18358445125 0.58903435625 0.18785836374999998 0.59828767875 0.20148135125 0.6071638487500001 0.2189456075 0.6100467225 0.23226155874999999 0.608102715 0.25138825375 0.59889015875 0.27792246125 0.5915593575 0.29835283874999996 0.58116875 0.309643485 0.57853268875 0.32150223250000004 0.57235664375 0.3104307825 0.55915706375
2 0.5843042525 0.40953623875 0.56643937 0.4160952625 0.5552882875 0.423649585 0.54488674 0.434057665 0.5418647925 0.445363845 0.5493420837499999 0.44970473 0.54684637 0.45599544625 0.55920754625 0.4675251475 0.57346842 0.47532046125 0.59220844625 0.47604163374999997 0.610362305 0.4561061 0.63150035 0.44709377125000005 0.63010882375 0.42161600499999996 0.609078325 0.410858085 0.596302565 0.4082784575 0.5843042525 0.40953623875
2 0.57402175625 0.70686178125 0.5838272875 0.69901003375 0.60099846 0.6915645587500001 0.6119262400000001 0.676141015 0.61501797125 0.66729396625 0.6354623075 0.657395185 0.6497749 0.64345294375 0.65551586375 0.63372526625 0.6585796825 0.6238945662500001 0.65825868625 0.61258256125 0.6498643825000001 0.5994860062499999 0.63289844875 0.5906040149999999 0.62349354625 0.5890138625 0.61081548 0.58987701875 0.58361547625 0.5973050225000001 0.558636165 0.61231064375 0.54332282125 0.6145462537499999 0.5327398437499999 0.6185605925000001 0.515084305 0.63249701 0.5105911975 0.63907933 0.50640513 0.6564818250000001 0.506726125 0.6677938287499999 0.50821124125 0.6730095162499999 0.51299743 0.67675555 0.514747715 0.69131593625 0.5327004399999999 0.7114127324999999 0.5428269675 0.7148729875 0.5601795712500001 0.71382125375 0.57402175625 0.70686178125
2 0.6495294312500001 0.58768217625 0.64849091875 0.59820492875 0.65687126625 0.6108096574999999 0.6579417974999999 0.6249754200000001 0.67282660125 0.631198055 0.687516015 0.63053512375 0.7107351900000001 0.62418214875 0.71930682 0.6199675849999999 0.7300154050000001 0.62037968375 0.736505905 0.61350576375 0.7394999412500001 0.60121593125 0.7349608587500001 0.5826179112500001 0.71329658125 0.5966457037499999 0.6866925912499999 0.601517375 0.6713094662500001 0.601293855 0.6495294312500001 0.58768217625
2 0.44296308250000005 0.6825351625 0.46217351624999997 0.676273565 0.47928886249999997 0.6668607849999999 0.48647307375 0.6608733175 0.49287983500000004 0.65104844 0.500175695 0.64899558125 0.5202850787500001 0.62729297125 0.53472327875 0.61777716625 0.5358873975 0.6116808499999999 0.541074215 0.60598498375 0.5315157925 0.59898474375 0.53048713125 0.5862944612500001 0.5207472750000001 0.5729004799999999 0.50125771625 0.5693255525 0.48124192125 0.57076608875 0.46863363625 0.57408837625 0.452808015 0.58183127375 0.43850937875 0.5962653425 0.43156242624999996 0.61061385625 0.407705365 0.6180476825 0.39850980625 0.623834925 0.4093201925 0.65139466875 0.40713151750000004 0.6685055624999999 0.40015665125 0.6818704237500001 0.37521920999999997 0.6983515250000001 0.37331951125 0.70208591 0.39613805999999996 0.70517483625 0.41011980875 0.70313362625 0.42335202125000004 0.6982386599999999 0.44296308250000005 0.6825351625
2 0.46298626125 0.563553975 0.47778732625000003 0.56682565375 0.4910614075 0.5634061662500001 0.476134735 0.55570805 0.4515659025 0.53805873875 0.44354842125 0.53824149 0.41113368625 0.5503817075 0.3928402625 0.5653989775 0.37107828875000004 0.57598398625 0.35109040625 0.57840817375 0.33298826750000005 0.57660615125 0.33364421375 0.599721985 0.35305003625 0.60034595625 0.36449420125000004 0.60311998375 0.3801006275 0.611212725 0.39104647 0.6199858687500001 0.41096457125 0.61510255 0.42151963625 0.61010455875 0.43591596875 0.599113275 0.45279405875 0.58133944875 0.46298626125 0.563553975
2 0.36233261125 0.45626415625 0.35700623 0.45704176124999996 0.34312217625 0.46252575375 0.31386895375 0.4682780525 0.30797447125 0.47259564249999997 0.30938980375 0.47535219875 0.3208200125 0.4776344 0.33306953875 0.48522949125 0.34354497125 0.5009854025 0.346236075 0.50158025375 0.36876154 0.4943408275 0.38125817375 0.48708393 0.38971815374999996 0.47893475625 0.39867645375000005 0.4647864675 0.3979687875 0.46340818749999996 0.38057431375 0.46298444250000004 0.36233261125 0.45626415625
2 0.65749436625 0.444286605 0.6750423587500001 0.45012043875 0.68863743625 0.458012955 0.6912866712500001 0.45713232750000005 0.6970415912500001 0.447896475 0.7095800937500001 0.44211505625 0.7086072575 0.43139208 0.705292225 0.43236990875 0.703904805 0.43059700375 0.707038405 0.42322543500000004 0.715610035 0.41901087124999997 0.71813366125 0.41370380625000003 0.71721665 0.40494813375 0.71227694125 0.39579201249999996 0.6946731225 0.38799087374999996 0.6911766575 0.38257496125 0.7089996725000001 0.37454045874999997 0.71770676 0.35153929625 0.7236012425 0.34722170875 0.7213805487499999 0.33964409125000006 0.7130839400000001 0.3299903175 0.70764591 0.32683331125000004 0.6982549625 0.32573498624999997 0.70398607625 0.33922034500000003 0.70099204 0.3515101775 0.69268558 0.36506943999999997 0.68161823625 0.37557472 0.6644889325 0.3844956725 0.64924537 0.389190415 0.627190315 0.38944707375 0.61574614875 0.386673045 0.60588479375 0.39255748875 0.6093952137499999 0.39846522749999996 0.60770486 0.40957700750000003 0.6185250962500001 0.413923715 0.6287632737500001 0.42131858125 0.63151430625 0.44758559624999994 0.65749436625 0.444286605
2 0.6766694875 0.1540585025 0.665141585 0.14833351625000002 0.6449583137499999 0.14387213625 0.62693991375 0.14502107 0.60840923125 0.15167729375 0.5913915775 0.1645328575 0.5846400150000001 0.18576693875 0.5863623874999999 0.1993436725 0.59198184875 0.20889442125 0.600762825 0.21205725250000002 0.60220607 0.21579746 0.61904639625 0.22025301625000002 0.6397140325 0.21822345375000002 0.65763474 0.2136317375 0.67004763625 0.2034238825 0.6822930562499999 0.18731411 0.6866326425 0.17532170375 0.6856598062499999 0.16459872625 0.6766694875 0.1540585025
2 0.29270382375 0.64125710625 0.30217440375 0.62160152625 0.317152795 0.607562085 0.33296446 0.59932735875 0.32934239 0.58948501 0.32122721249999997 0.58622497875 0.30779961125 0.58423437875 0.28979516625 0.58587513875 0.26599393125 0.59527627 0.25269193624999997 0.59771210625 0.23357919625 0.6074164875 0.2216227525 0.61014974875 0.23593945375 0.61991237 0.24015754 0.62719838625 0.237386805 0.64735743875 0.22780457375000002 0.6630784075 0.22920595124999998 0.66534313875 0.23456024500000003 0.66554918625 0.23478354499999998 0.6734184075 0.24746161125 0.67255525 0.27122097875 0.66167863875 0.2892114675 0.65954605375 0.29270382375 0.64125710625
