7 0.41240092500000003 0.2725645925 0.37449466625 0.30926811375 0.3175032725 0.38414361874999997 0.29712881875 0.43070142875 0.29767564625 0.44737055625000005 0.32016905625 0.4654056125 0.33504447499999995 0.4419729125 0.34285813 0.44171658625 0.36419892875000004 0.47230475375 0.38566703875 0.45908519750000004 0.42772405999999996 0.45353375874999996 0.4407633325 0.42181775875 0.436885985 0.39900024 0.49246075375 0.37631828749999996 0.5237059675 0.32731797999999995 0.510452235 0.30480805125 0.48143448749999995 0.27864349125 0.45187931249999996 0.28378481125 0.43876228500000003 0.26544216375 0.41240092500000003 0.2725645925
7 0.47129425500000005 0.54179742375 0.42467635000000004 0.503694935 0.4040874375 0.4960268175 0.36501917125 0.49730844500000004 0.2973526775 0.5329023625 0.2640662575 0.56736844875 0.25211124 0.58444769625 0.2383294775 0.64121865125 0.255929635 0.65315658125 0.2676795925 0.6298264100000001 0.29845573000000003 0.6142156225000001 0.31618319625 0.58234582875 0.3591877675 0.557990355 0.3935678425 0.5568625225 0.40009217874999997 0.56499202625 0.4219704075 0.56427431625 0.452140765 0.577885765 0.525393445 0.61720038875 0.55142243625 0.64763476 0.5591677362499999 0.64529479375 0.57356468125 0.6072766075 0.547672395 0.5810095175 0.47129425500000005 0.54179742375
7 0.32703259875 0.8176947174999999 0.3198341275 0.83670381125 0.32812625375000004 0.85103297125 0.32887814249999997 0.87395302125 0.338733 0.8882309162500001 0.33350738 0.91969059125 0.3372480225 0.9383408274999999 0.37469460374999997 0.9830018300000001 0.42320760625 0.9834962525000001 0.46030302125 0.96976404625 0.46905482625 0.9027286825 0.48094149125 0.88356579375 0.4779433375 0.8398606 0.441444305 0.776395565 0.417798285 0.7709136175000001 0.37431524000000005 0.780683605 0.32703259875 0.8176947174999999
7 0.67612731875 0.777040365 0.6912761512500001 0.76194222875 0.69079767625 0.7473567412500001 0.67400836125 0.7124474974999999 0.61496636375 0.7248137737499999 0.54564998875 0.66242530625 0.53328485 0.66700270875 0.51861449125 0.69668633125 0.5634646062499999 0.72858916375 0.5894252449999999 0.756939895 0.6244888537500001 0.7766484724999999 0.67612731875 0.777040365
7 0.9497638775 1 0.9602495262499999 0.99716694125 0.9646737262499999 0.99084641375 0.965905295 0.95759406 0.8565154812500001 0.7440062825 0.8294705849999999 0.73029230375 0.8188732375 0.74106936375 0.81486858 0.7620595675 0.8582337162499999 0.8440723099999999 0.9011981287499999 0.9615582137500001 0.93060672625 1 0.9497638775 1
7 0.46496558 0.4919438375 0.48046557874999996 0.53523891 0.49514533499999996 0.5535302925 0.55725384 0.58695285 0.56961897875 0.5823754462499999 0.58129118375 0.50898663 0.58006082125 0.47148109374999997 0.56972748875 0.44261771375000003 0.54451873875 0.43718703124999997 0.5090544075 0.45295161375 0.47983159999999997 0.42053613125 0.45136068125 0.41104069875 0.43763787125 0.42192028875 0.42792912 0.45978468125 0.46496558 0.4919438375
7 0.5033289525 0.70761718875 0.54496645375 0.64158889875 0.5141809162500001 0.6092246800000001 0.43773442125 0.56792894625 0.42210711500000003 0.56844159625 0.40233844374999994 0.58577717 0.40818864499999996 0.62104527 0.39806977125000004 0.64640781625 0.40113627749999997 0.6921966500000001 0.39597901125 0.725739965 0.42193965 0.75409069625 0.45326261625 0.7551490350000001 0.5033289525 0.70761718875
7 0.60952884625 0.36830612375 0.616864025 0.35346431250000004 0.6174698075 0.32424207375 0.607136475 0.29537869375 0.5765559975 0.2692653975 0.54829013875 0.26602088875 0.531783635 0.28742121375 0.5323988175000001 0.3061739825 0.541101065 0.3330049875 0.55842780875 0.3366083525 0.600220815 0.370697355 0.60952884625 0.36830612375
7 0.72837412875 0.41446862250000005 0.755204565 0.373956675 0.7585256875 0.3321300625 0.7484657687499999 0.31160124375 0.73175420625 0.32675064625 0.72319806375 0.3520619275 0.6992880287500001 0.3862204225 0.6689809637499999 0.36844169125 0.6502965500000001 0.371140515 0.6388106087500001 0.35483024125 0.61727414625 0.36596615875 0.599282665 0.43747639374999997 0.5797874075 0.46314653 0.58910483625 0.5087303049999999 0.5724026725 0.5718547125 0.5800206637499999 0.6133224687500001 0.5617463712499999 0.6285231375 0.5580834800000001 0.6599315462500001 0.582823155 0.69875174625 0.6150347175 0.7268974162499999 0.63066202375 0.7263847662499999 0.6737349475000001 0.70411293375 0.71380971875 0.63813591 0.71407373375 0.59849546625 0.74341445125 0.5391282199999999 0.74307268375 0.52871001625 0.72404650125 0.52099063375 0.7086832099999999 0.4818628425 0.7105783087499999 0.4442547775 0.73103051375 0.4477556125 0.74427485 0.42229053625 0.7393132425000001 0.41410976750000006 0.72837412875 0.41446862250000005
7 0.45704085375 0.965699295 0.49339378000000006 0.9770220437499999 0.5135042175 0.9701046750000001 0.5652605925 0.8787138375000001 0.5969159275 0.84221537625 0.6069664475 0.8147691887499999 0.59941680875 0.7753850725 0.61490740875 0.77070514 0.52479706125 0.6943976325 0.51385794625 0.6947564875000001 0.4896744975 0.72058042 0.47778783249999995 0.7397433075 0.47107723375 0.8213128937499999 0.48080478374999996 0.87939851125 0.46008856375 0.9155381187499999 0.45704085375 0.965699295
7 0.29519356375 0.61015087 0.25680883125000004 0.63226890625 0.23711791125 0.69966312625 0.23549622750000002 0.74560575625 0.26593999749999997 0.7675517675000001 0.278100075 0.7567234437499999 0.30317212 0.7579868437499999 0.31669926625 0.788831335 0.35604094625000005 0.7958842712499999 0.416440615 0.77721580625 0.4267645475 0.7581041825 0.40379266375 0.7254836387500001 0.40174205999999996 0.6629744137500001 0.40988808125 0.6251612875 0.4015182025 0.56077348 0.39662495 0.5546763525 0.34675427625 0.5604841175 0.309932275 0.5825508887499999 0.29519356375 0.61015087
7 0.35040776749999997 0.4811007025 0.33274865499999995 0.5150541387500001 0.39946759875 0.49826425375 0.42474470375 0.505778575 0.48875770625000003 0.54956807125 0.46489722624999996 0.4898601975 0.42317257374999995 0.45785483499999996 0.38097884625 0.4592389925 0.35040776749999997 0.4811007025
