12 0 0.603125 0.05416666625 0.653125 0.075 0.64791666625 0.19722222250000002 0.58645833375 0.24027777749999998 0.56979166625 0.28888888875 0.53020833375 0.25138888875 0.44479166625 0.22361111125 0.40520833375000004 0.16111111125 0.340625 0.14583333375000002 0.33125 0.09583333375 0.36979166625 0 0.41458333375 0 0.603125
12 0.07361111125 0.76458333375 0.07361111125 0.7697916662500001 0.21111111125 0.875 0.243055555 0.8927083337499999 0.24583333375 0.90104166625 0.268055555 0.90625 0.39861111125 0.8395833337499999 0.40694444500000004 0.8302083337499999 0.34861111125 0.7697916662500001 0.27361111125 0.675 0.25833333375 0.66666666625 0.231944445 0.675 0.1 0.74479166625 0.07361111125 0.76458333375
12 0.40416666625 0.834375 0.26666666625 0.90520833375 0.25138888875 0.903125 0.243055555 0.890625 0.219444445 0.8791666662500001 0.18888888874999998 0.853125 0.1625 0.83854166625 0.156944445 0.8302083337499999 0.1472222225 0.83125 0.10833333375000001 0.95625 0.1097222225 0.9666666662500001 0.25416666625 0.9802083337499999 0.35 0.98541666625 0.38333333375 0.98333333375 0.44583333375 0.78854166625 0.43888888875 0.784375 0.35555555499999997 0.77291666625 0.35416666625 0.7791666662500001 0.4 0.8239583337499999 0.40416666625 0.834375
12 0.444444445 0.425 0.4027777775 0.46875 0.39305555499999995 0.48958333375 0.37916666624999995 0.50104166625 0.3625 0.5260416662499999 0.3625 0.53333333375 0.55833333375 0.62916666625 0.5902777775 0.63854166625 0.606944445 0.6302083337500001 0.6527777775 0.59375 0.67361111125 0.57083333375 0.73888888875 0.47604166625 0.76111111125 0.41458333375 0.73611111125 0.39479166624999995 0.680555555 0.36354166624999995 0.593055555 0.31979166625 0.581944445 0.31875 0.5569444450000001 0.34791666624999995 0.5138888887499999 0.36666666625 0.444444445 0.425
4 1 0.74479166625 0.9736111112499999 0.7302083337499999 0.9111111112499999 0.68125 0.88333333375 0.66875 0.855555555 0.6427083337499999 0.8402777775 0.6375 0.8027777775 0.64791666625 0.7875 0.65625 0.7555555549999999 0.68645833375 0.743055555 0.7072916662500001 0.70416666625 0.7364583337499999 0.70138888875 0.746875 0.8277777775 0.846875 0.8513888887500001 0.853125 0.868055555 0.86666666625 0.8763888887500001 0.86770833375 0.8972222225 0.85625 0.9388888887500001 0.81354166625 1 0.76875 1 0.74479166625
4 0.6638888887500001 0.63645833375 0.743055555 0.7010416662500001 0.794444445 0.6520833337499999 0.85 0.63645833375 0.894444445 0.603125 0.8902777775 0.59375 0.8180555549999999 0.53229166625 0.7527777775 0.46145833375 0.7444444450000001 0.459375 0.69861111125 0.53541666625 0.6388888887499999 0.60520833375 0.6638888887500001 0.63645833375
12 0.52916666625 0.684375 0.5472222225 0.70625 0.5777777775 0.725 0.5972222225 0.72395833375 0.6486111112499999 0.678125 0.6486111112499999 0.66458333375 0.6583333337499999 0.6583333337499999 0.6722222225 0.6583333337499999 0.680555555 0.6520833337499999 0.6597222225 0.62604166625 0.6347222225 0.60833333375 0.625 0.61145833375 0.60833333375 0.6302083337500001 0.5875 0.6375 0.5597222225 0.62916666625 0.531944445 0.61145833375 0.49583333375000005 0.5989583337500001 0.46944444500000004 0.609375 0.4527777775 0.62708333375 0.52916666625 0.684375
12 0.25 0.44479166625 0.269444445 0.49583333375000005 0.28888888875 0.52395833375 0.2875 0.53125 0.256944445 0.55520833375 0.22777777749999997 0.56875 0.22638888875 0.57395833375 0.231944445 0.57708333375 0.24027777749999998 0.57708333375 0.275 0.56145833375 0.37777777749999997 0.50208333375 0.39444444500000003 0.48854166624999995 0.4097222225 0.45729166624999995 0.42361111125 0.44791666625 0.4125 0.4125 0.3847222225 0.38541666625 0.37083333375000005 0.37916666624999995 0.35416666625 0.37916666624999995 0.305555555 0.38541666625 0.29861111125 0.38125 0.2902777775 0.35833333375000004 0.28333333374999997 0.35729166625 0.2375 0.36770833375 0.206944445 0.38333333375 0.25 0.44479166625
12 0.16527777749999997 0.34375 0.17638888875 0.34895833375 0.231944445 0.35520833375000005 0.2847222225 0.35208333375 0.2125 0.18229166625 0.20138888875 0.17604166625 0.131944445 0.17395833375 0.125 0.190625 0.1152777775 0.26354166625000003 0.16527777749999997 0.34375
12 0.2972222225 0.378125 0.30416666625 0.38541666625 0.3125 0.38541666625 0.40555555499999996 0.36875 0.42361111125 0.36354166624999995 0.42638888875 0.35520833375000005 0.37222222250000003 0.3 0.33888888875 0.275 0.325 0.27083333374999996 0.30972222250000003 0.246875 0.26111111125 0.20833333375 0.2722222225 0.18854166625000002 0.2972222225 0.18229166625 0.3125 0.17083333374999998 0.31527777749999997 0.165625 0.306944445 0.165625 0.218055555 0.18229166625 0.21388888875 0.18958333375 0.2972222225 0.378125
12 0.32361111125 0.25625 0.33333333375 0.27291666625 0.37083333375000005 0.303125 0.425 0.35729166625 0.4625 0.384375 0.5486111112500001 0.32708333375000004 0.5486111112500001 0.31875 0.530555555 0.30833333375 0.52361111125 0.28854166625 0.5527777775 0.26354166625000003 0.5652777775 0.259375 0.56666666625 0.25416666625 0.48611111125 0.19375 0.4777777775 0.18229166625 0.41805555499999997 0.14270833375 0.39861111125 0.12395833375000001 0.3902777775 0.12395833375000001 0.294444445 0.18125 0.26111111125 0.20833333375 0.32361111125 0.25625
4 0.5625 0.26979166625 0.53888888875 0.28958333375 0.53333333375 0.30520833375 0.5652777775 0.325 0.581944445 0.31979166625 0.5972222225 0.32291666625 0.72916666625 0.390625 0.76388888875 0.41354166625 0.7722222225 0.41458333375 0.7972222225 0.39479166624999995 0.82361111125 0.36145833375 0.8625 0.334375 0.894444445 0.28541666625 0.8986111112499999 0.26875 0.8347222225 0.23854166625 0.769444445 0.2 0.655555555 0.14583333375000002 0.64166666625 0.15729166625 0.581944445 0.234375 0.5625 0.26979166625
12 1 0.35208333375 0.97916666625 0.315625 0.9763888887500001 0.29583333375 0.9652777775 0.290625 0.9430555549999999 0.290625 0.8972222225 0.29270833375 0.88611111125 0.29895833374999997 0.88611111125 0.31354166625 0.8736111112499999 0.340625 0.868055555 0.46145833375 0.875 0.47291666624999995 0.9125 0.459375 1 0.44583333375 1 0.35208333375
12 0.79583333375 0.5104166662499999 0.8472222225 0.55416666625 0.868055555 0.578125 0.89166666625 0.59479166625 0.894444445 0.6041666662499999 0.8791666662500001 0.61770833375 0.9041666662500001 0.615625 0.905555555 0.56875 0.893055555 0.5104166662499999 0.894444445 0.46770833375000004 0.875 0.471875 0.8625 0.45104166625 0.85 0.44583333375 0.825 0.44375 0.7555555549999999 0.45104166625 0.7486111112499999 0.45833333375 0.79583333375 0.5104166662499999
12 0.26111111125 0.09791666624999999 0.20833333375 0.146875 0.205555555 0.15833333375 0.2375 0.17708333375 0.280555555 0.171875 0.32083333375 0.16354166625000002 0.3652777775 0.13958333375 0.37777777749999997 0.128125 0.3972222225 0.125 0.4472222225 0.165625 0.4777777775 0.18333333375 0.49722222250000003 0.203125 0.544444445 0.2375 0.5527777775 0.23854166625 0.6152777775 0.16979166625 0.40833333375 0.03854166625 0.381944445 0.01770833375 0.36111111125 0.009375 0.3277777775 0.03541666625 0.28611111125 0.08125 0.26111111125 0.09791666624999999
12 0.6152777775 0.16770833375 0.6347222225 0.16875 0.6486111112499999 0.15208333375 0.6583333337499999 0.14895833375 0.74166666625 0.18645833374999998 0.8625 0.25104166625 0.881944445 0.25625 0.91666666625 0.19583333374999998 0.73611111125 0.11770833375 0.6625 0.09895833375 0.62361111125 0.08333333375 0.5277777775 0.071875 0.518055555 0.10625 0.6027777775 0.1625 0.6152777775 0.16770833375
