12 0.8866346900000001 0.025484339999999998 0.87803192 0.01837206625 0.8484611087499999 0.02818104125 0.8259696375 0.04320842875 0.77950772625 0.06157323875 0.6347449875 0.10460973624999999 0.60459191 0.11996391875000001 0.58375832125 0.1379478925 0.5753355375 0.15255327625 0.57538107125 0.17320820874999998 0.611722165 0.29809245 0.64286194 0.31083226875000003 0.67059596 0.3068000875 0.95133975375 0.22234819875 0.94439271375 0.15729043625 0.90464801625 0.07653626875 0.8866346900000001 0.025484339999999998
12 0.46741800125 0.63903138625 0.15445881625 0.70224166125 0.148679535 0.717446595 0.14930733625 0.73255632 0.16584276875 0.8023693212499999 0.17368651375 0.8846622575 0.18462050000000002 0.930495775 0.192819915 0.9344198775 0.20536517375 0.9321040100000001 0.7018874012499999 0.8078192224999999 0.7022007637500001 0.8001485675000001 0.646237225 0.733263855 0.57230697 0.6664331824999999 0.54143609875 0.65581881125 0.51522443375 0.63129381875 0.46741800125 0.63903138625
12 0.1783489475 0.962104745 0.18203643 0.99125105625 0.52014859375 0.9762238487499999 0.79634003625 0.92523865375 0.76708043625 0.8664748975000001 0.7328038087500001 0.83908852625 0.71385039375 0.811048565 0.6956147737499999 0.80897715625 0.20648524625 0.93080969875 0.1860994725 0.94218574125 0.1783489475 0.962104745
12 0.5217519775 0.23639785124999999 0.36471288625 0.28387566375 0.2651130775 0.31857504124999997 0.14951779375 0.34861439125 0.0944086525 0.36966303000000006 0.08683704 0.380848655 0.07890760625 0.40950103875000005 0.07147259625 0.48265146125 0.07622287124999999 0.5100507037500001 0.09530966125000001 0.50870235125 0.26265386500000004 0.461497295 0.56687475125 0.35966098625 0.5691593575 0.34727626 0.538016355 0.24318333 0.53304271 0.23431357125000002 0.5217519775 0.23639785124999999
12 0.50454321 0.13082019125 0.48429081250000006 0.11280792125 0.4694154125 0.10685358 0.45422665125 0.10856989625 0.3567325375 0.13961792875 0.128051025 0.19923345375 0.08020013375 0.216767125 0.072897425 0.23007819875 0.0743774725 0.27221920125 0.0881804825 0.36102485875 0.09373639375 0.36434941000000004 0.111299755 0.36110719750000003 0.14673983875 0.346952115 0.23890248875 0.32450108499999997 0.52426103 0.23593467875000002 0.5286068724999999 0.22969471 0.52699345 0.21694202 0.50777005625 0.15632557375 0.50454321 0.13082019125
12 0.41726313750000005 0.12083111625000001 0.46247052375000003 0.1026978925 0.45902031 0.09572199749999999 0.3897058775 0.05522784125 0.36111961125 0.032228745 0.34198728625 0.01292216375 0.34118057625 0.00654581875 0.34691539749999994 0.00113698875 0.3004979425 0.00970569375 0.28804267875 0.022880388749999998 0.26474449624999996 0.03153143 0.11787606249999999 0.07821927375 0.05931670625 0.09229201749999999 0.057705435 0.14044140125000001 0.06962612 0.2143689225 0.078676705 0.21487326375 0.10434948625000001 0.20469632375 0.32940187375 0.14683828375 0.41726313750000005 0.12083111625000001
12 0.36901698000000005 0 0.35130677499999996 0.01555195375 0.35516034500000004 0.025716023749999997 0.41497638000000003 0.0723137675 0.49526818125 0.11839429750000001 0.50844124 0.13118815749999999 0.53317393375 0.14402318375 0.5489005025 0.14655776625 0.5712130625 0.14026375875 0.66247793125 0.0701265175 0.68752291125 0.0448398525 0.74160089625 0.0054933149999999995 0.748004215 0 0.36901698000000005 0
12 0.3576400025 0.46136347375 0.35141183249999997 0.45272530125000005 0.23962458625 0.4722737875 0.15973829125 0.49028350375 0.14172711500000001 0.5001336475 0.147914055 0.609921035 0.147332865 0.64591727875 0.1403890525 0.67221262875 0.14227137875 0.6870907675 0.1515464075 0.6995166625 0.42673536875 0.64219126125 0.49842224875 0.62025744375 0.39514455125 0.5447062625 0.36879843375 0.51911854375 0.37220311375000004 0.5054395075 0.35212962625000005 0.4786938575 0.35078510625 0.46806661499999996 0.3576400025 0.46136347375
12 0.6351140212499999 0.7214510212499999 0.69677903625 0.7902739825 0.74158602625 0.8526929400000001 0.76986977375 0.87330090625 0.8056581799999999 0.8898046475 0.8395978712500001 0.89169592875 0.9032187125 0.8364496975 0.9882759325000001 0.74693009 0.9912624725000001 0.5453386299999999 0.9342905412499999 0.51124772 0.872458805 0.47916015 0.84092625125 0.44555761375 0.82356403 0.43516839500000004 0.71721123875 0.507818995 0.54303733125 0.6405694925000001 0.58084251375 0.6730140950000001 0.6351140212499999 0.7214510212499999
12 0.368462305 0.5164617337499999 0.44289621625000003 0.57205210375 0.51889828625 0.62735299 0.5521670625 0.6619944475 0.55927867125 0.62941474375 0.61869923625 0.5790221775 0.6801921525 0.532325345 0.75389419625 0.48065583500000003 0.823059835 0.43118317875 0.7963442437499999 0.41028572875 0.6806327037500001 0.3201729125 0.60395972 0.29762220125 0.56968524375 0.331137905 0.56520575625 0.35915342625 0.47906959875 0.38864854125000003 0.36067574625 0.4676002225 0.34129809125 0.47933393625 0.370086035 0.5039271200000001 0.368462305 0.5164617337499999
