13 0 0.41854304625 0.22404371625 0.6132450325 0.35883424374999995 0.7178807949999999 0.40619307875 0.80794702 0.42440801499999997 0.82251655625 0.42987249499999997 0.81589404 0.41712203999999997 0.78145695375 0.3715847 0.7086092712500001 0.2622950825 0.61854304625 0.2477231325 0.6 0.15118397125 0.525827815 0 0.39072847625 0 0.41854304625
13 0.48269581 0.8847682125 0.50091074625 0.8860927150000001 0.50091074625 0.86754966875 0.47723132999999995 0.81986755 0.45173041875000003 0.81192053 0.4335154825 0.694039735 0.37522768624999997 0.5178807950000001 0.32240437125 0.4132450325 0.30236794125 0.38940397375 0.42258652124999996 0.733774835 0.44262295125 0.81456953625 0.47176684874999997 0.8781456950000001 0.48269581 0.8847682125
13 0.58834244125 0.4768211925 0.57741347875 0.50728476875 0.52276867 0.79205298 0.5391621125 0.81456953625 0.58287796 0.8529801324999999 0.63023679375 0.8860927150000001 0.64298725 0.8807947025 0.6393442625 0.86754966875 0.5792349725 0.81456953625 0.5464480875000001 0.7973509937500001 0.60473588375 0.4807947025 0.6193078325 0.47019867499999995 0.6721311475 0.4609271525 0.76320582875 0.43443708625 0.78324225875 0.4211920525 0.77959927125 0.4132450325 0.7650273224999999 0.41192053 0.6848816025000001 0.4331125825 0.6010928962500001 0.46357615875 0.58834244125 0.4768211925
13 0.52276867 0.8807947025 0.555555555 0.83576159 0.555555555 0.8251655625 0.5428051 0.81589404 0.50091074625 0.8768211925 0.50455373375 0.8900662250000001 0.52276867 0.8807947025
13 0.5537340625 0.79602649 0.56466302375 0.8052980137500001 0.57741347875 0.8039735100000001 0.655737705 0.68741721875 0.7978142075 0.51258278125 0.801457195 0.498013245 0.78870674 0.49271523125 0.7777777775 0.498013245 0.675774135 0.6251655625 0.5537340625 0.79602649
13 0.5537340625 0.7708609275 0.5537340625 0.79205298 0.63752276875 0.6847682125 0.8779599275 0.3311258275 0.8779599275 0.31523178749999997 0.86338797875 0.31258278125 0.7978142075 0.39867549625000004 0.58287796 0.7165562912500001 0.5537340625 0.7708609275
13 0.6794171225 0.43443708625 0.7194899812500001 0.31390728500000004 0.7213114749999999 0.30066225125 0.7085610200000001 0.29668874125 0.68306010875 0.34966887375 0.655737705 0.44370860874999996 0.6794171225 0.43443708625
13 0.57741347875 0.63973509875 0.56284153 0.71125827875 0.64298725 0.54039735125 0.66666666625 0.46622516500000005 0.6593806925 0.4609271525 0.64298725 0.4728476825 0.62477231375 0.5430463575000001 0.57741347875 0.63973509875
13 0.44808743125 0.61059602625 0.46994535499999995 0.6701986750000001 0.4808743175 0.682119205 0.4408014575 0.1509933775 0.43533697625 0.1390728475 0.42805100125 0.1390728475 0.41712203999999997 0.14437086125 0.41712203999999997 0.19602649 0.44808743125 0.61059602625
13 0.46630236750000004 0.72450331125 0.444444445 0.65827814625 0.42987249499999997 0.63443708625 0.449908925 0.81192053 0.4535519125 0.81854304625 0.47358834250000004 0.81854304625 0.46630236750000004 0.72450331125
13 0.41530054624999996 0.54834437125 0.444444445 0.60794702 0.39708561000000003 0.270198675 0.3934426225 0.26225165624999996 0.37887067375 0.26092715250000004 0.3806921675 0.325827815 0.409836065 0.478145695 0.41530054624999996 0.54834437125
13 0.35519125625000003 0.47549668875 0.42805100125 0.62251655625 0.50091074625 0.79072847625 0.5136612025 0.7933774837500001 0.52276867 0.78940397375 0.52094717625 0.7788079475 0.45537340625 0.6304635762499999 0.3879781425 0.49933774875 0.30965391625 0.25960264875 0.29690346125 0.25165562874999997 0.28597449875 0.25562913875 0.28597449875 0.26754966875 0.35519125625000003 0.47549668875
13 0.4808743175 0.682119205 0.49180327875 0.7258278149999999 0.5081967212499999 0.75629139125 0.5191256825 0.7390728475 0.5719489987499999 0.46754966875000004 0.60291439 0.3470198675 0.6010928962500001 0.333774835 0.5919854275 0.3311258275 0.56466302375 0.333774835 0.5537340625 0.34569536375 0.55191256875 0.31258278125 0.5336976325 0.30860927125 0.51183970875 0.40397351 0.49908925375 0.5867549675 0.4808743175 0.682119205
