3 0.89816034375 0.42366403625 0.89247086 0.43614968374999996 0.82446222375 0.46797 0.7620846887499999 0.48858401375 0.77461541 0.49447087375000004 0.89983750875 0.4430080925 0.91092458 0.42443351999999995 0.8961329050000001 0.411996045 0.87344917125 0.40421425499999997 0.8196058637500001 0.40609980125 0.7547338600000001 0.42528057500000005 0.69282335625 0.43565983875000003 0.6596947175 0.43237983874999997 0.6452533149999999 0.41226629875 0.55810623125 0.41470987625 0.44983582499999997 0.43127440749999996 0.37724689875 0.451272835 0.30401581 0.48534404625 0.24557639375 0.5318527325 0.2148680275 0.58773034625 0.2168370875 0.6006776825 0.2342983675 0.6107103675 0.23133686874999998 0.6195118775 0.18404290375 0.6461666475 0.12468524625 0.6566998074999999 0.09596176 0.66907972875 0.0764572225 0.70382408125 0.11921346125 0.7205131075 0.147178025 0.7247646587500001 0.221852765 0.7151548787500001 0.279066225 0.6955124137500001 0.30935012125 0.70503523875 0.6176925062499999 0.62356011375 0.67252825625 0.59992572125 0.79149290375 0.51729699625 0.78679585875 0.50803379625 0.67598842375 0.4679994 0.6642750037499999 0.44420172625 0.718118315 0.44231618125 0.8371839 0.4135737975 0.8882408475 0.41665173000000005 0.89816034375 0.42366403625
15 0.41423456125 0.7626726537499999 0.39689003874999995 0.7500812825 0.37837793875000003 0.76307678875 0.36364464249999995 0.74935997 0.35319973875000005 0.75386175875 0.345583755 0.808565755 0.36088502125 0.86593416375 0.440256805 0.865587585 0.46225581 0.83227647125 0.4282089325 0.79302094375 0.41423456125 0.7626726537499999
15 0.7231750237500001 0.2886019675 0.7339271325 0.2839677725 0.71383087625 0.2623813975 0.651103935 0.2510536925 0.63167587625 0.28082212875 0.6380853575 0.30535653375 0.64678634 0.31267269625 0.6589027625 0.31113925 0.6514194249999999 0.343137015 0.65223428875 0.35827864750000005 0.710053425 0.34516247499999997 0.7406614075 0.36738254374999996 0.76588081625 0.37569450625 0.73217577 0.32234809124999997 0.7231750237500001 0.2886019675
15 0.23044818374999998 0.5267902999999999 0.162376315 0.46759897625 0.093514615 0.425716425 0.03130278 0.40310039000000003 0.029070649999999996 0.45201648 0.08292490624999999 0.45979080000000006 0.10193157250000001 0.47225598625000004 0.108547095 0.49227506 0.14284523625 0.49962507625 0.17407134500000002 0.50829915125 0.18700263125 0.5219073375 0.2108577275 0.52711855125 0.22525634749999998 0.5415698225 0.24532757 0.530705795 0.23044818374999998 0.5267902999999999
15 0.398283725 0.9406327612500001 0.34920922125 0.9271095812500001 0.362355855 0.9029994775 0.315254485 0.9122340112499999 0.3233967175 0.964794015 0.42544193125 0.9724549924999999 0.3873942575 0.9482771775000001 0.398283725 0.9406327612500001
15 0.6795369425 0.848921855 0.6801114250000001 0.869331375 0.693754555 0.90033886 0.70716660625 0.90341127 0.7117746524999999 0.9014251887499999 0.7247839275 0.88032530625 0.73804288875 0.82075457875 0.73582936875 0.8032647525000001 0.70907394375 0.795614815 0.677598145 0.8254115875 0.6795369425 0.848921855
15 0.7889345575 0.9264516075 0.72200235 0.94128228125 0.72121251875 0.9585910525 0.7223364474999999 0.9669596875 0.72978167625 0.97019900375 0.7829989399999999 0.9678337925 0.76786746375 0.9591397362499999 0.83421588375 0.9571025025000001 0.89182897875 0.94850166125 0.96145547125 0.94062504 0.9444999275000001 0.9162094974999999 0.8914948787500001 0.922824255 0.8660694275 0.9190276237499999 0.7889345575 0.9264516075
15 0.13378577875 0.797155985 0.11536289875 0.77189735875 0.14342326125 0.750950195 0.09984034624999999 0.749077455 0.04713505625 0.7821221749999999 0.046404535 0.78307652375 0.056308267499999995 0.9502020225 0.0785550225 0.9515431525 0.07268568625 0.9481708225 0.08890435125 0.9227366625000001 0.07942283875 0.8995263124999999 0.06075957875 0.879535575 0.100489935 0.8668381825 0.1255812875 0.8449574099999999 0.13378577875 0.797155985
15 0.564282835 0.96573241375 0.5339402725 0.9706948612499999 0.556810965 0.97788659125 0.6939346412499999 0.971792205 0.6773205400000001 0.96349130875 0.6477334662500001 0.9518975412499999 0.581247685 0.9569449962500001 0.59115058625 0.937921725 0.56835074 0.942584255 0.5694746700000001 0.9509528899999999 0.55554750875 0.95916880625 0.564282835 0.96573241375
15 1 0.9455987625 0.9765409012499999 0.9400252025 0.9426455425 0.95684748125 0.9124746825 0.9580471525 0.90822074 0.96226837875 0.98203429375 0.95898777625 1 0.9502013837500001 1 0.9455987625
15 0.30722457999999997 0.8242133837500001 0.3258284675 0.81250627375 0.27901112625 0.782517405 0.20621888375 0.7607727912500001 0.23836288125 0.7823308312499999 0.26163419125 0.80033548625 0.28497417875 0.81683503 0.30712155750000003 0.82647104875 0.30722457999999997 0.8242133837500001
15 0.26626438875 0.9628590825000001 0.29159612625000003 0.9357104225 0.30382487375 0.8987163524999999 0.258234485 0.87483845375 0.24399825875 0.8898273675 0.252596225 0.8994011974999999 0.24259030125 0.9206821325 0.2179453725 0.9327796875 0.21893194000000002 0.944158545 0.22121414125000002 0.9601432599999999 0.26626438875 0.9628590825000001
15 0.72159026375 0.95031294375 0.7130266387499999 0.93998656125 0.77077709625 0.9283754987499999 0.8329295562500001 0.919293685 0.7760032699999999 0.9128434225 0.6557662537500001 0.90785889 0.68097636 0.9493738125 0.72159026375 0.95031294375
15 1 0.34136191625 0.9796774112500001 0.3433055625 0.94591941125 0.35711761875000003 0.9243121737500001 0.36864367375 0.9001387087499999 0.40340841375 0.9223454624999999 0.44474228250000003 0.9467156662499999 0.4386651675 0.9855188312500001 0.44628676874999995 1 0.44280201249999995 1 0.34136191625
15 1 0.267564435 0.9996985612500001 0.26754073 0.98656123 0.25844787375 0.9814037375 0.27247484125 0.9725653912500001 0.26816890125 0.9574112812500001 0.2702738475 0.9397002449999999 0.26241452 0.88035439625 0.24298976125 0.8601551175000001 0.2236610525 0.83339969375 0.21601111625000002 0.80486787 0.21429109375 0.790194525 0.20586026875000002 0.7599549849999999 0.20856504874999998 0.75060153125 0.2155474375 0.7381073625000001 0.22535899125 0.7510729912499999 0.2382146225 0.783663415 0.249989445 0.8065913175 0.2755196525 0.8555971425 0.2905479425 0.88017339 0.27995549625 0.91224870375 0.3030186475 0.93945055375 0.300885365 0.959453095 0.29152644875 0.9651507312500001 0.29866155625 1 0.29866666625 1 0.267564435
15 0.22949595625 0.5146588875 0.2535227525 0.51610732625 0.27035024375 0.5103301325 0.284552125 0.496093775 0.30482939 0.480714415 0.24015434625 0.47907940125000004 0.19415187125 0.46423216625 0.17401197125 0.47660130375000004 0.19994322374999998 0.502312565 0.21304621125 0.51215797625 0.22949595625 0.5146588875
15 0.30939667125 0.38062456625 0.3224996625 0.3904699775 0.35123752625000004 0.38767466749999996 0.38127102625 0.38948521625 0.41727688375 0.39241042875 0.46819646875 0.3984985825 0.502872355 0.39757049250000004 0.49901979875 0.38300036374999996 0.49813625375000004 0.36936383999999994 0.43841265874999996 0.35821719 0.4343884025 0.3474098325 0.39684653 0.3451466475 0.35592356 0.35098051374999995 0.29684313 0.35873827249999996 0.2349310525 0.3625522 0.21069821375 0.36561909375 0.195784485 0.36245615125 0.16687491625 0.36901423875 0.1599066825 0.389723675 0.21116967375 0.38828627625 0.24001056250000002 0.3832333025 0.29260352375 0.3856492075 0.30939667125 0.38062456625
15 0.1846668175 0.2101062175 0.23418775125 0.21384618 0.29998672375 0.2238498275 0.3473971575 0.20784229875000002 0.41371124000000004 0.20655762 0.45968868 0.18895445 0.46272636749999996 0.18838295 0.467334415 0.18639686749999998 0.39672135124999997 0.18289463125000002 0.36214849 0.181565055 0.32736958250000003 0.18475081124999998 0.27474228 0.18308746125 0.2403411175 0.17799510875 0.18082356875 0.16233312625 0.14921971375 0.16193716125000002 0.11000446125 0.16334622375 0.07054882875 0.17002317375 0.04645334875 0.17007984375 0.042969232499999996 0.18043456375000003 0.10095076750000001 0.19675857125000001 0.1846668175 0.2101062175
15 0.53949409125 0 0.5374880725 0.00197253875 0.533832255 0.01609003375 0.5223589975 0.03652788875 0.523379905 0.04715419 0.5000649512500001 0.06310504875 0.48978430500000003 0.09040642874999999 0.48823898374999997 0.124271415 0.48351861 0.16171812124999999 0.48217933125 0.19106777625 0.518700295 0.18270466124999998 0.55540226875 0.1373758125 0.5443504025 0.11558004625000001 0.56585461875 0.10631165625 0.5819359225 0.08388771874999999 0.63928359875 0.04810436125 0.67188332625 0.02667622625 0.6606940975000001 0.00789068 0.65302514125 0 0.53949409125 0
15 0.52014613875 0.38201293999999997 0.49764605 0.41310543250000004 0.522016255 0.40702832 0.55525914375 0.40450459125000005 0.5824609975 0.4023713075 0.61464864 0.389973835 0.6367366412500001 0.3679120075 0.6465021824999999 0.35189895625 0.65183137875 0.33410921250000003 0.63831630375 0.33329446375000005 0.63634316625 0.3105367525 0.62047721125 0.29524240125 0.58272929625 0.29749454750000004 0.53067647625 0.316240715 0.54521245875 0.32768176375 0.5320221775 0.38574738000000003 0.52014613875 0.38201293999999997
15 0.15873831624999998 0.05233853625 0.1421855525 0.052095289999999995 0.12378770624999999 0.0592870675 0.09347948375 0.0634969625 0.04661849625 0.06746360875 0.045176197499999994 0.09907092875 0.1043596475 0.08905550500000001 0.1532374175 0.0738910575 0.182250005 0.06507530375 0.2263136875 0.0564122725 0.265057475 0.032336025 0.24140842375 0.02260947625 0.19905245875 0.026847706250000002 0.189527305 0.03759287 0.16679613750000002 0.040750289999999995 0.15873831624999998 0.05233853625
15 0.50187569 0.05642257875 0.50983048875 0.04709199875 0.50983220625 0.047054371250000004 0.45133384875 0.0420563175 0.392699845 0.0400308575 0.3303070025 0.05438055875 0.28644006 0.0917312175 0.26680595875 0.126014985 0.28386452500000003 0.14817286 0.2919473825 0.16903501875 0.326048785 0.14769740750000002 0.34049105124999995 0.12819316375 0.33046009374999996 0.11702369875 0.3712457 0.11420005250000001 0.39865359375 0.10755144 0.42613016875 0.09939771374999999 0.44627007125 0.08702857874999999 0.4305071375 0.06947655875 0.46811769124999997 0.07023463625 0.47928188374999997 0.05656977875 0.50187569 0.05642257875
15 0.30689915125 0 0.32625770875 0.011122798750000001 0.3141069475 0.0134088 0.28260611625 0.010755168749999999 0.24646289625 0.01084017625 0.2517827875 0.02625339125 0.2621228075 0.03064985875 0.21856493 0.06122752 0.18817872000000002 0.10014548250000001 0.161036245 0.13397661375 0.22718792875 0.10325175125 0.21581769375 0.1214319425 0.26690898125 0.12375731875 0.28954643125 0.08965460625 0.3288053275 0.054290029999999996 0.38812613874999996 0.041264385 0.44703486750000004 0.0372694025 0.46410273875 0.02622432125 0.45082804875 0.02014168875 0.46635990125 0.0097586325 0.433391735 0.00626191875 0.47298845 0 0.30689915125 0
15 1 0.12896289875 0.9926050075 0.12600131 0.99438140875 0.12007139625 0.96445093125 0.11600318124999999 0.99032280875 0.11001659500000001 0.9743194912500001 0.09773246625000001 0.94547860375 0.10278544125 0.9352759437500001 0.09537875250000001 0.90834881625 0.09149159125 0.8731578375 0.10370770875 0.8358906875 0.09542408125 0.8218261674999999 0.10665021749999999 0.82032447625 0.10655999124999999 0.77530857125 0.10309161375 0.74619295875 0.11416503 0.7542758162500001 0.1350271875 0.7764918749999999 0.14315809625 0.78888302125 0.13560420750000002 0.8171401199999999 0.14334467 0.79399686875 0.155532755 0.77979498375 0.16976911125000002 0.79313835625 0.17434663625 0.75524377375 0.21281196125000001 0.7675662375000001 0.2067631825 0.79637278375 0.2024627625 0.79906706875 0.2094168125 0.84537860875 0.21749105125 0.8635704099999999 0.21481460375 0.87278650375 0.21084243874999997 0.8965729175 0.2175587625 0.8984523400000001 0.20937118375 0.9121734562499999 0.20567059875000002 0.95373958875 0.21874114 0.9692714425 0.2083580875 0.99493727875 0.2068868325 0.97948340875 0.1825618175 0.99808729625 0.17085470874999997 0.989661035 0.157518105 1 0.15411236125 1 0.12896289875
15 0.62040497375 0.06583221375 0.62903728 0.07465348625 0.619786845 0.07937820999999999 0.62538145875 0.08877098 0.634013765 0.09759225375 0.63213434625 0.105779835 0.6472197762499999 0.1051799975 0.6362616249999999 0.11432952375 0.65895845 0.11192466 0.65404134 0.12068374 0.6781024800000001 0.121379625 0.69165189375 0.12144181625 0.7024040037499999 0.11680762125 0.7323001375 0.12162839125 0.75537471 0.11094542 0.77974491625 0.104868305 0.800871385 0.103878025 0.79950707125 0.100777275 0.8055481125 0.10038683125 0.81483288375 0.09490955250000001 0.81664362375 0.08822708374999999 0.82442672125 0.08265927749999999 0.81418972125 0.07600514375 0.81009678125 0.0667029 0.7775063612499999 0.0549280775 0.7550842575 0.0513125 0.73122916125 0.046101283750000006 0.72232213375 0.04330045375 0.66990087 0.037121771250000005 0.669523125 0.045399880000000004 0.65133132375 0.04807632625 0.6570976425 0.0537063225 0.634297795 0.05836885375 0.64443177375 0.06728065375 0.62040497375 0.06583221375
15 1 0.053235754999999996 0.9716345125 0.057575455 0.9402366987499999 0.05266415625 0.9445013412500001 0.0582036275 0.9204058625 0.058260298749999995 0.90504570875 0.06488057625 0.9212550675 0.07264937375 0.913265925 0.08273251 0.93544764625 0.09161597499999999 0.9379015475 0.10383791375 0.980532235 0.09357924375 0.9728521575000001 0.09688938125 1 0.08918421625 1 0.053235754999999996
15 0.73853371625 0 0.7445130274999999 0.018983818750000003 0.7694920537500001 0.03256366875 0.7224250237500001 0.041045648750000004 0.7341293575000001 0.048542865 0.78723742625 0.03967044 0.833926715 0.03946657125 0.86922072625 0.024992486249999998 0.8531143862499999 0.0149660225 0.88912024625 0.017891235000000002 0.9396620862499999 0.03225749625 0.94154163625 0.0240670575 0.98676358625 0.0230201025 1 0.02122819125 1 0.00826900875 0.8817910287499999 0 0.73853371625 0
15 0.43930523625 0.33865677499999997 0.47398112249999996 0.33772868375000004 0.5113606 0.3105516875 0.4705749925 0.313375335 0.444806135 0.31710425375 0.3970272625 0.30818693375 0.3753856825 0.32046554374999997 0.3466478175 0.32326085374999997 0.29517878375 0.32921358375 0.31135380375 0.3377349375 0.33657321250000005 0.3460469025 0.35476501624999995 0.343370455 0.34988224500000004 0.35137698125 0.38930353625 0.34545258500000003 0.41797272375 0.34416238499999996 0.43930523625 0.33865677499999997
15 0.6492463937499999 0.42375697625000003 0.66586783875 0.42249511125 0.6562489675000001 0.4022949825 0.670004425 0.39784184250000004 0.6449567174999999 0.38576710249999996 0.6840346037499999 0.38736826125 0.69355976125 0.37662309625 0.67728172 0.37035940875 0.7215514425 0.35718104375000004 0.70094007875 0.3468829975 0.65516868125 0.35997083375000005 0.64148190625 0.36291886375 0.6238989275 0.38525227375 0.5931099387500001 0.39999794 0.5642690499999999 0.405050915 0.566860315 0.41426263375 0.6451877937499999 0.413702175 0.6492463937499999 0.42375697625000003
15 0.6868283700000001 0.16114904875 0.7410947087499999 0.15989270625 0.76863996625 0.15023387 0.78236108125 0.14653328625 0.7497363199999999 0.13551101875000002 0.7475228 0.11802119375 0.73069531125 0.12379838875 0.69922882 0.12039220125 0.6734943025 0.12336856750000001 0.649570525 0.11966246124999999 0.6316191087499999 0.11707102375 0.60355874375 0.138018185 0.58383093 0.14135666 0.5572379012500001 0.16314690625 0.56637600625 0.19388280875 0.60446732625 0.18410511124999998 0.65757539625 0.17523268875 0.6868283700000001 0.16114904875
15 0.47504855874999996 0.1823401925 0.4858786525 0.14299792875 0.39652434124999997 0.15421302625 0.35662228 0.17067319250000001 0.42979226875000004 0.18413970124999998 0.47504855874999996 0.1823401925
15 0.47638829250000003 0.13213907375 0.47878236375 0.13351462875 0.47881670374999996 0.13276207375000001 0.48038705875 0.13134749125 0.48042139874999995 0.130594935 0.48646244000000005 0.13020449 0.47745239125 0.129661325 0.498116705 0.0728009 0.50941825875 0.0561258225 0.47624405125 0.05714443875 0.47245086875 0.074272155 0.48503875125 0.09540589375 0.4595446175 0.09311437125 0.4440471025 0.10274487 0.48309065250000005 0.105098585 0.407320095 0.1156233175 0.42256792249999997 0.14446366375 0.47638829250000003 0.13213907375
15 0.06851670375 0.47854851 0.02873751 0.4849454775 0.029928345 0.5050408212499999 0.06113638625 0.50828861125 0.086973925 0.50305458125 0.10185331125 0.50697007625 0.11700742375 0.50486513 0.1158491525 0.49724904875 0.10550912875 0.49285258 0.10169091375 0.47752989375 0.06851670375 0.47854851
15 0.86468556625 0.619363935 0.9142158025 0.58990093625 0.943949545 0.565281525 0.88333309875 0.5737013125 0.8156797400000001 0.604335645 0.8090549137499999 0.61751953125 0.8298723187500001 0.623302245 0.8585758475 0.62125949125 0.86468556625 0.619363935
15 0.21534032625 0.36288647374999994 0.23947014374999998 0.36207724625 0.2308035 0.35400853 0.25466790125 0.32601678624999997 0.27521989 0.30461698625 0.2343312625 0.30969829875 0.19524406625000001 0.3413000975 0.17315606375 0.36336192500000003 0.20185959125 0.3613191725 0.21534032625 0.36288647374999994
15 0.65937172875 0.8288466099999999 0.6703642212500001 0.81894453 0.61862976875 0.79771474125 0.5913592375000001 0.8013531349999999 0.57070422625 0.8250106024999999 0.57329549125 0.83422232 0.56401071875 0.83969959625 0.56933087625 0.8551069425 0.5996388300000001 0.85090291875 0.60306357125 0.80885035125 0.61616656125 0.81869576125 0.63332814625 0.8385959737500001 0.65937172875 0.8288466099999999
15 0.224329155 0.56188881375 0.23419771874999998 0.5436180975 0.21382673749999997 0.52805216375 0.18242892624999998 0.52314086625 0.17847334875 0.5108284 0.15147753875 0.5084463499999999 0.11421039000000001 0.5001627225 0.06655957124999999 0.52143813875 0.0310457375 0.5238968125 0.03250526 0.5485262725 0.03781240125 0.5574364075 0.076615565 0.5650580075 0.12258369999999999 0.58065779625 0.13941119125 0.5748806025 0.16053766 0.57389032125 0.1443283 0.5661215225 0.20852257625 0.57829230875 0.224329155 0.56188881375
15 0.7336652574999999 0.48770085625 0.75940908 0.4515215325 0.76811937125 0.42563473625 0.7072282025 0.44007496500000004 0.65756991 0.43934522375 0.65841911375 0.45373430124999997 0.6758554250000001 0.46761406875 0.7053738174999999 0.4807129475 0.7336652574999999 0.48770085625
15 0.3354652875 0.40332560624999997 0.28437399750000003 0.40100023125 0.326583295 0.43297517999999996 0.35121891625 0.45408058375000004 0.3983546275 0.44409349625 0.42900625499999995 0.43235804875 0.385801085 0.4222072 0.39351550500000004 0.4181445075 0.36996947124999996 0.40616029625000005 0.3354652875 0.40332560624999997
15 0.83691238875 0.4690224 0.8123018012500001 0.48036739875 0.7741074612500001 0.49240276250000004 0.767723015 0.50031876125 0.795980115 0.50805922375 0.799017805 0.5074877250000001 0.85014343375 0.5090605462500001 0.84686536 0.514899935 0.89198428875 0.51611064625 0.91184946875 0.50976195125 0.925433225 0.50907158875 0.928883 0.49946942499999997 0.96642487375 0.50173261125 0.98014598875 0.498032025 0.95390567125 0.47909376125 0.9242842575 0.46825254875 0.9140472574999999 0.46159841375 0.8794057125000001 0.46177394875 0.8675640162499999 0.45728695375 0.8579701787499999 0.4695372275 0.8696745124999999 0.47703444375 0.83691238875 0.4690224
15 0.13506856 0.60404920125 0.15117489875 0.6140756675 0.146051745 0.62735008 0.17236074625 0.64478323375 0.19383061999999998 0.6362673987499999 0.21082981125 0.6267274275 0.2308323525 0.61736851125 0.21469167375 0.60809460125 0.19520423999999997 0.60616519 0.19097393875000002 0.599873165 0.16083741875000002 0.6003202825 0.18384330875 0.5911424212499999 0.20206945125 0.5877134175 0.20241285625 0.580187865 0.15261719875000002 0.58246834625 0.08343713125 0.58056175 0.09923440624999999 0.5973612125 0.13301744 0.61599956 0.13506856 0.60404920125
15 1 0.17902065374999998 0.980641825 0.19017473625 1 0.19296925375 1 0.17902065374999998
15 1 0.68182689125 0.98112037125 0.6746731174999999 0.9176035987500001 0.68065418375 0.8497441975 0.71580385 0.85820479875 0.72838789875 0.90059510125 0.723397115 0.94653820125 0.7065465000000001 1 0.69250573375 1 0.68182689125
15 0.03493356375 0.3565324925 0.040905922500000004 0.35764715625 0.06442692124999999 0.33718096625 0.036492714999999995 0.309907145 0.03493356375 0.3565324925
15 0.06242875 0.28197285 0.07117337875 0.25533349875 0.10441627375 0.2528097725 0.1266666725 0.26018812375 0.11527140250000001 0.24591791000000002 0.1115562075 0.2283375575 0.07408301625 0.22456926124999999 0.039063725 0.23302290374999998 0.036554355 0.30806393625 0.06242875 0.28197285
15 0.56585607125 0.8322585512499999 0.53179831375 0.8196406475000001 0.46688288875 0.8232735187500001 0.48571785375 0.83950148 0.50779655125 0.85064261 0.56584676875 0.8654615099999999 0.57912145625 0.87154414375 0.6103819075 0.87946566125 0.6393601575000001 0.8714024650000001 0.60540542125 0.8565268949999999 0.5648601974999999 0.8540826525 0.5534649275 0.83981243875 0.56585607125 0.8322585512499999
