10 0.3203125 0.22591145875 0.3212890625 0.23046875 0.322265625 0.22591145875 0.3203125 0.22591145875
13 0.1904296875 0.4609375 0.203125 0.47005208375 0.6337890625 0.21875 0.619140625 0.1875 0.1806640625 0.4375 0.1904296875 0.4609375
13 0.5966796875 0.2421875 0.51171875 0.6080729162499999 0.546875 0.6080729162499999 0.62890625 0.22786458375 0.5966796875 0.2421875
13 0.87890625 0.32161458375 0.6025390625 0.86067708375 0.6044921875 0.88151041625 0.58984375 0.90755208375 0.5771484375 0.92057291625 0.5634765625 0.92838541625 0.5927734375 0.96223958375 0.916015625 0.3359375 0.87890625 0.32161458375
13 0.640625 0.23828125 0.86328125 0.515625 0.888671875 0.49088541625 0.5810546875 0.12109375 0.572265625 0.13541666624999998 0.5654296875 0.1328125 0.6259765625 0.20052083375 0.640625 0.23828125
13 0.2412109375 0.80207447875 0.212890625 0.77863697875 0.1728515625 0.7265536462500001 0.1650390625 0.73566822875 0.2490234375 0.8671786462500001 0.3408203125 0.99738697875 0.400390625 0.9960848962500001 0.2890625 0.8476473962500001 0.26171875 0.82941822875 0.2421875 0.8150953125 0.2412109375 0.80207447875
3 0.314453125 0.83723072875 0.341796875 0.85285572875 0.35546875 0.8932203125 0.3740234375 0.91535572875 0.3818359375 0.9088453125 0.416015625 0.8971265625 0.455078125 0.89582447875 0.4873046875 0.90363697875 0.5400390625 0.9244703125 0.57421875 0.9166578125 0.5927734375 0.9049390625 0.6025390625 0.8828036462500001 0.6083984375 0.8437411462500001 0.689453125 0.6835848962500001 0.7333984375 0.6041578125 0.7275390625 0.57811614625 0.673828125 0.59764739625 0.580078125 0.6080640625 0.4873046875 0.61717864625 0.3818359375 0.6549390625 0.3017578125 0.6900953125 0.2626953125 0.72785572875 0.2744140625 0.7682203125 0.2958984375 0.7968661462500001 0.314453125 0.83723072875
3 0.1669921875 0.38283229124999996 0.189453125 0.39585312500000003 0.1904296875 0.41017604124999996 0.2001953125 0.41929062500000003 0.2236328125 0.40887395875000004 0.2607421875 0.38804062500000003 0.28125 0.29429062500000003 0.294921875 0.220071875 0.322265625 0.21356145875 0.3662109375 0.23309270875 0.4052734375 0.24220729124999998 0.4501953125 0.239603125 0.48828125 0.24090520875 0.4599609375 0.122415625 0.4384765625 0.05470729125 0.3759765625 0.06903020875 0.283203125 0.1275953125 0.244140625 0.16405364625000002 0.1875 0.24868906249999997 0.1435546875 0.3424390625 0.138671875 0.35288437500000003 0.1513671875 0.36850937500000003 0.1669921875 0.38283229124999996
3 0.2783203125 0.7109572912500001 0.3359375 0.6758010412500001 0.4111328125 0.645853125 0.447265625 0.62892604125 0.40625 0.58856145875 0.3193359375 0.505228125 0.2490234375 0.44272812500000003 0.197265625 0.47397812500000003 0.18359375 0.44793645875000004 0.1513671875 0.48830104124999996 0.12109375 0.540384375 0.1083984375 0.579446875 0.078125 0.64715520875 0.12109375 0.673196875 0.140625 0.696634375 0.1875 0.74481145875 0.220703125 0.7929885412500001 0.2646484375 0.8086135412500001 0.306640625 0.83465520875 0.296875 0.8086135412500001 0.259765625 0.727884375 0.2783203125 0.7109572912500001
3 0.7060546875 0.58465520875 0.736328125 0.57033229125 0.7392578125 0.59767604125 0.806640625 0.46746770875000004 0.7880859375 0.45705104124999996 0.7841796875 0.44272812500000003 0.7607421875 0.42319687500000003 0.7646484375 0.39064479124999996 0.734375 0.35939479124999996 0.6689453125 0.28647812500000003 0.6015625 0.40236354124999996 0.5810546875 0.48179062500000003 0.5654296875 0.60028020875 0.62109375 0.60028020875 0.6591796875 0.598978125 0.7060546875 0.58465520875
3 0.4345703125 0.58856145875 0.482421875 0.61590520875 0.505859375 0.606790625 0.5205078125 0.56512395875 0.5751953125 0.34246770875000004 0.5966796875 0.24220729124999998 0.474609375 0.31251979124999996 0.373046875 0.37371770875000004 0.322265625 0.49871770875000004 0.3671875 0.548196875 0.3935546875 0.571634375 0.4345703125 0.58856145875
