0 0.33212560375 1 0.34178744 0.97809076625 0.3478260875 0.89514867 0.306763285 0.52582159625 0.29951690875000003 0.33959311375 0.2910628025 0.31924882625 0.2886473425 0.2942097025 0.26690821249999996 0.26604068875 0.2222222225 0.24256651 0.1763285025 0.23787167499999998 0.06642512125 0.25352112625 0 0.28482003125 0 0.59780907625 0.14371980625 1 0.33212560375 1
0 0.13768116 0.18779342750000003 0.13647343 0.21283255125 0.1316425125 0.21439749625 0.125603865 0.23943662 0.1871980675 0.241001565 0.25120773 0.2550860725 0.2777777775 0.276995305 0.2886473425 0.2973395925 0.29347826125 0.32394366249999995 0.3007246375 0.29264475749999996 0.31884058 0.26917057875 0.3574879225 0.244131455 0.39492753625 0.23004694874999998 0.39009661875 0.21126760625 0.39009661875 0.17683881125 0.37681159375 0.1580594675 0.33333333375 0.139280125 0.262077295 0.13458529 0.18599033875 0.1517996875 0.1521739125 0.17057903 0.13768116 0.18779342750000003
0 0.03019323625 0.12676056375 0.03743961375 0.17527386499999997 0.0628019325 0.208137715 0.06038647375 0.23943662 0.06521739124999999 0.25352112625 0.1545893725 0.23943662 0.13768116 0.20344288 0.13768116 0.18935837249999998 0.147342995 0.17527386499999997 0.17391304375 0.1580594675 0.25362318875 0.13458529 0.25120773 0.10328638500000001 0.23671497625000001 0.09076682375 0.20048309125 0.07981220625 0.147342995 0.07824726124999999 0.07608695625 0.09389671375000001 0.043478261250000004 0.11111111125 0.03019323625 0.12676056375
0 0.13768116 0.18779342750000003 0.1352657 0.21126760625 0.12318840625 0.23161189375 0.124396135 0.241001565 0.20289855125 0.24256651 0.25724637625 0.2582159625 0.28381642500000004 0.28794992125 0.2910628025 0.3255086075 0.29468599 0.3255086075 0.29951690875000003 0.2957746475 0.31884058 0.26917057875 0.36231884000000003 0.241001565 0.39371980624999997 0.23317683875 0.39009661875 0.17840375625 0.37801932375 0.15962441375 0.33212560375 0.139280125 0.26932367125 0.13458529 0.20893719749999998 0.14553990625000002 0.1533816425 0.16901408499999998 0.13768116 0.18779342750000003
0 0.51932367125 1 0.53623188375 0.9812206575000001 0.54710144875 0.9593114237499999 0.56038647375 0.8841940537499999 0.6111111112500001 0.31768388125 0.5978260875 0.28169014125 0.5628019325 0.25195618124999997 0.5 0.23004694874999998 0.44685990375 0.22691705750000002 0.41062801875 0.22848200375000002 0.3647343 0.23943662 0.31642512125 0.27230047 0.3007246375 0.2942097025 0.29589372 0.31611893625 0.3019323675 0.35211267625 0.3019323675 0.3928012525 0.32004830875 0.49295774625 0.3574879225 0.893583725 0.37077294625 0.96087636875 0.39975845374999996 1 0.51932367125 1
0 0.36594202875 0.12519561875000002 0.36352657 0.14710485125 0.38647343 0.172143975 0.40821256 0.23004694874999998 0.4842995175 0.23004694874999998 0.54227053125 0.241001565 0.54347826125 0.19561815375 0.58212560375 0.16588419375000002 0.5833333337500001 0.15023474125 0.57729468625 0.13302034375 0.57004830875 0.1220657275 0.54468599 0.10798122125000001 0.4951690825 0.09546165875 0.46135265750000004 0.09389671375000001 0.40821256 0.09859154875 0.3816425125 0.10954616625 0.36594202875 0.12519561875000002
0 0.28140096625 0.07824726124999999 0.28743961375 0.13145539875 0.3647343 0.14710485125 0.3695652175 0.1236306725 0.38285024125 0.11267605625 0.46135265750000004 0.09076682375 0.46256038625 0.06885759 0.44323671500000006 0.051643192500000004 0.4045893725 0.04381846624999999 0.35628019375000003 0.04381846624999999 0.31521739125 0.0485133025 0.28381642500000004 0.0657277 0.28140096625 0.07824726124999999
0 0.49154589375 0.08137715125 0.50724637625 0.09702660375000001 0.5712560387500001 0.1220657275 0.580917875 0.14553990625000002 0.58212560375 0.16588419375000002 0.6570048312500001 0.15962441375 0.65942029 0.106416275 0.66666666625 0.09389671375000001 0.6654589375000001 0.07981220625 0.65942029 0.07198748 0.62318840625 0.05633802875 0.56038647375 0.051643192500000004 0.49879227 0.06103286375 0.49154589375 0.07042253500000001 0.49154589375 0.08137715125
0 0.5398550725 0.20970265999999999 0.54227053125 0.2253521125 0.557971015 0.24882629125 0.59903381625 0.28638497625 0.6074879225 0.31298904499999997 0.5978260875 0.48826291125 0.56521739125 0.827856025 0.5676328500000001 0.85133020375 0.601449275 0.8638497649999999 0.62318840625 0.8638497649999999 0.65096618375 0.85446009375 0.66787439625 0.8419405325 0.68357487875 0.8184663537500001 0.79710144875 0.24569640125 0.79468599 0.2237871675 0.785024155 0.208137715 0.75 0.18466353625 0.6884057975000001 0.16431924875 0.61714975875 0.16118935874999998 0.56521739125 0.17370892000000002 0.54589372 0.1909233175 0.5398550725 0.20970265999999999
0 1 0.16744913875 0.920289855 0.14084507000000002 0.87198067625 0.136150235 0.83212560375 0.14241001625000002 0.8067632849999999 0.16901408499999998 0.79589372 0.20970265999999999 0.79710144875 0.241001565 0.72342995125 0.61345852875 0.7113526575 0.6948356812500001 0.7113526575 0.7261345849999999 0.72705314 0.75430359875 0.75845410625 0.7777777775 0.79830917875 0.794992175 0.82004830875 0.7965571199999999 0.8478260875 0.7887323937499999 0.85990338125 0.7793427225 0.87681159375 0.75273865375 0.9227053137500001 0.6009389675 1 0.38654147125 1 0.16744913875
0 0.671497585 0.10798122125000001 0.66304347875 0.12832550875 0.6606280187500001 0.15962441375 0.7318840575 0.17683881125 0.77294686 0.19874804375 0.7898550725 0.21439749625 0.7995169087499999 0.20031298875 0.807971015 0.15649452249999998 0.8248792275 0.14241001625000002 0.8478260875 0.13771518 0.84903381625 0.1205007825 0.8550724637499999 0.10954616625 0.852657005 0.09546165875 0.8429951687499999 0.0860719875 0.79710144875 0.067292645 0.70772946875 0.06259780875 0.6871980675 0.067292645 0.671497585 0.0829420975 0.671497585 0.10798122125000001
0 1 0.100156495 0.95289855125 0.0892018775 0.8816425125 0.08763693249999999 0.8659420287499999 0.100156495 0.8635265699999999 0.1205007825 0.8574879224999999 0.13771518 0.8876811600000001 0.13771518 0.93236715 0.14553990625000002 1 0.17057903 1 0.100156495
