6 0.32555656874999994 0 0.21095925000000001 0.12518832625 0.19805678000000002 0.148067275 0.1831246025 0.1998983875 0.18722566624999998 0.23648705125 0.2036535425 0.279359405 0.2245741275 0.30488456375 0.2601657925 0.3145358475 0.29854683000000004 0.2908455525 0.45974470125000005 0.09145973125 0.4766947725 0.062417605 0.48833901124999995 0.0123602525 0.482967905 0.000334335 0.48267566125 0 0.32555656874999994 0
6 0.1684355725 0 0.18568832000000002 0.047290593750000005 0.20324387875 0.1353199725 0.30043978374999997 0.03015556375 0.3023389425 0.01918202125 0.289366955 0 0.1684355725 0
6 0.13350278625 0.1679690275 0.09961445875000001 0.1743121275 0.06077519125 0.19477633375 0.016748087499999998 0.4521983625 0.032809516250000004 0.8858569375 0.041536220000000006 0.90605316125 0.17530911 0.9254168337500001 0.1947159775 0.6582632325 0.17648965749999998 0.46215166 0.17701185125 0.39023718125 0.16472047875 0.22873003874999998 0.15417408875 0.17771027374999998 0.13350278625 0.1679690275
6 0.3119901075 0.945201455 0.30594203375 0.57537690125 0.29184661 0.562088135 0.19295918125 0.59951700625 0.17385505625 0.92520635875 0.3119901075 0.945201455
6 0.5668224399999999 0.17894933875 0.5495696250000001 0.1494557125 0.50089148125 0.13791015375000001 0.48337756875 0.1443737675 0.47711625124999996 0.1547158875 0.46350757875 0.224736095 0.37082239875 0.5105286 0.33072621249999995 0.56996566125 0.3057996725 0.64509667125 0.30800778 0.9423753225 0.41959004 0.960776585 0.44185775624999996 0.90100853625 0.47198320875 0.76138907125 0.49197193375 0.71478927375 0.5038772712499999 0.62877468125 0.4961202525 0.54441333625 0.550370935 0.23955928624999998 0.5668224399999999 0.17894933875
6 0.8695327962499999 0.43648728124999997 0.8796577075 0.39520876375 0.86354438875 0.35913101124999997 0.7768233925 0.27458805000000003 0.72530241875 0.2536322325 0.7117708337499999 0.26292197875 0.6782505225 0.31881152125 0.6215722825000001 0.45683714999999997 0.46762104875 0.7607576475000001 0.450475155 0.8167677025000001 0.44717540375 0.8702826125 0.43002950875 0.9262926674999999 0.4283796325 0.9530501225000001 0.5233500074999999 0.90380581 0.6186884 0.90410793875 0.633294205 0.8972233749999999 0.67864276375 0.81604969875 0.7020499762500001 0.749697525 0.78339366125 0.572498125 0.8695327962499999 0.43648728124999997
6 0.48448491875 0.97017014125 0.9013108649999999 0.942381745 0.89831171 0.9333350625 0.8515980012500001 0.9018266512499999 0.84875516875 0.8924163925 0.8342146375 0.890311645 0.52847183 0.9000478162500001 0.43931766875 0.95013402875 0.40650356000000004 0.9588823125 0.48448491875 0.97017014125
6 1 0.2709034125 0.99917479125 0.27302814875 0.98967899375 0.32789586875 0.95566011625 0.35221758875 0.9170179825 0.411865125 0.89139705375 0.48239624249999996 0.8655803 0.57989529 0.839621185 0.7471141099999999 0.8395322825 0.85958572125 0.8458470625 0.8919954425000001 0.89616326875 0.928524695 0.94231313625 0.937454595 1 0.6041337787500001 1 0.2709034125
6 0.8290928137500001 0.8940696375 0.8426243975 0.8847798912499999 0.83815531875 0.79864478625 0.843929885 0.7049936925 0.87342622125 0.55178502625 0.9144244349999999 0.41823877625 0.95237217875 0.3539913475 0.977286905 0.33060148875 0.9231071075 0.3250086325 0.8640665825 0.2872165325 0.8280298125000001 0.28874926375 0.820943555 0.3124701125 0.8725832649999999 0.36718846 0.8887618575 0.39427690374999996 0.886103035 0.409639865 0.8714972299999999 0.41652442749999996 0.861817425 0.44661892625 0.81217198125 0.5181718675 0.7545500675 0.63581369125 0.73771873125 0.6986183499999999 0.71001463125 0.75534979125 0.7040025962500001 0.7814758225 0.69336730375 0.8429276675 0.7024596425 0.8937369587499999 0.8290928137500001 0.8940696375
6 0.74012318875 0 0.72617461125 0.03328890125 0.7200320275 0.0773935525 0.7491547375000001 0.17609603750000002 0.79282979125 0.22516212 0.9053439125 0.31568833625 0.96091248875 0.33048097499999995 0.9736844087500001 0.3255806475 0.991263595 0.31012772375000003 1 0.27980277125 1 0.02793143 0.80703722125 0 0.74012318875 0
6 0.6920786475 0.1183410825 0.6568668137500001 0.10649508875000001 0.6338512475 0.11891140375 0.59350577625 0.16256455375 0.55075076625 0.2373645775 0.4949807575 0.5509974625 0.50280305 0.62636949875 0.49286214625 0.6924212362500001 0.49570497875 0.70183149625 0.518156705 0.66683666875 0.63523441625 0.42956878375 0.682298125 0.31264834375 0.71872654125 0.25717975125 0.7670901274999999 0.2619307075 0.77354726875 0.22462065625000002 0.7671672162500001 0.20120024625 0.6920786475 0.1183410825
6 0.48773972875 0.1450051925 0.5227022775 0.141067275 0.50943179125 0.11439978125 0.47023763125 0.09972765374999999 0.43957196625 0.11328630499999999 0.41939923125 0.13511288125 0.28463541124999997 0.3023300075 0.24410593375 0.32120993625 0.20425903 0.39643090875 0.17789024874999998 0.419610295 0.1915051275 0.59930653 0.23937014625 0.572489665 0.27244535124999997 0.5277841424999999 0.32979435375 0.49784070625 0.37260282375000003 0.465792525 0.3953691075 0.4375922975 0.46458179875 0.22714127874999998 0.47819047249999996 0.15712107125 0.48773972875 0.1450051925
6 0.48481345500000006 0 0.48764462125 0.007760359999999999 0.55850158125 0.07200948 0.58915543125 0.11019198 0.6246818224999999 0.128832575 0.649216715 0.10763742375 0.67431545125 0.10902078625 0.74700629375 0.17128567125 0.74145117875 0.13448653124999999 0.723503975 0.10039301375000001 0.72041186 0.075198845 0.72876816 0.026915249999999998 0.74126229875 0 0.48481345500000006 0
