14 0.42793274750000004 0.38421251125 0.44322947625 0.40400494125 0.45929188875 0.41455902375000003 0.46078377125000003 0.4223107875 0.467173625 0.42247020999999996 0.47376018999999997 0.41277983749999997 0.47361354749999995 0.3813207575 0.4801817825 0.36769799999999997 0.47885770375 0.361244475 0.47626453375 0.36013458125 0.44286004 0.35945046625000004 0.428037805 0.35470079 0.398207205 0.33997081125 0.37821696375 0.33693373 0.37541933375 0.32666082875 0.380196745 0.31055459875 0.38414290375 0.3069699825 0.40362974 0.3061123475 0.495447505 0.31143920625 0.49827404625 0.3105640725 0.49914196 0.30590723125 0.48943274125 0.2876478025 0.494265145 0.28333872875 0.5956454875 0.27546593625 0.598220325 0.272643445 0.5814634525 0.19985799 0.57243601625 0.1717110975 0.5674647212499999 0.163573895 0.5561691400000001 0.15199400625 0.53858593625 0.144836195 0.5259740275 0.145815585 0.50998493625 0.15099104375 0.30960730375 0.2268699675 0.29760103 0.23632557875 0.289577575 0.2500613425 0.28865184 0.27701425625 0.29016205125 0.288698405 0.30540096125 0.33078690625 0.38300632125 0.514238825 0.38880887125 0.5098544125 0.39748520125 0.49737921874999996 0.40647880375 0.4835681175 0.4077478925 0.47822448625 0.3884239325 0.4272743275 0.38811723875 0.41352981499999997 0.39154166250000005 0.4021180975 0.38564745875 0.38684058374999997 0.38852123874999994 0.37874980125 0.393605345 0.37638808500000004 0.3988939125 0.38318937750000004 0.41197256375 0.37823993375 0.42793274750000004 0.38421251125
12 0.36318105375000004 0.5465932099999999 0.3815588525 0.5333646375 0.38371418625 0.52729655 0.38365919499999995 0.515499395 0.33582379 0.40316675125 0.3126424975 0.40955636125 0.3066904775 0.41657491874999997 0.30543972 0.42585093375 0.317359265 0.44983943125000003 0.333922255 0.49838145500000003 0.34594403125 0.5269514550000001 0.36318105375000004 0.5465932099999999
12 0.27324157 0.38901322875 0.31183240125 0.3919171325 0.33264331875 0.39751302125000004 0.29049765375 0.2912948825 0.27665824125 0.35858870625 0.27324157 0.38901322875
17 0.6080908199999999 0.32053569000000004 0.487820515 0.312612665 0.44203801125 0.30804432125000003 0.38204665125 0.30813345875 0.37252119624999996 0.32258182750000003 0.37540345375 0.336066625 0.3823012275 0.33654641124999995 0.40120731 0.3447250675 0.4331132175 0.35900239874999995 0.44597573250000005 0.36155762375 0.47029906875 0.36169968625000004 0.53832162125 0.36278651000000006 0.5393600187500001 0.36215699625 0.6080908199999999 0.32053569000000004
17 0.6168826525 0.31256855625 0.6467687212500001 0.312067845 0.6823485574999999 0.31173167625000003 0.70207339625 0.29230202625 0.6987209074999999 0.27163095375 0.67148093625 0.26100543875 0.63265043 0.27130134 0.58645118875 0.27549568874999997 0.5042038575 0.28248938625000003 0.49229767 0.28341397375 0.48665099625 0.28536924375 0.50179486375 0.31111691875 0.60908371625 0.31893790125 0.6168826525 0.31256855625
17 0.641548185 0.6494936162499999 0.6619492524999999 0.55986786 0.6777043924999999 0.48670188875000003 0.69073660625 0.41575975374999996 0.70136245875 0.37569322499999996 0.69697510125 0.35339469 0.6793244837500001 0.33665402 0.6559450099999999 0.34500974 0.6494225887499999 0.35859672625 0.63919671375 0.4046693075 0.6302077899999999 0.46322318875 0.63611707375 0.50603039375 0.630904405 0.56177555625 0.62183491125 0.65336716 0.641548185 0.6494936162499999
17 0.5098783225 0.3884892875 0.47834762499999994 0.41696067875 0.4210626275 0.46497549875 0.38460213375 0.51283510125 0.3819418675 0.531169955 0.3909239075 0.5402332425 0.39870893125 0.53425376 0.42426766875 0.51033963125 0.47581122375 0.46306305625 0.46845238125 0.44843018 0.47882726 0.4356364525 0.48936773875 0.42750814125 0.5046337937500001 0.44240415624999996 0.542922205 0.41545476125 0.62150961375 0.36812479875000004 0.66157742375 0.33606658250000004 0.6857032587499999 0.31460286375 0.6162860075 0.3144380725 0.5960926062499999 0.327409495 0.5479599525 0.35629290124999996 0.5098783225 0.3884892875
17 0.47532303 0.46118046749999997 0.5831587575 0.61222199375 0.5840687125 0.61388239875 0.58475789625 0.61205531 0.60057568875 0.557073885 0.510671995 0.45089108875 0.48937714374999997 0.42802583 0.47020208750000003 0.44884708875 0.47532303 0.46118046749999997
17 0.6023838349999999 0.5450766712499999 0.58790413375 0.61169807375 0.5320103975 0.73451711875 0.536051575 0.7988264125000001 0.61547908 0.62707817625 0.624503845 0.59550620125 0.63414735625 0.53009470125 0.6338436412499999 0.47463359875 0.6022849425 0.5346549 0.6023838349999999 0.5450766712499999
17 0.5997792037499999 0.39862026 0.5771742475 0.39573152624999997 0.5257728925 0.42805246375000006 0.53231996125 0.43033049 0.53454909375 0.42876419749999994 0.5364001887500001 0.43233570875 0.54245940375 0.43417262 0.6279277425 0.460523575 0.6314477737499999 0.4528195625 0.63516848875 0.40098065750000006 0.60378733 0.39738019 0.5997792037499999 0.39862026
17 0.47384870125 0.55712327375 0.51208605 0.593556985 0.52474993 0.6204087887499999 0.5599697662500001 0.6606918187499999 0.57063534625 0.64070425875 0.5459248999999999 0.61478797125 0.55508664875 0.59780917375 0.581030195 0.6102543525 0.5606856324999999 0.58255301 0.5552921587499999 0.57429595625 0.51959001625 0.5260974749999999 0.50154555 0.50363996 0.4776511025 0.49031267375 0.45638058125000003 0.4847345325 0.45886498125 0.5206912312499999 0.46541191875000004 0.52741274875 0.44535402625000003 0.53330831 0.44684116625000003 0.53644626625 0.47384870125 0.55712327375
