10 0.0604718925 0.71011021875 0.07253019875 0.7247679574999999 0.10612135 0.7263474825 0.1238243975 0.70981427375 0.13273001 0.6777855687500001 0.1306097275 0.65924295375 0.14314522999999998 0.557922365 0.1432006875 0.52017732375 0.13859658375 0.4956144575 0.120174685 0.4532947525 0.12524776125 0.44577693250000006 0.1263883475 0.42639656000000004 0.1015446575 0.42212581125 0.098281045 0.45092945 0.07736710249999999 0.48648713625 0.06608036249999999 0.52090315 0.059292292499999996 0.59944035 0.061565245 0.644577245 0.054677223750000004 0.6867410049999999 0.0604718925 0.71011021875
10 0.19643234750000002 0.8047966624999999 0.20869878249999999 0.80830363875 0.22138147125 0.7895090887499999 0.23514929250000002 0.7890792075 0.23970616 0.7674894725 0.22879118375000002 0.70548548 0.22159782249999999 0.6944606862499999 0.221289745 0.6692380075 0.20882066500000002 0.62095003375 0.20359766125 0.57390769375 0.18967717374999998 0.54774329625 0.16732004625 0.52152692 0.16416460875 0.50280635625 0.1457899425 0.50663925375 0.13594364750000001 0.63079521 0.1503776 0.6989974025 0.15927772875 0.7229004587500001 0.16755347625 0.78025580125 0.184424015 0.80832564375 0.19643234750000002 0.8047966624999999
10 0.26299075625 0.6638217525000001 0.27935605625 0.5659561575000001 0.27988048375 0.49613042999999996 0.27077497 0.45541225625000004 0.27844004125 0.40639048625 0.270264245 0.38540858125 0.25613563 0.37039494625 0.25567214125 0.34654387124999997 0.2356934 0.34590606749999997 0.23305142750000002 0.36922330000000003 0.21622812249999998 0.38730605625000003 0.20991176625000002 0.40579669125 0.21782671874999998 0.44770851875 0.20684805625 0.5073472087500001 0.20534118875000001 0.5672158275 0.21433853 0.6554582037500001 0.26299075625 0.6638217525000001
10 0.30388569375 0.77852223875 0.311081795 0.7615811537499999 0.3421001375 0.6089034675 0.33899741749999995 0.5804037425 0.3311324425 0.556678635 0.333463595 0.5361046075 0.3278743125 0.52955051375 0.31633221125 0.5289646887499999 0.30991316 0.539047765 0.30851447 0.55139218125 0.2832018075 0.57920211875 0.27212319625 0.6024673700000001 0.26326481874999996 0.680648675 0.24643603125 0.75466319375 0.24612247 0.7853722775 0.26268492875 0.7882194425 0.27474323875 0.80287718125 0.30388569375 0.77852223875
10 0.34698153374999996 0.44474112624999995 0.36520353 0.4143139525 0.40619616625 0.41576751 0.42596952250000003 0.3995901975 0.43834139125 0.38353885249999997 0.44351990125 0.35646271125 0.4415023125 0.34632765499999996 0.43130618374999996 0.34317657500000004 0.43110079874999996 0.32636145499999997 0.42463177375 0.31825781249999996 0.41324508125000003 0.31630038625 0.3978204675 0.32203872875 0.36971316375 0.34657161875 0.35102767999999995 0.35314771875 0.29025894625 0.39583735249999996 0.27876682124999996 0.4134382475 0.27053282500000003 0.45816726625000004 0.27596669625000003 0.4660929625 0.30184553999999997 0.47054165750000004 0.32022020500000004 0.46670876125 0.34698153374999996 0.44474112624999995
10 0.48638568499999996 0.257559405 0.4973588625 0.25385247625 0.5189444225 0.23099510250000002 0.52852165125 0.21166671 0.53354475125 0.18596216999999998 0.52024316125 0.18227724625 0.5207621100000001 0.16838328 0.51532823875 0.16045758249999997 0.4893966775 0.16578804875 0.442032225 0.22057016625 0.4264522 0.22768011000000002 0.4124235375 0.249039915 0.39415156500000004 0.26128037 0.3856594675 0.29897343 0.37789444375000003 0.3116217625 0.37768631625 0.32277252375000004 0.3872608025 0.33141001125 0.43560495125000004 0.3145508825 0.47489355875 0.27516030125 0.48638568499999996 0.257559405
10 0.34936266250000003 0.44235381875 0.35060320125 0.459346885 0.35950333125 0.48324994125000004 0.3853294575 0.4974777975 0.4368290425 0.49933923125 0.44837388625 0.47195917625 0.44640901125 0.45204495875 0.43937106375 0.43964856124999996 0.39377432125 0.41363213625 0.3629778125 0.4153296575 0.34936266250000003 0.44235381875
10 0.49453680875000006 0.53023423375 0.50359509 0.5247998075 0.506339755 0.50989013375 0.48129067999999997 0.48880427 0.46886883375 0.48666889500000005 0.45225365625 0.49360089 0.4225450175 0.48569719999999994 0.4076893275 0.49572829375 0.376479305 0.49176146125000003 0.36400200125 0.5273711275 0.36674392375 0.540427335 0.36192895125 0.5549811125 0.37134802875 0.5649902025 0.3898253875 0.5695648649999999 0.4381168175 0.5624848975 0.45535363625 0.550066495 0.4830446825 0.54783512875 0.49453680875000006 0.53023423375
10 0.46264694624999997 0.59746473125 0.46689299375 0.5786182 0.48055812000000003 0.5697807575 0.48283655625 0.5589858925 0.4785932475 0.5498665425 0.4713471725 0.5486209075 0.45545632750000004 0.55847405375 0.44510479125 0.55669457625 0.417671845 0.5659618975 0.36694382750000004 0.613174215 0.34215011375000004 0.6270901875 0.33479860375000003 0.6454028725000001 0.33407152875 0.6704476012499999 0.34499198875 0.6765198325 0.34980422125 0.6899319375 0.37796149874999996 0.68358576625 0.39613077875 0.66293775375 0.4479966425 0.62431094375 0.46264694624999997 0.59746473125
10 0.51009764375 0.7188854550000001 0.53148055875 0.6512470825 0.55664055125 0.596842865 0.56140554875 0.56410236875 0.5584055225 0.54401020375 0.56202993125 0.53065008125 0.55556090375 0.52254643625 0.54349985625 0.5358545800000001 0.5198967050000001 0.54857689625 0.5076275299999999 0.5730358012500001 0.50488012375 0.6159113537500001 0.4953556125 0.62546058625 0.4649671325 0.68875422375 0.4620670575 0.70503549875 0.4680698525 0.71725394875 0.48447690250000003 0.721472715 0.48872021125000004 0.7305920662500001 0.49596628625 0.7318377012499999 0.51009764375 0.7188854550000001
10 0.52058477 0.39348192625 0.56731113375 0.5119814975 0.581026235 0.5213307775 0.5965535425 0.523999995 0.6072686174999999 0.51325710875 0.61239441 0.4959601275 0.60276994625 0.46913592000000004 0.5876061775 0.45394433749999996 0.5551610975 0.37705267875 0.50764946 0.3493087575 0.52058477 0.39348192625
10 0.5389176824999999 0.28756466750000004 0.49249117374999996 0.278185415 0.47421920125 0.29042586875000004 0.47452728 0.315648545 0.48492879375000003 0.33561474375000006 0.495383025 0.34580178125000005 0.51520635625 0.34781118874999994 0.5209510475 0.35299368125 0.54977994375 0.35934782125 0.56075312125 0.3556408925 0.57089927375 0.34060525374999995 0.57457639875 0.31746597 0.55915452625 0.29523843 0.5389176824999999 0.28756466750000004
10 0.5307699325 0.50849652875 0.5317023925000001 0.5002669175 0.53957010875 0.49602614375000004 0.54081339 0.48505333 0.53072269625 0.4623439275 0.50981423625 0.44196985375 0.5072277225 0.4275420425 0.48021377375 0.38654195999999996 0.46018505625000006 0.367717435 0.44243203125 0.36606392374999996 0.44087793 0.3797799425 0.42954121375 0.396009235 0.42845334375 0.40561044875 0.43823321625 0.43106305375 0.46835262624999996 0.47259698125 0.5035451125 0.5066130875 0.5076330124999999 0.51710404125 0.5147236774999999 0.51972127625 0.5307699325 0.50849652875
10 0.48805344375 0.140387425 0.4974752625 0.12243063250000001 0.49602659625 0.11658832999999999 0.48893593 0.1139710925 0.43945393375 0.12224471375 0.39001917375 0.17667093625 0.37071204874999997 0.18873344374999998 0.36351594875000004 0.20567452875 0.363255105 0.2266044525 0.37609046125 0.23440418125 0.37639854125 0.2596268575 0.408696435 0.25399247875000003 0.422000765 0.22971152125 0.44084166 0.22176382 0.4671894775 0.19413183 0.48183978000000005 0.1672856175 0.48805344375 0.140387425
10 0.59338714125 0.61714295375 0.566420425 0.62229547 0.5621216575 0.65092116 0.5740745312500001 0.68513722125 0.591980225 0.71338501125 0.5953410474999999 0.7489206925 0.612885945 0.76172496625 0.61873333 0.7753150187500001 0.62613481625 0.77518905125 0.62856866125 0.76302258125 0.63074714375 0.71585427625 0.60441029375 0.63162274375 0.59338714125 0.61714295375
10 0.53133274 0.047148473749999996 0.5217582525000001 0.038510986250000004 0.5103715625 0.03655355875 0.485785975 0.03931876875 0.48050477125 0.05798735 0.48127908124999996 0.0790952225 0.488211595 0.11104994250000001 0.495404955 0.1220747375 0.498663085 0.14920285875 0.5049767 0.15867810499999999 0.52019318625 0.16409052625 0.52024316125 0.18227724625 0.5510896475 0.19876644375000002 0.5555938 0.18695587125 0.53133274 0.047148473749999996
10 0.67183910125 0.23210870625 0.6569861525 0.21417391875 0.6535198950000001 0.19819656 0.62873166125 0.15618077 0.62003691875 0.1490928325 0.60404338125 0.15053842125 0.58960120625 0.16623387125 0.5864430275 0.17547918875000001 0.59032279875 0.1971209025 0.6119028762500001 0.23019529 0.630638335 0.24180590875 0.63617490125 0.258139165 0.6645375662499999 0.26860811125 0.6721471800000001 0.2573313825 0.67183910125 0.23210870625
10 0.53571775125 0.19472562499999999 0.52044580875 0.22705824375 0.504813065 0.24394734875000001 0.49911835000000004 0.25695157625 0.47996663375 0.26764248125 0.46210817624999995 0.28554729125 0.45760402375 0.29735786375 0.4623135625 0.30236240875 0.4791868425 0.30246637 0.5333284012499999 0.28101057375 0.5703385725 0.25241485874999997 0.57950228875 0.22742211125 0.57075757 0.2021474525 0.53571775125 0.19472562499999999
10 0.56898437625 0.33887775625000005 0.55852740375 0.35665659875000005 0.55635166125 0.375859025 0.578137125 0.42574852999999996 0.5987375075 0.4208999275 0.6054174025 0.3898869275 0.60226470625 0.343200485 0.60667164875 0.26705059124999997 0.6003080574999999 0.23938862625 0.5907862875 0.2209719775 0.5895457475 0.2039789125 0.58452538875 0.20171757125 0.57412113375 0.20971725374999997 0.57391300625 0.220868015 0.58053744375 0.22760005875 0.5784144175 0.23702332250000002 0.5597789075 0.26178614375 0.5581193725 0.2950604825 0.56738303875 0.30644117375 0.57188445125 0.32259648124999996 0.56898437625 0.33887775625000005
10 0.697817895 0.27293084125 0.69698812875 0.28956801 0.7219235475000001 0.41410983875 0.7388468025 0.43240052125 0.747594265 0.42970929750000003 0.75676072 0.37675067 0.7437754325 0.31439078 0.7414497637499999 0.2790330475 0.73358478875 0.25530794 0.70589374 0.257539305 0.697817895 0.27293084125
10 0.54953618 0.7340550312499999 0.56634852 0.82783579375 0.57235131375 0.84005424375 0.5785622375 0.84112193 0.60651413 0.8179606425 0.60744659125 0.8097310312499999 0.59125589125 0.7104638612499999 0.57391912125 0.6865088225 0.56869337875 0.6674323649999999 0.55715127625 0.66684654125 0.54953618 0.7340550312499999
10 0.6535198950000001 0.19819656 0.6589010500000001 0.2159014175 0.6709593562499999 0.23055915625 0.6705431025 0.25286068 0.6792378462499999 0.25994861875 0.69699087 0.26160213 0.70444507375 0.25169700375000004 0.706620815 0.23249457625000003 0.663876915 0.1440442775 0.6402237875 0.13857987625 0.6296114075 0.15773032 0.6535198950000001 0.19819656
10 0.7095044425 0.38400858499999996 0.70598546875 0.37781038625 0.696669085 0.376208855 0.67710385625 0.38123540499999997 0.67218619 0.38738162375 0.67032126875 0.403840845 0.67466726875 0.421367755 0.6757996337500001 0.48588502375 0.679990225 0.50478353375 0.6947904575 0.5324974812500001 0.6951512525 0.54794099625 0.7090744825 0.5461395125 0.7096461475 0.522466385 0.71855175875 0.49043768125 0.7095044425 0.38400858499999996
10 0.5072667325 0.557592285 0.5156533974999999 0.539457545 0.51109926875 0.53308139875 0.5014720662500001 0.5342230725 0.47962566 0.57801037 0.46999845625 0.5791520437500001 0.46186989625 0.60432274 0.420716365 0.6601725437499999 0.40999854999999996 0.69888131 0.4188487025 0.7045976475000001 0.42293660000000005 0.71508859875 0.43447870250000004 0.7156744225 0.4449329325 0.72586146 0.45580341875 0.7137469725 0.46558877375 0.68326781625 0.503276045 0.6114406525 0.5072667325 0.557592285
10 0.5990845975 0.576172845 0.622740465 0.5536713675 0.6564452749999999 0.45179493 0.6550493237499999 0.43617346625000003 0.650184375 0.4325405225 0.64780050625 0.46289371125 0.64407340375 0.46784627624999997 0.6286487912500001 0.47358461749999997 0.61286338125 0.46387944249999996 0.60841194625 0.46591085499999996 0.607168665 0.47688366875 0.61254982 0.494588525 0.60680238625 0.51737191375 0.58485603125 0.5247857725 0.58640465 0.567001515 0.58288293375 0.58876919625 0.593958805 0.59346982625 0.5990845975 0.576172845
10 0.64811132625 0.46015050750000003 0.65028706875 0.4409480825 0.64765332 0.3803676725 0.640254575 0.35252775875 0.64263844375 0.32217456875000006 0.6298558037499999 0.30459568000000004 0.62670036625 0.2858751175 0.6188853675 0.2803367275 0.60889462375 0.294000765 0.6021620125 0.334792925 0.6049539125 0.36603585375000003 0.60215378875 0.41869056625 0.60805389125 0.42250145875 0.6064443325 0.47396251749999996 0.6273028175 0.47614987375 0.6405017125000001 0.47142723625000005 0.64811132625 0.46015050750000003
10 0.6264922387499999 0.29702587874999997 0.63259772625 0.3176518875 0.64160329 0.32199662125000006 0.6717781600000001 0.32578550749999996 0.6956921300000001 0.3103199875 0.69678000125 0.30071877375 0.67473369375 0.2717591925 0.6216827487500001 0.255647895 0.61055416 0.26072642625 0.61365688 0.28922615 0.6264922387499999 0.29702587874999997
10 0.69460426 0.31992119875 0.6821824137500001 0.31778582499999997 0.640876215 0.34704135 0.64061537125 0.36797127500000004 0.6488411437499999 0.40713989875 0.69791236625 0.36523604125 0.70604092625 0.340065345 0.69460426 0.31992119875
10 0.67909065875 0.17742257875 0.70356807125 0.2221815725 0.70651538125 0.25205289875 0.71671150875 0.2552039775 0.7404173512500001 0.25088921875000003 0.74569855375 0.2322206375 0.713875115 0.14984257 0.7010397575 0.14204284125 0.6937409637499999 0.15057636625 0.6829231962500001 0.15291169375000002 0.67909065875 0.17742257875
10 0.76949612625 0.34817696 0.78560332125 0.24327540875 0.7781518587499999 0.22521465625 0.7646948612500001 0.22290133374999999 0.75460142625 0.2281578125 0.74787155625 0.24098409125 0.7421213812499999 0.29173336 0.7534498725000001 0.35940170875 0.76949612625 0.34817696
10 0.7171030912499999 0.48459537625000004 0.7410642975 0.51528245625 0.753744245 0.52445378875 0.7725324225 0.52628524625 0.7823677549999999 0.5139928125000001 0.7851124199999999 0.4990831375 0.7732622375 0.47327463625 0.7407617000000001 0.43412801875 0.7289614962500001 0.42650623625 0.71312337 0.42658022375000004 0.7171030912499999 0.48459537625000004
10 0.7678920499999999 0.3437062575 0.75552018 0.35975760375 0.75328898 0.41670507 0.76736761875 0.413531985 0.7722852849999999 0.4073857675 0.7783435400000001 0.381859175 0.79599661 0.34713924749999997 0.8034535562499999 0.30926823999999997 0.7922749924999999 0.29616005125 0.7789734025 0.2924751275 0.776436865 0.29623403625 0.7678920499999999 0.3437062575
