14 0.036570771249999995 0.1103391925 0.02318129875 0.1691067325 0.03202104 0.17938025375 0.05007889875 0.18417662750000002 0.13567476375 0.17142684625000001 0.15180647 0.16184183375 0.152672645 0.14297843999999998 0.14068724625 0.12610533125 0.036570771249999995 0.1103391925
14 0.22458503749999997 0.24421709125 0.2044915975 0.21240137874999998 0.10626301125 0.25241735125000003 0.09606929125000001 0.26411994375 0.1172477575 0.30234816875 0.238606015 0.28810954 0.22458503749999997 0.24421709125
14 0.21996675 0.12698864625 0.22530750875 0.11958099125 0.20749354875 0.1132282575 0.22584540749999998 0.0628037375 0.2025812625 0.05122070625 0.17045232625 0.05619642 0.10096311999999999 0.08619345375 0.09391505625 0.10449562999999999 0.10202309749999999 0.11943823375 0.11414297124999999 0.12211702875000001 0.1983848575 0.1313433625 0.21996675 0.12698864625
14 0.30656326375 0.08118115875000001 0.273727675 0.063993685 0.2653757325 0.05060744125 0.24113598625000002 0.04524985125 0.22329697875 0.06572938375 0.20871305125 0.10544645750000001 0.2090663775 0.11652805000000001 0.2170649925 0.1188327 0.327363355 0.13516005625 0.34655634 0.09270441 0.30656326375 0.08118115875000001
14 0.057780347499999996 0 0.052777624999999995 0.02025737875 0.11964325499999999 0.0736827925 0.13637218625 0.0736230125 0.17942654375 0.052275628750000004 0.18018329375 0.02077428125 0.170258525 0.00408824625 0.15981301125 0 0.057780347499999996 0
14 0.36130242875 0.39869408375 0.2255949175 0.33112640499999996 0.19780609 0.36175216875 0.17557687375 0.41024618375000005 0.21302152 0.42469508375 0.33107459749999996 0.44488344875 0.36130242875 0.39869408375
14 0.60691147125 0.25840575250000003 0.62507875625 0.27584007875 0.68508089625 0.27970882125 0.70449273375 0.26252908 0.72656242625 0.255061645 0.7308181575 0.24124147625 0.711321945 0.2189509975 0.64841804875 0.20692630874999998 0.62903126125 0.19727378250000002 0.58575805375 0.19334526 0.57168697625 0.20311734625 0.5655894674999999 0.24202634875 0.5922431675 0.25865260500000004 0.60691147125 0.25840575250000003
14 0.58566708625 0.4206413475 0.5252021925 0.3930530575 0.4933422075 0.369640145 0.47091918875 0.36602598625 0.43404671875 0.38793458875 0.4222551225 0.42316965375000004 0.425754105 0.44085083124999996 0.4428363625 0.45187264499999996 0.519323535 0.4572379675 0.5362963675 0.45562182749999997 0.58566708625 0.4206413475
14 0.6010011725 0.61618923625 0.6341057099999999 0.6049880825 0.6251565425 0.58207660625 0.6259132912500001 0.55057525875 0.607283255 0.50942138625 0.5636817700000001 0.46757900375 0.532528435 0.466329275 0.48741344875000003 0.4874895875 0.47236677125 0.50348711375 0.466647635 0.5266454425 0.491106235 0.55727893875 0.58476004125 0.613136295 0.6010011725 0.61618923625
14 0.7381879062500001 0.5276194675 0.7025850375 0.488081735 0.67980869375 0.47338598374999996 0.6458630275 0.47661826375 0.63409648125 0.4850210625 0.6293529474999999 0.50195395125 0.6223642125 0.58655861375 0.6412631987499999 0.59932386 0.686353135 0.604995815 0.7334443724999999 0.54455235625 0.7381879062500001 0.5276194675
14 0.79100751 0.5639847 0.83574412125 0.5585750625 0.83541584375 0.5206612012499999 0.8126645475 0.479133185 0.81100734375 0.43636317124999996 0.77806232875 0.40653774374999996 0.7458239675 0.39887550374999997 0.7093298725 0.4050334325 0.67305462875 0.43646726625 0.667823295 0.45651287500000004 0.6920379925 0.48870273124999997 0.7690722925 0.55725782125 0.79100751 0.5639847
14 0.87361724125 0.5036087525 0.8636924725 0.48692271750000005 0.86154746625 0.44726542375 0.84134460125 0.40281175875 0.8015703750000001 0.416564415 0.793681185 0.4268977175 0.8176519824999999 0.460643935 0.8173830325 0.4890325625 0.83262351375 0.52514320875 0.8408660299999999 0.5258915 0.87361724125 0.5036087525
14 0.8607564375 0.3856320175 0.84267352875 0.40766791124999996 0.90927020875 0.4894819525 0.9375217875 0.48257573375 0.97452873125 0.44647281875 0.9749071075000001 0.43072214625 0.9644945375 0.41714883 0.89386097625 0.374430865 0.8607564375 0.3856320175
14 0 0.8504965900000001 0.012226875 0.865810305 0.04931819625 0.8691776099999999 0.09841996625 0.8625857575000001 0.09811673750000001 0.79783963 0.054893628750000006 0.74024657375 0.02786155125 0.73937099125 0.013790475 0.7491430775000001 0.0008888024999999999 0.80479789625 0 0.8503693475 0 0.8504965900000001
14 0.47297058875 0.24624603874999998 0.4805064525 0.2248311425 0.46014406375 0.2214040575 0.44344017999999996 0.19463156999999998 0.4212610625 0.18946105249999998 0.4017398 0.19400284125 0.38512029249999996 0.20670057374999998 0.38037676 0.2236334625 0.42286816875 0.28589559875 0.45947168875000005 0.29237562375 0.48978389749999995 0.28565647875 0.47297058875 0.24624603874999998
14 0.5609711775 0.12479790375000001 0.53258512375 0.145898435 0.5833440974999999 0.18207659499999998 0.60188975875 0.1837602475 0.64144513375 0.144731685 0.6580896887500001 0.105201685 0.5864554762499999 0.09554142625 0.58412589875 0.12374298125 0.5609711775 0.12479790375000001
14 0.572168735 0 0.57126509375 0.005766245 0.57780030625 0.01740905625 0.61901288625 0.02115050625 0.63853414875 0.01660871875 0.64278988125 0.0027885500000000003 0.6120736250000001 0 0.572168735 0
14 0.1351236825 0.761736715 0.1295640725 0.743868465 0.1309430975 0.69506008375 0.10439882125000001 0.69107178 0.069721455 0.69897314125 0.04993124375 0.7319035562499999 0.09448328 0.794352765 0.12696554375 0.800458645 0.14442617625 0.795729785 0.15220594125 0.7727585275 0.1351236825 0.761736715
14 0.02392486625 0.671138 0.00521968125 0.7104809274999999 0.025691497499999997 0.72654596625 0.053808600000000005 0.73383406125 0.064380695 0.7063807975 0.1028259925 0.6877719875 0.075818965 0.66006413875 0.05315204625 0.65800634125 0.02392486625 0.671138
14 0 0.72400865875 0.0081214375 0.7186368725 0.006926985 0.69958640625 0.0213764375 0.6740636474999999 0.0400565725 0.66155298625 0.061638463750000004 0.65719827125 0.06722312375 0.64823425625 0.04105722375 0.62849527875 0.0021491725 0.62338454125 0 0.6252011675 0 0.72400865875
14 0.13154032375 0.7045853162500001 0.12715011625 0.73259979875 0.1351236825 0.761736715 0.1503892125 0.7710150962500001 0.2681140125 0.7532896025 0.26512788125 0.70566343625 0.22876826 0.6976270499999999 0.14197794375 0.691326365 0.13154032375 0.7045853162500001
14 0.2144717425 0.9488895374999999 0.17399086375 0.9404790075 0.15872533375 0.93120062625 0.14530158125 0.8968334112499999 0.0948458375 0.92540137875 0.08828557375000001 0.940590835 0.09747864249999999 0.96194595 0.13432606375 0.9668696162499999 0.18936582000000002 0.96239534 0.21119160999999997 0.956484265 0.2144717425 0.9488895374999999
14 0.2627574325 0.9074965450000001 0.23634763125 0.88931392875 0.22219217874999997 0.85961579375 0.19516010125000002 0.85874021125 0.16362839125 0.8732411575000001 0.1477155375 0.9081020775 0.1530312475 0.92752668875 0.16986960499999998 0.94010486125 0.2327735025 0.95212955 0.25798885125000004 0.95126170125 0.2627574325 0.9074965450000001
14 0.26695383875 0.82737389 0.28164719125000004 0.80029477 0.26591890875 0.7672968425000001 0.2681140125 0.7532896025 0.23490004875 0.7518528025000001 0.2025272125 0.758384875 0.17159272874999998 0.7824110537500001 0.16538579124999997 0.8086821025 0.1857231325 0.838941455 0.20535382125 0.8470376212499999 0.23881168500000002 0.84691806125 0.26695383875 0.82737389
14 0.29185013875 0.9085592 0.3251985775 0.89580168625 0.33807520125 0.866979135 0.3189573625 0.8289379825000001 0.302362905 0.81480344875 0.28612177375000003 0.81175050875 0.26890504249999997 0.81492300875 0.25822352125 0.82973832 0.22826463875000003 0.84753905875 0.2212165775 0.865841235 0.2265322875 0.8852658462499999 0.2449434725 0.90114381125 0.29185013875 0.9085592
14 0.2662063175 0.9788422575 0.33832833125 0.985389795 0.36839663875 0.98022701 0.35800911625 0.9398214275 0.3456453425 0.93869899125 0.35572963625 0.9143584475000001 0.3325999675 0.88858110375 0.302884985 0.9048254825 0.260940705 0.9057531125 0.25972120249999997 0.9135349137500001 0.25761047625 0.96701237375 0.2662063175 0.9788422575
14 0.3340884175 0.85241067625 0.36632677999999996 0.8600729174999999 0.39579786125 0.84538489875 0.4021142225 0.8317518024999999 0.3844848375 0.7575402225000001 0.36390359625 0.72883723125 0.32499554625000004 0.72372649375 0.29237880875 0.73181492625 0.2762471025 0.74139993875 0.2622854525 0.7638099775 0.26735726249999997 0.78479095 0.30442353499999997 0.81499052125 0.3340884175 0.85241067625
14 0.34359130375 0.67174561125 0.37070775875 0.7120914150000001 0.39131404875000003 0.71396214 0.42176073000000003 0.69304868125 0.479348915 0.6856487575 0.48081231750000003 0.6763105975000001 0.42796766625 0.66677763125 0.43962478875 0.6457368800000001 0.319182805 0.58744758125 0.29833261624999996 0.58713321625 0.3013437975 0.6079271150000001 0.32726579625 0.6292224525000001 0.34359130375 0.67174561125
14 0.44172892375000006 0.8590257275000001 0.43242643000000003 0.82503265625 0.41545359750000005 0.8266487975 0.37372816875 0.85285233375 0.3345762175 0.8492979562499999 0.33262501499999997 0.8617488362500001 0.33319719249999996 0.8981063362499999 0.3668739075 0.92326268375 0.39463768625 0.91946918625 0.46510249625 0.88324671 0.44172892375000006 0.8590257275000001
14 0.39626984125 0.989071465 0.43689234499999996 0.9927593450000001 0.44857249250000003 0.99258630625 0.47497716625 0.95359728 0.48576811249999996 0.9514199225 0.48340425625 0.88648672375 0.45553105125000004 0.8776422687500001 0.36383767874999995 0.92930105125 0.35654571375000005 0.9491595875000001 0.36440985625000005 0.96565855125 0.39626984125 0.989071465
14 0.53844401125 0.8820124475 0.5479310774999999 0.84814667125 0.5441881949999999 0.8320218525 0.50470796875 0.790553615 0.50690307125 0.7765463737499999 0.4940514975 0.77853665875 0.44055952 0.8131429925 0.42865849875 0.835740105 0.43191358 0.8549776437500001 0.45759168 0.87782934125 0.51225306 0.88910573875 0.53844401125 0.8820124475
14 0.5663765425 0.95715939 0.5763263599999999 0.94701316 0.60227341 0.9414762287499999 0.5939214700000001 0.92808998625 0.56374373625 0.9206148175 0.53407885375 0.8831946625 0.49262237249999996 0.8810095724999999 0.48169695375000005 0.89738124375 0.48178133 0.936851465 0.49436395375 0.9632498049999999 0.5376371625 0.96717832875 0.5663765425 0.95715939
14 0.512909615 0.9649334575 0.49642458375 0.9634368787500001 0.48758484 0.9531633549999999 0.47728169625 0.9522279924999999 0.46150331625 0.9728945987500001 0.4584402975 0.99244011625 0.52923411625 0.9913913187500001 0.512909615 0.9649334575
14 0.5648037137499999 0.9538595974999999 0.54224622 0.9644397537499999 0.53823439 0.97670356125 0.54661880875 0.9911337675 0.6756092787500001 0.9892227975 0.7118400712499999 0.9624726662499999 0.714279075 0.9469090649999999 0.69453896125 0.9261749450000001 0.6707870162499999 0.9177046362500001 0.6112476275000001 0.93755544 0.58955631125 0.9292722012500001 0.5662671175 0.9445214375000001 0.5648037137499999 0.9538595974999999
1 0.551343045 0.43962430124999996 0.537381395 0.46203434 0.56913195625 0.47280930125 0.6036497975 0.5059345212499999 0.61601357125 0.50705695625 0.6430706975 0.48110027125000004 0.66999334875 0.46933790125 0.6720790275 0.44269270749999995 0.7333758175 0.35828284875 0.7609457937499999 0.3023811775 0.76606770125 0.26969761625 0.75722795875 0.2594240925 0.72680632625 0.25350528499999997 0.6985547475 0.26041150125 0.6419764425 0.35472073875 0.6284775425 0.40085032374999996 0.551343045 0.43962430124999996
14 0.968381125 0.53904635625 0.9319964537500001 0.5578422362500001 0.9197170575 0.59619002125 0.9245449675 0.61872735375 0.95325929875 0.6355406825 0.968381125 0.53904635625
14 0.8617096275 0.7929721725000001 0.88451102125 0.7808356562500001 0.897387645 0.7520131037500001 0.89103700625 0.6725114474999999 0.8455937425000001 0.6557578975 0.8270480825 0.654074245 0.8219512225 0.65992554125 0.8020766337499999 0.653385735 0.7876271812500001 0.6789084950000001 0.7829930737499999 0.7084793362499999 0.78562588 0.74502390875 0.81843642 0.78904365 0.8617096275 0.7929721725000001
14 0.6122891475 0.73086617875 0.65724460875 0.7507324475 0.6819721575 0.7529773175 0.715076695 0.74177616375 0.7319401025000001 0.72752207 0.73367245375 0.6897952825 0.7124939874999999 0.6515670575 0.6697085787499999 0.644525815 0.625081395 0.6625734062499999 0.58297759 0.7045276162499999 0.58284311625 0.71872193 0.5937434862500001 0.7291825262499999 0.6122891475 0.73086617875
14 0.42184510625 0.7325189000000001 0.41661377250000003 0.75256451 0.43247652875 0.7713681225000001 0.458776905 0.7769127862499999 0.534801325 0.7585585625 0.54499504375 0.7468559725 0.53680262625 0.6924431475 0.481653445 0.68427947125 0.42184510625 0.7325189000000001
14 0.8679073350000001 0.6467341025000001 0.9134850725 0.6492933375 0.9352014387500001 0.63074430875 0.92698397125 0.6031637525 0.9335692837499999 0.5611420300000001 0.837939225 0.5445678199999999 0.785801225 0.5571980425 0.7759608325 0.57998222625 0.7908479862500001 0.60501127875 0.81557553375 0.60725615 0.81847728875 0.61541209625 0.8679073350000001 0.6467341025000001
14 0.7320403 0.6201930025 0.78149539375 0.62468274375 0.8018828312499999 0.6012775625 0.7837155462500001 0.58384323625 0.73862561 0.57817128 0.6847803075000001 0.6016960225 0.6487740137500001 0.60474123 0.63784859375 0.62111290125 0.6420792774999999 0.6341249987500001 0.65734480625 0.6434033800000001 0.69831348375 0.64870119 0.7320403 0.6201930025
14 0.64926181375 0.60162850875 0.63180118125 0.60635737 0.6156444262499999 0.6427746487500001 0.56917546375 0.68591107625 0.58758665 0.7017890412500001 0.6108758425 0.686539805 0.63405561125 0.65865261625 0.65891763375 0.6467031725 0.64742003625 0.62671734375 0.64926181375 0.60162850875
9 0.06670104375000001 0.5582122225 0.10159726125 0.5755867674999999 0.1867897025 0.6054199275 0.24885247124999998 0.60947574375 0.29797928875 0.5760516225 0.31679389874999997 0.54934664875 0.32920777125 0.49680455125 0.32269760750000004 0.45832947249999995 0.3125289375 0.44319979625 0.300652965 0.43896464125 0.2272020225 0.42756095125000004 0.11226955374999999 0.4408044375 0.08136011874999999 0.43799834875000004 0.03836508875 0.52564822 0.06670104375000001 0.5582122225
9 0 0.51376785125 0.01933162875 0.5270772875 0.0316954025 0.5281997225 0.08038451625000001 0.44422379 0.1094772225 0.445286445 0.21253371999999998 0.42780780375 0.21144869249999998 0.42139529000000003 0.18406328875 0.40943811375000005 0.18238103500000002 0.39350036875 0.21358446874999998 0.3410855625 0.22535101624999998 0.332682765 0.24644510625 0.33144076875000006 0.24779908375 0.309464655 0.23521645875 0.28306631374999996 0.13446449124999998 0.29917566749999996 0.11591882999999999 0.297492015 0.10501845875 0.28703142 0.090106255 0.28883463125 0.0017773875 0.3723689075 0 0.37871360875 0 0.51376785125
9 0.4193580375 0 0.4039757725 0.0063640450000000005 0.38613676374999995 0.02684358 0.378466425 0.06245278875 0.33587482125 0.10751972 0.32213202125 0.155205665 0.324545975 0.16647433125 0.34368886375 0.1776832175 0.3485167725 0.20022054874999998 0.38766872375 0.20377492625 0.412530745 0.1918254825 0.44647641125 0.1885932025 0.49329869875 0.15653836999999998 0.5185140475 0.15567052125 0.55611821875 0.12909284 0.5772123087500001 0.12785084375 0.5899544575 0.11322260625 0.5900889325 0.09902829125 0.62707082875 0.08975764375 0.59547979125 0.03795610375 0.55621841625 0.021763772499999997 0.5339298725 0.00395530125 0.49904857375 0 0.4193580375 0
9 0.2739641425 0 0.26396242875 0.0062810675 0.24357499000000002 0.029686249999999997 0.24137988624999998 0.04369349125 0.30488101 0.0652434125 0.37130893625 0.06811701249999999 0.383563285 0.056601493749999995 0.40045174125000005 0.015515135 0.42656391875 0 0.2739641425 0
9 0.2700625775 0.35410539375 0.35536444250000004 0.39657650625 0.3940285925 0.40324360374999996 0.43198609 0.387747515 0.453702455 0.3691984875 0.4452410875 0.34317429 0.41956298875000003 0.32032259375000005 0.40798101375 0.260866545 0.37614607624999996 0.21062136375 0.26338366125 0.23668987625 0.24652025375 0.25094397 0.23958161749999998 0.28188409875000003 0.24983466499999998 0.336483995 0.2700625775 0.35410539375
9 0.2557291425 0.12549979875 0.225660835 0.13066258375 0.18767828875 0.17299093875000002 0.14391728 0.1721751375 0.10959324000000001 0.19115808999999997 0.12727272375 0.2117051375 0.14375775624999998 0.2132017175 0.14823234 0.224657455 0.16035221375 0.22733625125 0.2024309675 0.21221430625 0.22629234 0.23332257125000003 0.252348815 0.24042359375 0.28447775125 0.23544788 0.3580882175 0.20582499124999998 0.382815765 0.2080698625 0.39070495375000003 0.1977365575 0.35656548625 0.148860665 0.34601844125 0.1494816625 0.3229981975 0.13634227125 0.2557291425 0.12549979875
9 0.6489717675 0.00334976875 0.64824006625 0.00801884875 0.653615105 0.09374594625 0.671135065 0.1553195725 0.66392747875 0.21464832874999998 0.7134919987499999 0.23177602249999998 0.7281352525 0.2583614375 0.8083653087499999 0.27985157875 0.8809500737499999 0.31011866375 0.9056776212500001 0.3123635325 0.9390511075000001 0.27277375249999997 0.95314723375 0.23616940125 0.952112305 0.17609235375 0.9668056575 0.149013235 0.96406342625 0.09983070875 0.94339781 0.0316574975 0.6489717675 0.00334976875
9 0.47939637625000003 0.24525089625 0.485797115 0.27108802125 0.47582224625 0.3080665175 0.4818696575 0.32282204875 0.581083075 0.39654765625000005 0.6045911212499999 0.4065743275 0.63417162875 0.40452426125 0.6599499249999999 0.32004689124999997 0.65498754125 0.31170387375 0.6421359662499999 0.31369415875 0.6387714575 0.28181866625 0.62472543125 0.264758485 0.58231839875 0.24196656875 0.5222068325 0.2254598725 0.49674758249999995 0.22788408375 0.47939637625000003 0.24525089625
9 0.78145452375 0.7983142974999999 0.7544224475 0.797438715 0.74715553375 0.790464985 0.7160021987499999 0.7892152575 0.6821910087499999 0.77825322375 0.66923000875 0.7676055549999999 0.6127519 0.75458572375 0.6003881249999999 0.75346329 0.594559565 0.7639836649999999 0.599387475 0.7865209975 0.6417694575 0.83614518 0.654301985 0.916208055 0.6924783325 0.92598787375 0.78363380875 0.93110634375 0.8061913012499999 0.9205261874999999 0.82378640875 0.9016030137500001 0.827201015 0.8798139725 0.84297939375 0.85914736625 0.9259424525 0.8098530137500001 0.9371618700000001 0.73826044875 0.9221402424999999 0.7274257075 0.939356975 0.7242532075 0.94764958875 0.67133696375 0.932493485 0.67469653625 0.9252015225 0.6945550737499999 0.8936698125 0.70905602 0.90771584 0.7261162 0.90055835125 0.7317804225000001 0.8979848724999999 0.7615383375 0.8824503925 0.78064858375 0.86195352875 0.7914158125 0.8083771762499999 0.7865519275 0.78145452375 0.7983142974999999
