11 0.1148225475 0.4796875 0.10020876875000001 0.51875 0.10438413375 0.5453125 0.09812108500000001 0.565625 0.13361169125 0.5890625 0.1565762 0.615625 0.2672233825 0.7734375 0.277661795 0.7828125 0.29645094 0.784375 0.34655532375 0.775 0.41127348625000004 0.7515625 0.43423799625000004 0.734375 0.43423799625000004 0.7078125 0.36116910249999995 0.4890625 0.33194154500000006 0.4671875 0.2755741125 0.453125 0.25052192125 0.440625 0.2171189975 0.440625 0.20459290249999998 0.453125 0.16910229625 0.4453125 0.1148225475 0.4796875
11 1 0.74375 0.9624217125 0.740625 0.87056367375 0.7671875 0.847599165 0.7390625 0.8016701462499999 0.7390625 0.70981210875 0.7546875 0.61586638875 0.7796875 0.56158663875 0.8015625 0.5386221299999999 0.81875 0.5386221299999999 0.84375 0.56993737 0.84375 0.64926931125 0.8296875 0.659707725 0.8875 0.67849686875 0.91875 0.67223382 0.784375 0.6931106475 0.78125 0.7118997912499999 0.95625 0.74112734875 1 0.8455114825 1 0.8455114825 0.9765625 0.8538622125 0.9640625 0.88935281875 0.95625 0.95824634625 0.9046875 1 0.890625 1 0.74375
13 0.6638830900000001 0.7671875 0.67223382 0.7796875 0.6951983300000001 0.7703125 0.699373695 0.7625 0.699373695 0.7109375 0.68684759875 0.503125 0.68267223375 0.4921875 0.6638830900000001 0.490625 0.65135699375 0.5015625 0.65135699375 0.578125 0.6638830900000001 0.7671875
13 0.6847599162500001 0.975 0.6910229649999999 0.9890625 0.7118997912499999 0.990625 0.71816283875 0.971875 0.699373695 0.790625 0.6972860125 0.78125 0.67640918625 0.7796875 0.668058455 0.7828125 0.668058455 0.8078125 0.6847599162500001 0.975
13 0.206680585 0.45625 0.19832985375 0.4203125 0.14822547 0.328125 0.10020876875000001 0.2546875 0.08141962375 0.2515625 0.07724425875 0.2609375 0.16701461375 0.428125 0.206680585 0.45625
11 0.17327766125 1 0.19415448875 0.9703125 0.20459290249999998 0.940625 0.19832985375 0.878125 0.16283924875 0.8296875 0.11064718125 0.8078125 0.03966597125 0.8328125 0 0.834375 0 1 0.17327766125 1
14 0.62630480125 0.2953125 0.6033402925 0.3265625 0.6033402925 0.359375 0.61795407125 0.3703125 0.6659707725 0.3859375 0.68893528125 0.378125 0.75782881 0.33125 0.76617954125 0.31875 0.7494780787499999 0.29375 0.7494780787499999 0.275 0.70772442625 0.259375 0.6847599162500001 0.2796875 0.6534446762499999 0.2734375 0.62630480125 0.2953125
9 1 0.30625 0.972860125 0.296875 0.9039665975 0.29375 0.8121085600000001 0.2984375 0.7745302712500001 0.3140625 0.6388308975 0.4171875 0.574112735 0.503125 0.56784968625 0.5421875 0.53235908125 0.56875 0.50730688875 0.6015625 0.4864300625 0.6671875 0.49269311125000004 0.690625 0.56784968625 0.653125 0.6534446762499999 0.6203125 0.659707725 0.50625 0.668058455 0.5 0.6847599162500001 0.5078125 0.68893528125 0.60625 0.6972860125 0.6125 0.8455114825 0.6078125 0.9039665975 0.584375 0.96033402875 0.5453125 0.97912317375 0.5234375 0.98956158625 0.471875 1 0.4578125 1 0.30625
0 0 0.8328125 0.07098121125 0.834375 0.10020876875000001 0.821875 0.12943632624999998 0.7875 0.1544885175 0.665625 0.1461377875 0.5984375 0.12526096 0.5796875 0.0334029225 0.584375 0.03131524 0.6296875 0 0.6578125 0 0.6890625 0.0062630475 0.6921875 0 0.7078125 0 0.8328125
11 0.33611691 0.4703125 0.36116910249999995 0.4921875 0.37160751625000005 0.546875 0.394572025 0.6015625 0.41962421749999995 0.60625 0.48434238 0.596875 0.50521920625 0.609375 0.542797495 0.559375 0.542797495 0.5078125 0.50313152375 0.4953125 0.4279749475 0.434375 0.40501043875 0.4359375 0.3883089775 0.4484375 0.3695198325 0.4484375 0.34237995875000005 0.4234375 0.31315240125 0.4203125 0.29018789125 0.4265625 0.29436325625 0.4484375 0.33611691 0.4703125
14 0 0.509375 0.01252609625 0.521875 0.020876826249999998 0.5109375 0.0334029225 0.5078125 0.0605427975 0.5171875 0.10647181625 0.5046875 0.16701461375 0.4453125 0.17327766125 0.428125 0.0960334025 0.2890625 0.089770355 0.2625 0.09812108500000001 0.2671875 0.09812108500000001 0.259375 0.04175365375 0.1296875 0.022964509999999997 0.103125 0 0.09375 0 0.509375
9 0.34655532375 0.2015625 0.2755741125 0.2515625 0.25887265125 0.2796875 0.22338204625 0.315625 0.20041753624999997 0.3546875 0.19832985375 0.4 0.21920668 0.43125 0.26096033375 0.425 0.3298538625 0.4265625 0.36116910249999995 0.453125 0.37369519875 0.453125 0.4822546975 0.421875 0.49895615875 0.4109375 0.53444676375 0.3 0.53444676375 0.2765625 0.44885177499999995 0.1734375 0.4279749475 0.1609375 0.40709812125 0.159375 0.39039665999999995 0.165625 0.36743215 0.19375 0.34655532375 0.2015625
9 0.08141962375 0.240625 0.09812108500000001 0.25625 0.13361169125 0.3234375 0.18997912374999998 0.3984375 0.22546972875000001 0.3140625 0.26513569875000004 0.278125 0.2755741125 0.2578125 0.31524008375 0.234375 0.32567849625 0.221875 0.32359081375000004 0.2125 0.2755741125 0.175 0.2442588725 0.1609375 0.2129436325 0.1578125 0.1565762 0.1171875 0.0835073075 0.0765625 0.035490605 0.0609375 0 0.0609375 0.0020876824999999997 0.084375 0.035490605 0.1125 0.0375782875 0.1421875 0.08141962375 0.240625
12 0.793319415 0.2265625 0.7807933199999999 0.2390625 0.7515657625 0.2828125 0.7557411275 0.3078125 0.76617954125 0.31875 0.855949895 0.29375 0.87056367375 0.265625 0.89561586625 0.2453125 0.8977035487499999 0.225 0.91858037625 0.2078125 0.9123173275 0.2 0.8851774525 0.1984375 0.8434238000000001 0.2046875 0.8225469725000001 0.221875 0.793319415 0.2265625
14 0.6910229649999999 1 0.68267223375 0.9328125 0.659707725 0.8875 0.6471816287500001 0.8328125 0.56784968625 0.84375 0.53653444625 0.8390625 0.5386221299999999 0.81875 0.55741127375 0.8046875 0.6701461375 0.7640625 0.6617954075 0.634375 0.659707725 0.6234375 0.6471816287500001 0.621875 0.58455114875 0.64375 0.49478079375 0.69375 0.44885177499999995 0.734375 0.3966597075 0.8078125 0.37787056375 0.865625 0.37787056375 0.925 0.39039665999999995 0.9625 0.41962421749999995 1 0.6910229649999999 1
14 0.6972860125 0.7484375 0.70354906 0.7578125 0.7557411275 0.7546875 0.80375782875 0.74375 0.8434238000000001 0.74375 0.86221294375 0.75625 0.86847599125 0.7703125 0.8789144050000001 0.771875 0.9269311062500001 0.7578125 0.9853862212500001 0.7515625 0.98747390375 0.7140625 0.97912317375 0.6953125 0.94989561625 0.65625 0.92275574125 0.6375 0.86847599125 0.615625 0.80793319375 0.6046875 0.75782881 0.603125 0.7014613774999999 0.6109375 0.68893528125 0.621875 0.6972860125 0.7484375
