2 0.127419355 0.587044535 0.13709677375 0.601214575 0.14838709625 0.6518218625 0.14516129 0.6720647775 0.15322580625 0.68421052625 0.1935483875 0.6882591087500001 0.20483871 0.67813765125 0.20483871 0.60931174125 0.23548387125 0.560728745 0.177419355 0.5344129550000001 0.15 0.53238866375 0.13064516125 0.53846153875 0.10483871 0.5850202425 0.127419355 0.587044535
2 0.20322580625 0.7105263162500001 0.20967741875 0.7327935225000001 0.272580645 0.7914979762500001 0.32258064500000005 0.81578947375 0.35 0.80971659875 0.38548387125 0.7874493925 0.40161290375 0.75910931125 0.4064516125 0.7307692312499999 0.40322580625 0.69028340125 0.39032258124999997 0.65991902875 0.36290322625000004 0.6295546562500001 0.32258064500000005 0.61336032375 0.30483871 0.5708502025 0.282258065 0.55870445375 0.25483871 0.55870445375 0.22580645125 0.574898785 0.20322580625 0.61336032375 0.20322580625 0.7105263162500001
2 0.34032258125 0.8178137649999999 0.39193548375 0.84210526375 0.4435483875 0.85222672125 0.46290322625 0.82591093125 0.47580645125 0.78340081 0.4709677425 0.73481781375 0.44193548374999997 0.71659919 0.4209677425 0.6882591087500001 0.40322580625 0.6821862350000001 0.4064516125 0.736842105 0.39677419375 0.7732793524999999 0.34032258125 0.8178137649999999
2 0.4709677425 0.80971659875 0.4564516125 0.84210526375 0.45806451625 0.85627530375 0.5112903225000001 0.86234817875 0.5612903225 0.86234817875 0.60806451625 0.85627530375 0.61290322625 0.85222672125 0.60806451625 0.803643725 0.6 0.7914979762500001 0.5838709675 0.7854251012500001 0.57580645125 0.77530364375 0.55 0.7611336037499999 0.54193548375 0.75101214625 0.5112903225000001 0.7469635625 0.49193548375 0.763157895 0.477419355 0.78340081 0.4709677425 0.80971659875
2 0.6177419350000001 0.7145748987499999 0.6064516125 0.7307692312499999 0.572580645 0.75101214625 0.54677419375 0.74493927125 0.54516129 0.7530364375 0.5887096775 0.7894736837499999 0.65 0.79757085 0.6822580650000001 0.77125506125 0.69516129 0.75101214625 0.70161290375 0.7267206475000001 0.6983870962500001 0.67408906875 0.672580645 0.61943319875 0.64677419375 0.60931174125 0.6290322575 0.5910931175 0.5935483874999999 0.58097166 0.5935483874999999 0.61943319875 0.6209677425 0.65789473625 0.6177419350000001 0.7145748987499999
2 0.41885376 0.6295546562500001 0.41724085625 0.6801619437499999 0.43982150124999997 0.7145748987499999 0.45595053375 0.7267206475000001 0.46562795375 0.72874493875 0.46562795375 0.71862348125 0.47369246875000004 0.71659919 0.52691827625 0.75101214625 0.5849827925000001 0.74291498 0.61885376 0.7125506075 0.6204666625 0.655870445 0.596273115 0.62348178125 0.59234158125 0.5745315187500001 0.531756985 0.5546558699999999 0.51401505 0.5566801625 0.52691827625 0.54251012125 0.51885376 0.5344129550000001 0.47853117875 0.55263157875 0.44466021125 0.5850202425 0.41885376 0.6295546562500001
2 0.09516129 0.42105263125000003 0.08709677375 0.465587045 0.1 0.5161943325 0.09838709625 0.54251012125 0.1161290325 0.55870445375 0.1290322575 0.5404858300000001 0.15161290375 0.53238866375 0.23387096750000003 0.55263157875 0.2387096775 0.4635627525 0.232258065 0.439271255 0.18548387125000002 0.39676113375 0.16290322625 0.39473684249999996 0.13548387125 0.41093117375 0.10967741874999999 0.4048583 0.09516129 0.42105263125000003
2 0.6522973812499999 0.60605813 0.66804196 0.61210156625 0.67810098125 0.62528741125 0.695594965 0.6626471112500001 0.7030299275 0.6445166925 0.71396366625 0.62199092875 0.72489740625 0.6099039475 0.7266467787499999 0.60440986875 0.7266467787499999 0.59122406625 0.72139859625 0.5796865062500001 0.7165877924999999 0.576939465 0.7065287037500001 0.57254420625 0.69734436875 0.56759952375 0.69603234 0.560457225 0.6894720962499999 0.560457225 0.6798503850000001 0.55496314375 0.6732901425 0.55001846375 0.65142266125 0.54782084375 0.63042990125 0.55001846375 0.62299493875 0.56265484375 0.60338710625 0.5794125525 0.619933505 0.58353236625 0.63524074 0.5901252475 0.6522973812499999 0.60605813
2 0.69677419375 0.65991902875 0.70161290375 0.7206477737500001 0.6935483875 0.75506072875 0.70483871 0.7854251012500001 0.7338709675 0.80971659875 0.7435483875 0.8076923075000001 0.77580645125 0.75910931125 0.84032258125 0.63360323875 0.832258065 0.61336032375 0.8112903225 0.5971659925 0.7580645162499999 0.587044535 0.72580645125 0.6072874500000001 0.7080645162499999 0.6295546562500001 0.69677419375 0.65991902875
2 0.72419354875 0.5546558699999999 0.72580645125 0.6072874500000001 0.7564516125 0.587044535 0.8064516125 0.5951417 0.827419355 0.6113360325 0.85161290375 0.59311740875 0.867741935 0.546558705 0.8693548387500001 0.5161943325 0.8338709675 0.4838056675 0.7935483875 0.4757085025 0.7580645162499999 0.48785425125000004 0.73548387125 0.5161943325 0.72419354875 0.5546558699999999
2 0.63709677375 0.44939271249999996 0.63709677375 0.48785425125000004 0.65 0.5242914975 0.70161290375 0.57287449375 0.7145161287499999 0.57287449375 0.72419354875 0.560728745 0.7387096775 0.50809716625 0.7661290325 0.4838056675 0.7935483875 0.47773279375 0.8 0.45546558750000005 0.79838709625 0.42105263125000003 0.7887096775000001 0.39676113375 0.772580645 0.3744939275 0.74677419375 0.35627530375 0.7112903224999999 0.35627530375 0.667741935 0.38461538500000003 0.6451612900000001 0.42105263125000003 0.63709677375 0.44939271249999996
2 0.3064516125 0.4838056675 0.30322580625 0.52834008125 0.30967741875 0.58097166 0.32096774250000004 0.61336032375 0.367741935 0.63360323875 0.40483871 0.6801619437499999 0.41451612875000005 0.67408906875 0.41451612875000005 0.6457489875 0.42741935499999995 0.6072874500000001 0.45806451625 0.5688259112499999 0.4612903225 0.48178137625 0.4564516125 0.46153846125000003 0.42419354875000004 0.41093117375 0.39032258124999997 0.39271254999999994 0.35967741875000003 0.4048583 0.33548387124999995 0.425101215 0.3064516125 0.4838056675
2 0.45967741875 0.560728745 0.46774193500000005 0.56275303625 0.54193548375 0.52226720625 0.54032258125 0.5566801625 0.59838709625 0.57894736875 0.60806451625 0.574898785 0.6177419350000001 0.55263157875 0.6193548387500001 0.51214574875 0.6064516125 0.4757085025 0.58548387125 0.453441295 0.55806451625 0.439271255 0.50161290375 0.43117408875 0.45806451625 0.45546558750000005 0.46290322625 0.4838056675 0.45967741875 0.560728745
2 0.26451612874999997 0.4696356275 0.25967741875 0.4838056675 0.25 0.49595141750000005 0.24193548374999999 0.52226720625 0.24032258124999997 0.5404858300000001 0.24677419374999998 0.56275303625 0.25806451625 0.55870445375 0.277419355 0.55870445375 0.29677419374999997 0.5647773275 0.30483871 0.57287449375 0.30967741875 0.5708502025 0.30806451625000003 0.5344129550000001 0.30483871 0.52834008125 0.30483871 0.49595141750000005 0.31290322625 0.4696356275 0.33548387124999995 0.4291497975 0.33548387124999995 0.425101215 0.33064516125 0.4230769225 0.31612903249999996 0.425101215 0.2887096775 0.439271255 0.26451612874999997 0.4696356275
2 0.16935483875 0.34008097125 0.127419355 0.3744939275 0.11935483875 0.398785425 0.13709677375 0.40890688249999996 0.16129032250000003 0.39676113375 0.18064516125000002 0.39676113375 0.222580645 0.425101215 0.23709677375 0.453441295 0.23709677375 0.506072875 0.2435483875 0.52226720625 0.25 0.49797570874999997 0.28064516125 0.4433198375 0.25967741875 0.43522267249999996 0.23709677375 0.40890688249999996 0.23064516125 0.36032388625 0.2387096775 0.32995951375 0.227419355 0.30971659875 0.21129032250000002 0.32186234874999997 0.19677419375 0.27935222625 0.18064516125000002 0.26720647750000004 0.16451612875 0.27530364375 0.17419354875 0.31174089125 0.16935483875 0.34008097125
2 0.24032258124999997 0.33198380625 0.2290322575 0.36437247 0.2290322575 0.3825910925 0.24032258124999997 0.41497975750000005 0.26290322625 0.43724696375 0.2935483875 0.43724696375 0.32580645124999996 0.41497975750000005 0.3838709675 0.39271254999999994 0.37903225749999997 0.38056680125 0.38709677374999996 0.3684210525 0.39516129 0.3340080975 0.39516129 0.29959514125 0.38548387125 0.26923076875 0.37258064500000004 0.24898785375 0.35 0.23076923125 0.30806451625000003 0.22874493875 0.26451612874999997 0.24291498 0.24193548374999999 0.2874493925 0.24032258124999997 0.33198380625
2 0.39838709625 0.32186234874999997 0.39193548375 0.35020242875 0.39838709625 0.3886639675 0.42258064500000003 0.40890688249999996 0.44838709625 0.44939271249999996 0.4564516125 0.45141700375 0.50967741875 0.43117408875 0.5338709675 0.43117408875 0.5564516125 0.40688259125000004 0.59032258125 0.39271254999999994 0.6064516125 0.36437247 0.60322580625 0.35425101249999996 0.567741935 0.32186234874999997 0.55967741875 0.30161943375 0.5435483875 0.28340081 0.50161290375 0.25708502 0.47903225749999995 0.25708502 0.44677419375 0.26923076875 0.42258064500000003 0.2874493925 0.39838709625 0.32186234874999997
2 0.19193548375 0.17004048624999998 0.182258065 0.21862348125 0.18870967749999998 0.2469635625 0.24032258124999997 0.28340081 0.26935483875 0.24089068875 0.33548387124999995 0.2267206475 0.33709677374999997 0.2125506075 0.32096774250000004 0.19028340124999998 0.32096774250000004 0.18016194375000003 0.34677419375 0.14777327875 0.35967741875000003 0.141700405 0.332258065 0.1255060725 0.29677419374999997 0.11943319875 0.28064516125 0.101214575 0.25 0.08906882625 0.222580645 0.1052631575 0.21290322625000002 0.12145749 0.19193548375 0.17004048624999998
2 0.33548387124999995 0.21052631625 0.33548387124999995 0.23076923125 0.34838709625 0.23076923125 0.37903225749999997 0.26113360375 0.39516129 0.31174089125 0.40322580625 0.3137651825 0.42580645124999994 0.28542510125 0.4564516125 0.26518218625 0.4709677425 0.22874493875 0.472580645 0.19433198375 0.45967741875 0.16396761125 0.43225806499999997 0.13967611375 0.37258064500000004 0.13157894750000002 0.33548387124999995 0.15789473625 0.31935483875 0.19028340124999998 0.33548387124999995 0.21052631625
2 0.38548387125 0.10728745 0.38548387125 0.13157894750000002 0.41935483875 0.13562753 0.44032258125 0.14574898749999998 0.45967741875 0.16599190249999998 0.46774193500000005 0.18421052625 0.4709677425 0.18421052625 0.48225806499999996 0.17004048624999998 0.5 0.15991902875 0.49677419375 0.13360323875000002 0.4887096775 0.11538461500000001 0.477419355 0.101214575 0.44838709625 0.08704453499999999 0.4161290325 0.08704453499999999 0.39193548375 0.0951417 0.38064516125 0.10323886625 0.38548387125 0.10728745
2 0.4709677425 0.18016194375000003 0.4709677425 0.222672065 0.46290322625 0.2469635625 0.46290322625 0.25910931125000003 0.50483871 0.25910931125000003 0.55483871 0.29554655875 0.55806451625 0.24898785375 0.57580645125 0.2125506075 0.58709677375 0.19838056625 0.59838709625 0.19230769250000002 0.59838709625 0.18421052625 0.577419355 0.15991902875 0.56290322625 0.14979757125 0.5435483875 0.14372469625 0.522580645 0.14372469625 0.50322580625 0.15182186250000002 0.49677419375 0.16194332 0.4709677425 0.18016194375000003
2 0.55483871 0.29959514125 0.5741935487500001 0.33198380625 0.60161290375 0.35425101249999996 0.65 0.35627530375 0.6854838712500001 0.32591093125 0.7 0.30161943375 0.70967741875 0.26518218625 0.70161290375 0.20445344124999998 0.68064516125 0.19230769250000002 0.59677419375 0.19230769250000002 0.572580645 0.21457489875 0.55483871 0.2530364375 0.55483871 0.29959514125
2 0.60161290375 0.1862348175 0.60322580625 0.19230769250000002 0.69193548375 0.19838056625 0.70161290375 0.21052631625 0.7080645162499999 0.24089068875 0.70483871 0.29959514125 0.73548387125 0.30161943375 0.7387096775 0.236842105 0.72580645125 0.18016194375000003 0.69193548375 0.13967611375 0.66935483875 0.12955465625 0.64677419375 0.12955465625 0.6338709674999999 0.13562753 0.6145161287500001 0.155870445 0.60161290375 0.1862348175
2 0.7387096775 0.30364372500000003 0.70967741875 0.30566801625 0.65806451625 0.3481781375 0.64677419375 0.3744939275 0.6322580649999999 0.38663967624999995 0.64032258125 0.39676113375 0.6435483875 0.4230769225 0.672580645 0.38056680125 0.70161290375 0.36032388625 0.75 0.358299595 0.7709677425 0.37246963625 0.79516129 0.40890688249999996 0.8016129037499999 0.43522267249999996 0.79677419375 0.4757085025 0.8387096775 0.48178137625 0.8387096775 0.439271255 0.8290322575000001 0.3825910925 0.80806451625 0.33603238875 0.80967741875 0.29959514125 0.78709677375 0.2874493925 0.7822580650000001 0.26315789500000003 0.76451612875 0.29149797625 0.74677419375 0.2935222675 0.7387096775 0.30364372500000003
