8 0.50338530375 0.52217537375 0.50350514875 0.51747927875 0.52549535125 0.5125010975 0.51351664 0.5067381000000001 0.5013727725 0.50024741 0.5112790325000001 0.48643049 0.53392691875 0.42688448375 0.53211023375 0.41887984250000004 0.51550723375 0.39274139625 0.501140375 0.35817125875 0.48843966250000004 0.32310623125 0.47883155250000003 0.29644361375 0.48093177 0.2717405525 0.46905828875 0.26905330125 0.46392125125 0.233358195 0.4529653625 0.2373261 0.43918604375000003 0.24452592750000002 0.43277723 0.25808076125 0.44477641375 0.37102912250000003 0.46568654625 0.379576495 0.47619496 0.3997577025 0.48181016625 0.42449932124999995 0.47976987 0.4468543325 0.47444259250000004 0.475622915 0.466097245 0.4858692025 0.47060168875 0.51094074875 0.47325875375000004 0.5148120275 0.49068605624999995 0.51584964625 0.4993324775 0.52260242375 0.50338530375 0.52217537375
13 0.35420094625 0.63018060875 0.35297033624999996 0.63520663125 0.40602394375 0.75926321375 0.41168299374999995 0.76068932125 0.41657620125 0.75612890875 0.41912157875 0.7516718412500001 0.363762285 0.6226801375000001 0.35420094625 0.63018060875
13 0.48954752625 0.56046254875 0.49816325499999997 0.5540196975 0.5386564374999999 0.45033567875 0.53814489875 0.42718513 0.5453195562500001 0.41961681624999997 0.5486518475 0.41862703625000003 0.56214470375 0.38665631 0.55932248625 0.38205733625 0.5551267575 0.381854735 0.51088880375 0.48732314875 0.50553083 0.50289610375 0.48740053625 0.5510025175 0.48954752625 0.56046254875
13 0.5223311125 0.2765323275 0.52594840375 0.27157414625000004 0.5277504199999999 0.2664537775 0.45468264499999994 0.062047357500000004 0.44746267875 0.0641918825 0.4412336325 0.07070257375 0.5223311125 0.2765323275
13 0.40508269625 0.5513738925 0.40626946125 0.56966338125 0.42695598250000005 0.60857040625 0.434611485 0.61095701375 0.43818346750000003 0.6005750425 0.2893263675 0.33649520125000004 0.283036025 0.33751166 0.27703205375 0.34240200000000004 0.38568817250000004 0.53383209875 0.39416944125000003 0.5398571799999999 0.40508269625 0.5513738925
11 0.369890465 0.40414675875 0.3688557025 0.42309610375 0.361051125 0.440949265 0.3684669375 0.45272806125000004 0.41726747875000003 0.47707047 0.43428993499999996 0.48677258375 0.45425445875000003 0.4963775775 0.46544842125 0.49084659125 0.4723262925 0.47935851125 0.47466766625 0.4740025625 0.47679857875000003 0.46249512875 0.47955941 0.44070284875 0.48131470625 0.42231623749999997 0.47751618375 0.4055792575 0.4712111375 0.393470535 0.46241417625 0.3782182275 0.45043546375 0.37245523249999996 0.4398378975 0.37016574625 0.42916579499999996 0.37799614499999995 0.421720755 0.3817610225 0.38602577125000004 0.3838191475 0.3745132875 0.39578291 0.369890465 0.40414675875
11 0.53541915375 0.54839094 0.581334625 0.51300382 0.5946491775 0.5168165375 0.6045408225 0.51077145375 0.6087734175 0.5033002625 0.60781172875 0.48339042125 0.61004787125 0.47495873000000005 0.60758062125 0.4431909675 0.6026305937499999 0.43444063 0.60191005875 0.43387790000000004 0.594434325 0.42444715125000004 0.5846771375 0.41802430125 0.5700267462499999 0.41616186374999997 0.55770311375 0.4167153175 0.5470909325000001 0.42219766875 0.537634825 0.43277388250000004 0.5368251374999999 0.45010287374999997 0.518905305 0.5043607725 0.52549535125 0.5125010975 0.518275385 0.51464562 0.5174203924999999 0.52655082125 0.52648773625 0.545606565 0.53541915375 0.54839094
11 0.53741850625 0.31166519625 0.5329447574999999 0.29978927625 0.53701219875 0.29159039 0.53331890875 0.2779291525 0.5303165575 0.25947609499999996 0.518441975 0.24894777 0.50769387125 0.23815875250000001 0.50259020375 0.23656768125 0.493373785 0.237751705 0.4825964525 0.24250636374999998 0.47353057374999996 0.25218992 0.467586525 0.25473221125 0.47121989375 0.270741495 0.481652305 0.27230328625 0.48051231375000003 0.28817688625 0.48264469 0.30540875375 0.5036322875 0.3613148425 0.5276467075 0.313014185 0.5354673625 0.31612848625 0.53741850625 0.31166519625
11 0.2869514925 0.5872387875 0.29023994125 0.60956451875 0.30203888625 0.6223716575 0.31566913 0.63541159875 0.32182363875 0.63902079125 0.34018193625000004 0.64677262625 0.3549974825 0.64936275625 0.37521631 0.6418037225000001 0.38399718875 0.63608856625 0.3945640625 0.625182425 0.39463859874999996 0.6150625399999999 0.39983141875 0.59876189 0.40373370625 0.58983531 0.4047980025 0.57101609625 0.40307163125 0.55818523 0.40257617125 0.55600214625 0.3948300525 0.5427679575 0.38684424375 0.5389259625 0.37681667625000004 0.52869967625 0.3467471175 0.46150968124999997 0.33771046875000005 0.45564956500000003 0.32501122125000004 0.4493238375 0.3124025875 0.45384568875 0.29695712375 0.46154040625 0.291163615 0.47258223 0.28486003 0.48921280625 0.29526614375 0.5637968725 0.29286484749999997 0.57150086875 0.2869514925 0.5872387875
11 0.43391640125000003 0.25003978 0.4179762975 0.2477187925 0.40143468499999996 0.24797160000000001 0.39004204625 0.25523926875 0.3883013625 0.2658540425 0.37612826875000005 0.2749070275 0.37788503 0.285259715 0.38345492875 0.30457754625 0.38798860124999995 0.31410541875 0.39404080999999996 0.37211747 0.39785394500000004 0.38108261125 0.41172387875 0.38473036374999997 0.42060999125000004 0.38209095 0.42972117875000004 0.37783118125000004 0.44261480875 0.36934092874999996 0.43199677125 0.2598660775 0.43391640125000003 0.25003978
8 0.32081954 0.37600091625 0.33074188 0.38315145875 0.33833746 0.38788611375000004 0.320997845 0.34021747124999996 0.30790836625 0.33478440374999996 0.301828395 0.32105532750000004 0.29432343125 0.32716825 0.26599895125 0.33558138249999997 0.2651278775 0.32651912000000005 0.24472781999999998 0.31238299625 0.2324787225 0.30281656375 0.22175984750000002 0.2764838725 0.212932195 0.24803593875000002 0.21482195125 0.217181395 0.22307667875 0.1960875275 0.23907752625 0.18822784625 0.24368573500000001 0.187635835 0.2443755775 0.17500293875 0.25492783375 0.17186863500000002 0.2630334875 0.1710145375 0.26860192125 0.16159306625 0.28644868125 0.146194355 0.26905586875 0.1296362375 0.23575838375 0.15270649 0.1885377675 0.203239515 0.18037219125 0.20644165999999997 0.17309230374999998 0.21093423125000002 0.16123490000000001 0.2292144425 0.1528603275 0.255004405 0.16044129125 0.2675108975 0.1825834975 0.2997715475 0.21145021 0.32770458875 0.25163502125000003 0.3584898475 0.27638752 0.360458685 0.29617227375 0.37710782125000003 0.27686689999999997 0.34167430625 0.28786930875 0.335299295 0.3103272075 0.37678717125 0.32081954 0.37600091625
9 0.45019580249999996 0.6770122675 0.45504516500000003 0.6957673662499999 0.4962179675 0.67344019125 0.51871678125 0.634133955 0.51725963125 0.6120410275 0.51511264125 0.6025809975 0.5057010175 0.57678414 0.49968032749999997 0.573764575 0.49095937 0.577131685 0.48722223375 0.5867859599999999 0.473052685 0.594878445 0.4580573725 0.59933245625 0.4375842425 0.62405551875 0.41894094625 0.62027208375 0.39770050625000003 0.61026932375 0.39646989750000006 0.6152953449999999 0.38940047125 0.6259394 0.37288955 0.63938783375 0.39914597 0.69761268875 0.41890003124999997 0.7010661974999999 0.42984251749999997 0.697039235 0.45019580249999996 0.6770122675
