14 0.305555555 0.715686275 0.3153594775 0.81127451 0.40196078375 0.80882353 0.43790849625 0.76960784375 0.4558823525 0.718137255 0.45424836625 0.64705882375 0.41830065375 0.55392156875 0.4003267975 0.5318627450000001 0.36764705875 0.52696078375 0.32516339875 0.5637254899999999 0.28921568625 0.6372549025 0.305555555 0.715686275
14 0.4509803925 0.74264705875 0.45751634 0.87254902 0.4640522875 0.8872549024999999 0.5277777775 0.92892156875 0.5882352937499999 0.93382353 0.65359477125 0.88480392125 0.68300653625 0.7671568625 0.6290849675 0.6715686275 0.5849673200000001 0.6397058824999999 0.5441176475 0.6348039212500001 0.491830065 0.66421568625 0.45915032625 0.718137255 0.4509803925 0.74264705875
14 0.65196078375 0.88235294125 0.7009803925 0.87254902 0.7647058825 0.784313725 0.79248366 0.70833333375 0.7859477125 0.62745098 0.7777777775 0.62745098 0.72385620875 0.68872549 0.68954248375 0.74754902 0.65196078375 0.88235294125
14 0.784313725 0.6715686275 0.78921568625 0.7034313725 0.7647058825 0.7965686275 0.7941176475 0.77696078375 0.8120915037499999 0.75245098 0.8366013075 0.66421568625 0.86111111125 0.6127450975 0.86111111125 0.60049019625 0.83986928125 0.60049019625 0.80392156875 0.6127450975 0.78921568625 0.6397058824999999 0.784313725 0.6715686275
14 0.60457516375 0.6078431375000001 0.62254902 0.66421568625 0.6633986925 0.7377450975000001 0.69771241875 0.7352941175 0.7271241825 0.68627451 0.76797385625 0.6421568625 0.79084967375 0.5784313725 0.79248366 0.5490196075 0.78104575125 0.5367647062500001 0.69607843125 0.5318627450000001 0.62254902 0.55147058875 0.60294117625 0.5686274512499999 0.60457516375 0.6078431375000001
14 0.385620915 0.52696078375 0.40196078375 0.5318627450000001 0.41830065375 0.55392156875 0.4297385625 0.595588235 0.470588235 0.60539215625 0.4722222225 0.5931372549999999 0.444444445 0.5 0.465686275 0.43137254875000003 0.4983660125 0.37254902 0.491830065 0.35539215625 0.4722222225 0.340686275 0.44771241875 0.33578431375 0.3839869275 0.42647058875 0.37745098 0.49754902 0.385620915 0.52696078375
14 0.6160130724999999 0.46323529375 0.6421568625 0.49019607875 0.656862745 0.4877450975 0.6503267975 0.465686275 0.65196078375 0.44117647 0.6323529412500001 0.39460784375 0.5392156862499999 0.3259803925 0.52450980375 0.3259803925 0.5 0.3602941175 0.51960784375 0.41176470625 0.6160130724999999 0.46323529375
14 0.78104575125 0.6127450975 0.78758169875 0.64705882375 0.80882353 0.6127450975 0.8627450975000001 0.59803921625 0.8872549024999999 0.55392156875 0.89052287625 0.5098039212500001 0.885620915 0.49509803875 0.83986928125 0.4215686275 0.79575163375 0.5441176475 0.79248366 0.5808823525 0.78104575125 0.6127450975
14 0.64705882375 0.4509803925 0.6879084962500001 0.4509803925 0.70751634 0.47549019625 0.71732026125 0.5122549025 0.7777777775 0.5122549025 0.80882353 0.49509803875 0.805555555 0.465686275 0.7777777775 0.4215686275 0.741830065 0.33578431375 0.72875817 0.31372549 0.71241830125 0.30637254875 0.64542483625 0.3627450975 0.6356209150000001 0.40196078375 0.64705882375 0.4509803925
14 0.720588235 0.31372549 0.76797385625 0.3921568625 0.8120915037499999 0.38235294125 0.82516339875 0.345588235 0.82352941125 0.27450980375 0.805555555 0.2377450975 0.805555555 0.21078431375 0.79248366 0.21078431375 0.74019607875 0.25735294124999997 0.7009803925 0.30637254875 0.720588235 0.31372549
14 0.5669934637499999 0.35049019625 0.6160130724999999 0.38235294125 0.63071895375 0.37990196125 0.69771241875 0.28676470625 0.6372549025 0.23039215625 0.5359477125000001 0.16666666625 0.529411765 0.2990196075 0.5392156862499999 0.3284313725 0.5669934637499999 0.35049019625
0 0.41013071875 0.25 0.41993464 0.2622549025 0.4640522875 0.27696078375 0.529411765 0.28186274499999997 0.5359477125000001 0.21323529375 0.4297385625 0.19607843125 0.41666666625 0.2034313725 0.41013071875 0.22549019625 0.41013071875 0.25
14 0.35457516375 0.35294117625 0.42647058875 0.37254902 0.449346405 0.33578431375 0.49346405249999997 0.33578431375 0.49019607875 0.3259803925 0.4297385625 0.28676470625 0.423202615 0.2647058825 0.39379085 0.22303921625 0.29575163374999996 0.14705882375 0.27614379125 0.1691176475 0.28104575125 0.2377450975 0.35457516375 0.35294117625
14 0.2516339875 0.3872549025 0.26960784375 0.5073529412500001 0.28267973874999996 0.52450980375 0.29738562125 0.52450980375 0.37418300625 0.47549019625 0.38888888875 0.409313725 0.40196078375 0.3921568625 0.38888888875 0.39705882375 0.385620915 0.36519607875 0.3496732025 0.34803921625 0.30392156875000004 0.28431372499999996 0.28758169875 0.24754902 0.28104575125 0.24754902 0.25980392125 0.35539215625 0.2516339875 0.36519607875 0.2516339875 0.3872549025
10 0.34640522875 0.13235294125 0.32352941125 0.14705882375 0.31862745125 0.16421568625 0.3839869275 0.218137255 0.39379085 0.218137255 0.39542483625 0.18872549 0.41013071875 0.14215686249999998 0.4297385625 0.11519607875 0.428104575 0.08333333375 0.4084967325 0.07598039250000001 0.39052287625 0.093137255 0.3660130725 0.10049019625 0.34640522875 0.13235294125
14 0.6339869275000001 0.1127450975 0.62745098 0.156862745 0.6323529412500001 0.1740196075 0.68627451 0.218137255 0.69117647 0.2647058825 0.73039215625 0.27450980375 0.77124183 0.24509803875 0.79738562125 0.21078431375 0.80228758125 0.15441176499999998 0.8153594775 0.12254902 0.8153594775 0.09558823500000001 0.80228758125 0.06372549 0.77450980375 0.03921568625 0.720588235 0.029411765 0.68627451 0.041666666250000005 0.65359477125 0.07107843124999999 0.6339869275000001 0.1127450975
