13 0.34862133 0.08566065625000001 0.3482702725 0.11434494625 0.717694335 0.71889494125 0.72704689875 0.7094735912500001 0.34862133 0.08566065625000001
13 0.10917748 0.27512503 0.1183017425 0.2889086675 0.49536148249999995 0.34410344125000003 0.497388315 0.32720177624999996 0.10917748 0.27512503
13 0.037596531249999995 0.41901344625 0.36515237999999994 0.46490916499999996 0.3546109725 0.44335431875 0.03006091375 0.400701865 0.03071098375 0.4127712925 0.037596531249999995 0.41901344625
13 0.0916145925 0.34537561875 0.46896128125 0.6509590875000001 0.4747877175 0.6370787225 0.08951727625 0.32826588749999996 0.0916145925 0.34537561875
12 0.49398779625000006 0.94751871875 0.64808971125 0.8690369674999999 0.53990636625 0.58347814125 0.45394298375 0.618404855 0.23157843374999998 0.72958639125 0.33262666500000004 0.988179555 0.44288347375000003 0.9832792525 0.49398779625000006 0.94751871875
12 0.81214096875 0.526414335 0.63382514125 0.58852553875 0.71813289625 0.8412842875 0.80537911125 0.79102518875 0.93946174875 0.73039234875 0.870032565 0.5129493912499999 0.81214096875 0.526414335
12 0.66628108125 0 0.54362968625 0.11553028625 0.76228622 0.43826122125 0.9100538937499999 0.2880434425 0.8070598 0.1548542075 0.71534319125 0 0.66628108125 0
12 0.2691080925 0.4291474775 0.38972811625 0.38453020375 0.335648975 0.15735014749999998 0.20292277875 0.23938360875 0.10436296375 0.25605258249999996 0.0474701775 0.2624320225 0.0478137125 0.28411587125 0.0677108125 0.47865521375 0.17825149375 0.45455246125000004 0.20674305499999998 0.4547532225 0.2691080925 0.4291474775
12 0.03512292 0.52684380125 0.03687717 0.55315755 0.048896407499999996 0.596104395 0.08908852625 0.7298020587499999 0.1338835925 0.7528197249999999 0.26992727250000004 0.91488259375 0.378783505 0.651671865 0.27232533375 0.53442493125 0.1206105125 0.40805258375000003 0.03512292 0.52684380125
12 0.91557937875 0.4811563425 0.6789903037499999 0.31317649875000003 0.60062362125 0.6672326775 0.79507578625 0.7939061662500001 0.91557937875 0.4811563425
12 0.64123232375 0.454413685 0.660593745 0.39046641875 0.62738909375 0.28676771125 0.533373205 0.32530728000000003 0.4942431225 0.3471386425 0.44576047750000003 0.3783913525 0.35535184625 0.43906342625 0.42164837125 0.59204260625 0.451692165 0.61767297625 0.50394967 0.598977195 0.47674250125 0.49496274 0.64123232375 0.454413685
12 0.348090345 0.100782815 0.35037091875000004 0.206322175 0.37399902124999995 0.30180868625 0.6835901950000001 0.35136637625 0.68202428625 0.33002432125 0.5453086524999999 0.11506082 0.348090345 0.100782815
