10 0.56565365625 0.32005379 0.53672371 0.31254867000000003 0.5223053125 0.28682721375 0.4599145575 0.25593121375 0.40061505 0.21104226625 0.37945179875 0.18974261625 0.35227636124999995 0.19486673875000002 0.352106055 0.19642886 0.35152214375 0.2017847025 0.31894414625 0.24210197749999998 0.3003195075 0.28368398375000003 0.30054125249999997 0.31037231 0.35445836375 0.34718609875 0.4447572225 0.39495994375000004 0.46224114875 0.39256323000000004 0.453886375 0.36866845 0.48366785874999996 0.36836296625000003 0.48559267375 0.37943008749999996 0.55450653625 0.37921595500000005 0.5687546274999999 0.40649953125000005 0.5926685125 0.41693047624999996 0.620695485 0.40399575125 0.62066976625 0.38987052749999995 0.5948567849999999 0.38249768500000003 0.59707077875 0.36219011875 0.56565365625 0.32005379
14 0.6294325875 0.35257805 0.66124176125 0.41984058500000004 0.695171775 0.51073334375 0.74986326625 0.49736085750000003 0.7908690249999999 0.4802688825 0.7731119162500001 0.42772682 0.74252061125 0.36365466750000003 0.73623524375 0.33513966250000005 0.7030378937499999 0.26624887125 0.6664344025 0.2286004875 0.6617589524999999 0.22840207125 0.61627377125 0.25785873375 0.60539011 0.27152098625 0.6294325875 0.35257805
1 0.52961252375 0.30596949375 0.5627069975 0.3183593925 0.54767480375 0.2408234025 0.53862907875 0.12273841625 0.52060851125 0.11569626749999999 0.52795743875 0.0626503075 0.43512969125 0.052433496249999996 0.39982122375 0.06035116625 0.24234701625 0.11173416124999999 0.21142482 0.151224935 0.21274556375 0.21091621 0.214985275 0.20473386625 0.22005277499999998 0.23005849 0.24187153625000002 0.23098443375 0.279956355 0.22632328375 0.30783874 0.22907590249999998 0.27689082625 0.25444145375 0.31670443625 0.24828432125 0.326029615 0.23455592875 0.35556363374999994 0.193436895 0.3797924125 0.18661837625 0.4007853575 0.209480145 0.4269646725 0.22785397124999998 0.46008486499999995 0.25436909375 0.496832945 0.27633013125 0.52961252375 0.30596949375
1 0 0.77757374875 0.050670242500000004 0.7784194525 0.035442023749999996 0.68832035875 0.0676238 0.57983172375 0.08667248125 0.39074899750000003 0 0.37402635375000004 0 0.77757374875
1 0.11994071625 0.6887676137500001 0.12171122000000001 0.6150833925 0.10794833125 0.56898823 0.07159230375 0.5721533974999999 0.06881595125 0.56889688 0.049706108750000005 0.6292904712499999 0.037000506249999995 0.68838649875 0.047042355 0.782973535 0.10037139 0.782098015 0.11994071625 0.6887676137500001
1 0 0.982653055 0.0888002275 0.98876090125 0.10228993375 0.9799172887500001 0.16024297875 0.950989735 0.267556555 0.92886498625 0.32066384625 0.9013011387500001 0.3779356625 0.8786220687499999 0.37929811874999997 0.86612510375 0.385310305 0.8397013325 0.39506925125000003 0.77891090875 0 0.7866711162500001 0 0.982653055
1 0.5551912175 0.6601583125 0.5534624275 0.6616542950000001 0.56547080625 0.69512021375 0.54957108125 0.71170829 0.53788732125 0.7614315937499999 0.5230608762500001 0.79689739375 0.59090145875 0.7778055374999999 0.65216749625 0.7615733662499999 0.678687425 0.77682295 0.7186456225000001 0.7549784725 0.7570453362499999 0.7330678575 0.7836326975 0.69025442625 0.8399758212499999 0.6330102875 0.74747896625 0.51923054625 0.7301653475000001 0.52006514 0.5551912175 0.6601583125
9 0.4041949525 0.46542857374999996 0.42150857125 0.46459398125 0.45545458125000005 0.469173275 0.442202615 0.41839175124999994 0.40318910375 0.38848783374999996 0.33648923375 0.3683944 0.2926556875 0.35397940875000006 0.24916275250000003 0.33644017750000005 0.20467369625 0.3423988925 0.15536460124999998 0.36384653749999996 0.1581409525 0.36710305499999996 0.14436207 0.40732135625 0.12953562375 0.44278715875 0.12323426 0.5005856200000001 0.13748235250000002 0.5278691962500001 0.1646835075 0.5368702975 0.21494701375000003 0.56411294625 0.25532298125 0.58151990125 0.31026193375 0.60896096625 0.35010126125 0.61692905875 0.3798313075 0.5883731275 0.379439255 0.56324692125 0.41438139 0.5443282687500001 0.37415001 0.5112339699999999 0.32822134 0.48731397875 0.38067312000000003 0.48012383625 0.4041949525 0.46542857374999996
1 0.10461589249999999 0.35541547375 0.1106537975 0.34311692625 0.14703554625 0.35407698000000004 0.1641788575 0.35480450750000003 0.20569554 0.33302616874999996 0.23715437375 0.30297425624999996 0.25495319625 0.28332807875 0.23081756750000001 0.24620880750000002 0.19820829624999997 0.21500732374999998 0.09681375375 0.25464609125 0.09029064625 0.28575622500000003 0.04967693875 0.3279744075 0.059394168750000004 0.33937222375 0.07412746249999999 0.347844215 0.10461589249999999 0.35541547375
9 0.56088755375 1 0.56221270375 0.9978661200000001 0.5729517775 0.99989121375 0.57845304375 0.9781538025000001 0.6236747675000001 0.9941970525000001 0.6481927224999999 0.9560038425 0.6574407449999999 0.8998997812499999 0.6401014075 0.8866091500000001 0.6338417574999999 0.8722193712499999 0.6556348 0.8590200912500001 0.64623246625 0.83037280875 0.63821830625 0.8033537887500001 0.61691046625 0.79774148375 0.59370352875 0.7951872812499999 0.570888645 0.8177592837500001 0.55742465625 0.84072812 0.53285526375 0.8506708825 0.4927524775 0.8882027037500001 0.4902493075 0.93988496 0.520789175 0.975706665 0.53328275625 0.99036100125 0.5437011900000001 1 0.56088755375 1
9 0.68072765875 0.47088666250000005 0.65240178375 0.41475739125 0.6519680187500001 0.46181942374999996 0.6245291212499999 0.5124434575 0.58788391625 0.54698331625 0.53010117875 0.5743487475 0.50348809875 0.603036955 0.4731442575 0.57977835375 0.419133995 0.58690235625 0.41820530375 0.5523372875 0.42081134875 0.55715592625 0.44323418125 0.50945771625 0.46429455750000004 0.47425647125 0.43709340124999996 0.46525537 0.4055831275 0.46705683375 0.38067312000000003 0.48012383625 0.32822134 0.48731397875 0.40120658 0.53592241625 0.37754016 0.5663050225 0.36790008375 0.59728287875 0.346473375 0.6214831425 0.30246951875 0.60863027125 0.2653087725 0.59045437125 0.26504021125 0.592917715 0.25914689375 0.58952892 0.23238922625 0.6339044725 0.23918551624999998 0.6577331137500001 0.24303514875 0.6798673574999999 0.26022989875 0.7088453325 0.30335649750000004 0.71538358 0.356515225 0.71607018 0.37402486875 0.7277986900000001 0.40380635249999997 0.7274932074999999 0.4018558175 0.70230086125 0.42554795749999996 0.68604348 0.45632556375 0.6622400487500001 0.46709035625 0.6783903637500001 0.50996949375 0.6441150612500001 0.5267207549999999 0.6197163824999999 0.56007868625 0.58660636875 0.60145077875 0.5805153750000001 0.6413832575 0.5445456750000001 0.68072765875 0.47088666250000005
9 0.06962232125 0.3460836775 0.03555744125 0.37131695 0.1449404225 0.34457198 0.08557348375 0.35774604875 0.06962232125 0.3460836775
8 0.18331159875 0.78247913125 0.2108019325 0.7601055449999999 0.23342079125 0.72497043625 0.24693621749999997 0.7302520475000001 0.24194587250000002 0.74730309625 0.219837935 0.7777518425 0.33168237375 0.771512855 0.34897027375 0.75655303625 0.37529417625 0.7592395175 0.38771060125 0.73151818125 0.37192974749999996 0.71829368875 0.3411007025 0.7138466712500001 0.30335649750000004 0.71538358 0.2555544475 0.7086469162500001 0.2453005775 0.6878102375 0.23428832249999998 0.63084637125 0.24996630374999998 0.58756996625 0.21309935375 0.59542149625 0.23245665875 0.5758414574999999 0.21131912625 0.56866703125 0.17284225500000003 0.54820197375 0.134706 0.5246126775 0.12357487375 0.49746137875 0.12953562375 0.44278715875 0.14986333500000001 0.38558394749999997 0.157434005 0.35922631375 0.12105225875 0.34826626 0.08489225375000001 0.36399453125000003 0.04020717125 0.35739014374999994 0.04536382375 0.36035533999999997 0.04125473375 0.36214264375 0.04108442625 0.36370476500000004 0.031759247500000004 0.377433155 0.08426246375 0.39849345999999997 0.0829771625 0.45336609625 0.07355883125 0.51103228 0.06969320500000001 0.57521150125 0.09599138874999999 0.5637727575 0.1127940875 0.567624525 0.11615851625 0.60857035375 0.12453900875 0.64659035875 0.12013674125 0.7013307175 0.1360879025 0.7129930887499999 0.16759817625 0.71119162375 0.15829871625 0.7390452387499999 0.147807105 0.7778336975000001 0.18331159875 0.78247913125
1 0.56443578875 0.31686341 0.57225392 0.33131932875 0.5974113925000001 0.359065875 0.5962449625 0.38412594375 0.6220579425 0.39149878625 0.63900522875 0.37966321000000003 0.60037404625 0.27444681125 0.6664344025 0.2286004875 0.6175590725 0.20298609875 0.5555860887499999 0.21134152875 0.5490115425 0.21420121250000002 0.55690683125 0.2710328025 0.56443578875 0.31686341
9 0.53721518375 0.10698493375 0.5410390975 0.1149939525 0.5368745687500001 0.11010917375 0.535486395 0.10848091500000001 0.53726662125 0.13523538000000002 0.64188100375 0.152229785 0.6246702587499999 0.20956527375 0.6704286225 0.2350473875 0.7019903325 0.26149636875 0.73401152625 0.25500854375 0.7569710000000001 0.216749195 0.7439150600000001 0.17853077375 0.75152744375 0.07998490125 0.6603353350000001 0.1122099 0.61981478 0.11049029 0.53721518375 0.10698493375
