13 0.13342856125000002 0.7261821537500001 0.5306864925 0.18861580249999998 0.60057074625 0.0964148875 0.5895706775 0.08485893125 0.2822797325 0.48882809375 0.11940076 0.71513138625 0.13342856125000002 0.7261821537500001
13 0.691262875 0.0942182075 0.6873937999999999 0.08582977250000001 0.68719735125 0.08453366125 0.6853356075000001 0.08634747375 0.62562485375 0.1486468625 0.34354482750000004 0.46994918375 0.19752321125000002 0.6447175975 0.2226703025 0.64136459375 0.691262875 0.0942182075
13 0.7138877024999999 0.07126052249999999 0.71333457625 0.07198924 0.23016305625 0.6343367087499999 0.25995332 0.62473191375 0.7247643225 0.08200344625 0.7138877024999999 0.07126052249999999
13 0.72774393 0.0825299675 0.70398966875 0.1093444125 0.61821117 0.21202521875 0.58978559875 0.248662195 0.4742266675 0.39524672875 0.38982766750000003 0.50093022625 0.4610904325 0.42048684000000003 0.5476173875 0.32474356 0.7420626475000001 0.08421815875 0.7534415375000001 0.06761809875 0.74920379375 0.0583810075 0.74294088 0.05585618375 0.7254762475 0.07678462125 0.72774393 0.0825299675
13 0.39744384125000004 0.5243041199999999 0.5327112125 0.36851675125 0.6546838875000001 0.22526949875 0.7287899350000001 0.13477764750000001 0.7261950825 0.12323212 0.71703033625 0.121554845 0.654434485 0.1990494575 0.57210340375 0.29824228125 0.2266589 0.69054800625 0.2409514625 0.7049751575000001 0.39744384125000004 0.5243041199999999
13 0.8530425537499999 0.3575925925 0.84565766375 0.34048175 0.40282237125000003 0.51584887125 0.37568392125000005 0.55571419125 0.8530425537499999 0.3575925925
13 0.339944805 0.592920505 0.86137405375 0.3821992075 0.8652467862500001 0.37003541125 0.8609100075 0.36076092875 0.85828143875 0.36249209375 0.37495714625 0.55587218375 0.339944805 0.592920505
13 0.723875295 0.48021121375 0.33141499500000005 0.60458701875 0.3006143525 0.6392101975 0.54066767625 0.55985269875 0.6186794050000001 0.5300623600000001 0.723875295 0.48021121375
13 0.27447557 0.6818773324999999 0.28734791125000003 0.69870372125 0.91160364625 0.42562506624999996 0.9073447175 0.40257525625 0.9072886475 0.40165487375 0.6640379575 0.50888001625 0.27447557 0.6818773324999999
13 0.2733699825 0.8846062 0.28046818375 0.90233046125 0.7261858449999999 0.5069807275 0.66765394375 0.533118655 0.2733699825 0.8846062
9 0.150184765 0.31382635625 0.15090532125 0.35953557750000004 0.16939653124999998 0.36962842 0.19791970125 0.398709225 0.21814962000000002 0.42606471125 0.231617175 0.41490472250000004 0.25354395375 0.39484943875 0.27667372 0.365124315 0.30482331125 0.35077252875 0.3107067825 0.36595820875 0.31472365750000003 0.433295765 0.3749636725 0.35434163750000003 0.40171774624999995 0.31912442375 0.41222835625000004 0.27685391 0.40649177999999997 0.22165067125000001 0.41293885 0.1336010525 0.41161658875 0.13233304875 0.40245204625 0.11903675500000001 0.38552225125 0.1191889225 0.36876210875 0.1146000925 0.34803462 0.11910601375 0.324885765 0.11943410625 0.30000973999999997 0.12013766249999999 0.268401715 0.12936094875 0.23679377 0.13858430625 0.21969812375 0.14935697125 0.20174259249999998 0.16619680125 0.181720455 0.19289430249999998 0.167227165 0.220741955 0.15774982625 0.25808364125 0.150184765 0.31382635625
9 0.5832283925 0.63817099625 0.55275756125 0.6668292425 0.5320413937499999 0.68897341125 0.46955046125000005 0.7396536275 0.47891919 0.758025035 0.48838117875000003 0.78008687125 0.5047386375 0.7888995112499999 0.52044947375 0.78115517375 0.53388958875 0.77390437125 0.542281145 0.7620144500000001 0.55805489125 0.7754538599999999 0.5807744837500001 0.78906773125 0.6127675862499999 0.81427105 0.6344796699999999 0.8151170025000001 0.6456061074999999 0.7901228450000001 0.6579571875000001 0.7988815262500001 0.67004484875 0.80738553625 0.68778172875 0.82682011625 0.7166800375 0.857853485 0.74374669875 0.85073266125 0.7610024812499999 0.8438893075 0.78897544 0.83347932375 0.828194965 0.7952688625000001 0.86985972 0.7453951974999999 0.86599073125 0.713988485 0.8804764199999999 0.6743820125000001 0.89133023125 0.6285088025000001 0.9083992412499999 0.57658018375 0.91735986625 0.541702975 0.9040429600000001 0.518724825 0.88657368125 0.48606499875 0.87309110375 0.4680670775 0.86205551875 0.460744075 0.8571284724999999 0.45678653500000005 0.8430440462500001 0.4561606775 0.8258118575000001 0.4615829675 0.8057225787500001 0.482472315 0.7802232637500001 0.48759194875 0.7587193925 0.49779252749999997 0.7351270325 0.50607889375 0.7183203937499999 0.5176265725 0.6996869649999999 0.5335184275 0.68427266875 0.54634225625 0.65153407625 0.577141575 0.6273827737500001 0.59778527875 0.60275509375 0.61892729875 0.5832283925 0.63817099625
