16 0 0.40487230625000004 0.01280590875 0.41260101499999996 0.04016360875 0.42153853875 0.05299853625 0.41619726625 0.058777305 0.40539593875 0.10846524375 0.35889718375 0.11762594625 0.34672561125 0.10923643875 0.3071199125 0.0635275025 0.28742874874999996 0.04738279 0.28311307375 0 0.3257085475 0 0.40487230625000004
16 0.1346662625 0.2538117775 0.10449502625 0.291557035 0.1171333975 0.34269519125000003 0.12263976250000001 0.34709117624999997 0.16348912124999998 0.35606132125 0.17086370124999997 0.352509395 0.19605095125 0.34949535875000004 0.20384223124999998 0.30869173624999996 0.21781649375 0.30105585 0.22608413500000002 0.2931941025 0.23088775125000002 0.28603086125 0.23043127625 0.27648684500000004 0.17690123 0.26250251875 0.16141324875 0.2635607375 0.15643550625 0.2576815775 0.1346662625 0.2538117775
16 0.27180555625 0.23166450624999999 0.2683676625 0.21515049 0.20264947500000002 0.20018240250000002 0.15712831124999999 0.25754187625 0.16324538874999997 0.2611264225 0.19667415 0.26746316 0.20140561875 0.27132711125 0.19762317375 0.28103759749999996 0.1818267125 0.302806725 0.1816264575 0.3069768475 0.18464395 0.3084332525 0.194179035 0.30513396 0.21746824 0.27497104875 0.23043127625 0.27648684500000004 0.23109795125000002 0.2935596675 0.23802600125 0.29216265375 0.25611731875 0.23689284875 0.27180555625 0.23166450624999999
16 0.242601625 0.9279084125 0.29632822625 0.88541330875 0.30548892875 0.87324173625 0.30440809625 0.800500925 0.29949255625 0.7718956450000001 0.15204328125 0.7968101725 0.1456276675 0.8256354625 0.14394352375 0.85832470125 0.1366447925 0.9031587425 0.1354171225 0.9453919987499999 0.242601625 0.9279084125
16 0.46914512125 0.82991676625 0.38509674625 0.97282188875 0.38746745125 0.9806033275 0.38837495 0.9810928 0.5023138174999999 0.97602885125 0.52131684625 0.97219696625 0.5661613937500001 0.8860657412499999 0.5633441575 0.88043921375 0.55086372625 0.87125491125 0.51697848875 0.8553741574999999 0.48761452375 0.8358285474999999 0.4740768475 0.82961059375 0.46914512125 0.82991676625
16 0.35429529000000004 0.9826074525 0.38349099125 0.9538735575 0.38668885375 0.9277619850000001 0.3851291175 0.91499898625 0.33599847375 0.849882355 0.331841645 0.8507205625 0.19902082125 0.9662927849999999 0.2047283775 0.98925487 0.35429529000000004 0.9826074525
16 0.46576318875 0.83128701 0.48632719 0.8078682362499999 0.5038015525 0.79402024875 0.50807654625 0.7883401800000001 0.5110380800000001 0.77191232625 0.5172633799999999 0.75895608625 0.43484827000000004 0.665448335 0.4264065025 0.66026768125 0.40111103124999997 0.6798225062500001 0.39831368125 0.6975938362499999 0.39954505124999995 0.7076698874999999 0.39681985 0.714414025 0.35423038625 0.72024886 0.34840559875 0.72486485625 0.34666549375 0.7396698349999999 0.34978496625 0.7651958325 0.36569334750000004 0.779195225 0.37124573125 0.7897765425 0.40600784124999995 0.83025892375 0.41327419875 0.84324778625 0.4316714525 0.8601867575 0.43835322750000005 0.85677453375 0.46576318875 0.83128701
16 0.1695601825 0.35346053374999997 0.16382743125000002 0.370447195 0.157041135 0.44270951375 0.15877499875 0.46851491375000004 0.1634803375 0.489591385 0.17106511624999998 0.49356826750000005 0.20456602624999998 0.48887781375000006 0.20843056375 0.47983906249999997 0.20878506000000002 0.46531348625 0.24783465 0.41889504125000004 0.24737817499999998 0.409351025 0.24072253124999998 0.39555072625 0.21922569125 0.37648361125 0.19699003 0.35137086625 0.19042642 0.34994123 0.1695601825 0.35346053374999997
16 0.6358412375 0.71852636875 0.615986225 0.7128939912500001 0.58731506375 0.69320868 0.583158235 0.6940468887500001 0.49655508249999997 0.80442924125 0.48402239 0.829669985 0.48786079625 0.8378437575 0.56375461375 0.88379789875 0.56441134625 0.8891717925 0.5588788499999999 0.9019883312499999 0.5646314875 0.9083995275 0.5816953925 0.89119285375 0.6310350775 0.81860929875 0.6322104875 0.8108010887499999 0.658799535 0.7785961975 0.6697003425 0.751619645 0.6667189225 0.74464964625 0.6546489475 0.73882402625 0.6358412375 0.71852636875
16 0.79045859375 0.7348404187500001 0.78630176375 0.73567862625 0.7600013087499999 0.72377475375 0.7179566525 0.6992149625 0.70458316 0.69434048125 0.6441784837500001 0.79255711625 0.63066069625 0.8097370175 0.61833820375 0.8425065675000001 0.624747575 0.8542916574999999 0.6475479312500001 0.8724076325 0.6729093075 0.882435995 0.68208989875 0.89366227875 0.7043156150000001 0.9070760975000001 0.7205225325000001 0.8886656525 0.7562523937500001 0.8208913325 0.7727777324999999 0.79346890875 0.7827954237500001 0.78250110875 0.79703214625 0.74796898125 0.79519006125 0.73870436875 0.79045859375 0.7348404187500001
16 0.7275377562500001 0.70210100375 0.72958009625 0.70719549375 0.7389609450000001 0.7142516562500001 0.79421491 0.74234245375 0.80248255 0.73448070625 0.8131831024999999 0.7116742775 0.8264546162499999 0.6924791650000001 0.87234646375 0.59168266375 0.871853915 0.5876522425 0.85806996625 0.57941907875 0.81064705375 0.55732037125 0.8042476275 0.5572342087500001 0.78825091 0.58317346 0.7275377562500001 0.70210100375
16 0.8704683062499999 0.5879316450000001 0.8670602425 0.6065144137499999 0.8860682099999999 0.6226419475 0.93645889625 0.5877024187500001 0.9790254975 0.52186712 0.9790633525 0.52084503625 0.92221107125 0.46530662375 0.9097306387499999 0.45612231999999997 0.90557380875 0.45696052875 0.85962230125 0.4875634625 0.84441042375 0.52573367625 0.8273564612500001 0.55463927625 0.8324623149999999 0.56737550375 0.8704683062499999 0.5879316450000001
16 0.34461321 0.7228764162500001 0.39690194125 0.7150857625 0.39918061250000003 0.7104965362500001 0.396990275 0.67514711875 0.4018586375 0.55233807125 0.30045290625 0.5590203287500001 0.28715272 0.6883476512500001 0.2932536125 0.7208436500000001 0.2956603925 0.7231114925 0.33658189875 0.72105444625 0.34461321 0.7228764162500001
16 0.293128045 0.62106689375 0.15982345875 0.59907863 0.11482467125 0.6955653074999999 0.11785210875 0.7087206412499999 0.12630382125 0.7256002225 0.13621328875 0.73117321 0.1764880075 0.7354411962499999 0.18994359374999997 0.7409874125 0.21008095125 0.7431214075 0.22495821875 0.742874625 0.264283915 0.73356817625 0.27055523375 0.72679726875 0.28609547625000004 0.69131400125 0.28511038 0.68325316125 0.2919725225 0.6522729599999999 0.29029462125 0.64435181875 0.293128045 0.62106689375
16 0.72034863125 0.49224557625000004 0.7659195137499999 0.49338074249999997 0.8165402875 0.4893678775 0.836802055 0.44604963124999997 0.8097752625 0.34687936999999996 0.7980336525 0.34374069625 0.7579691350000001 0.34700151625 0.7450060987499999 0.34548571875 0.7418244224999999 0.34268583999999996 0.7327358675000001 0.34383022124999996 0.7172939037499999 0.3510737725 0.705063445 0.39621398625 0.72034863125 0.49224557625000004
16 0.50459656 0.43457246374999997 0.52609339875 0.45363957875 0.53139950625 0.462205685 0.598637655 0.44314106125 0.61607594375 0.43480666749999997 0.65160924875 0.42351177749999996 0.6491328625 0.33935143875 0.6241719987500001 0.32098283125000004 0.615894415 0.31714565125 0.61104478125 0.31812356 0.5347180775 0.33833256749999996 0.497963345 0.35125033250000004 0.50459656 0.43457246374999997
16 0.5224825375000001 0.56931215375 0.510993445 0.52757831375 0.5085866649999999 0.52531047 0.49195934625 0.5286633012499999 0.45124804124999995 0.53824915375 0.40993596625 0.5603453725 0.401668325 0.56820712125 0.39761717500000004 0.64542423 0.39967940375 0.6739165774999999 0.40868586625 0.67210046 0.42579578875 0.66107912 0.43399128124999997 0.6642445637500001 0.44923299 0.66117113375 0.51129313875 0.64039747 0.5274279075 0.63301421625 0.53544927375 0.62313725875 0.54143824375 0.6198647350000001 0.53938595875 0.60307131625 0.5224825375000001 0.56931215375
16 0.41850838375000005 0.47946340875 0.407393675 0.44660184625 0.39526774000000003 0.42289196625000003 0.39053626999999996 0.4190280175 0.38014419625 0.4211235375 0.3548847975 0.43516476750000005 0.34648904875 0.43616944500000004 0.32200454749999996 0.45074271000000005 0.30034722625 0.48264143 0.29978253125 0.48963819999999997 0.30427766875 0.5031858662500001 0.33281447999999997 0.55662448875 0.39823043124999996 0.551693105 0.40194072875000003 0.55300981 0.40439352749999996 0.56146298375 0.41140366749999996 0.5607377075 0.43796658374999997 0.54574533875 0.43781858749999997 0.515490415 0.4276068825 0.49001795625 0.41850838375000005 0.47946340875
16 0.20303357875 0.604131285 0.24102962625 0.6129884975000001 0.27127671124999997 0.6165253575 0.29058321249999997 0.60024305375 0.27995110749999996 0.55971298375 0.26804531375 0.5552308375 0.23353942249999998 0.528462595 0.23047591125 0.5208208575 0.19210918249999998 0.5554006725 0.2042450625 0.59080948 0.20539434125 0.60021379625 0.20303357875 0.604131285
16 0.23634671625 0.522390195 0.23598227625 0.5252168425 0.279869015 0.5590412475000001 0.28337905875 0.56452807375 0.29025484625000003 0.59755610625 0.294986315 0.6014200562500001 0.30053499875 0.55969206625 0.32926836375 0.5566512575 0.33024351500000004 0.5530131724999999 0.32338761624999995 0.54338299375 0.31872829375 0.5284918525 0.29735956375 0.51628180875 0.2730094125 0.49710176250000004 0.27027426875 0.4921469725 0.23634671625 0.522390195
16 0.23435039375 0.52348103625 0.27043845125 0.49349044625 0.281487255 0.49676882125 0.28747622625 0.49349629749999996 0.303400795 0.47858424 0.3194796025 0.45331672500000003 0.31906914625 0.4499580425 0.30760988499999997 0.44332098375 0.2539878025 0.4169659925 0.24905607624999998 0.41727216624999997 0.205403125 0.46668373 0.21134977875 0.5095351825000001 0.23435039375 0.52348103625
16 0.7418926462500001 0.6627270175 0.730541605 0.6395491725 0.6765153100000001 0.5692251174999999 0.66570283625 0.55626302625 0.6613818225 0.55575776125 0.6073629300000001 0.59005232125 0.6050021675 0.59396981125 0.60700843375 0.6045778975 0.60155803 0.6180661737500001 0.6032359325000001 0.62598731375 0.624132 0.65756479375 0.627569895 0.67407881 0.6427593412500001 0.70543042875 0.65703584 0.71769401375 0.6720412175 0.7243043 0.69334404125 0.70693115875 0.7025868375000001 0.6954313225 0.71477497625 0.69641508375 0.72439215375 0.69378752875 0.7418926462500001 0.6627270175
16 0.5885392575 0.21528844125 0.580061415 0.21562138375 0.55273354625 0.24178064625 0.542397435 0.26176042625 0.53957395375 0.29674427875 0.54989387875 0.30567595000000003 0.5601055850000001 0.33114840749999996 0.615976505 0.3178173875 0.64982566875 0.3392117375 0.65589672875 0.33661095 0.66913217 0.322929435 0.67451042625 0.32046835125 0.6805354687499999 0.3116822325 0.6750651775000001 0.30177265125 0.6734034624999999 0.26494006124999997 0.6375940525 0.23912295625 0.5885392575 0.21528844125
16 0.46323708500000005 0.6886320312499999 0.4650791675 0.69789664625 0.49270302875 0.732247235 0.50706161875 0.745182555 0.5531051625 0.72695028625 0.5844617525 0.6930957487499999 0.623202865 0.6673882125 0.6231929212499999 0.655689285 0.58678898375 0.6017721675 0.5825500625 0.60193863875 0.48342670249999997 0.6563409775 0.46786657374999996 0.6684263875 0.46323708500000005 0.6886320312499999
16 0.5264629225 0.26497355625 0.51181204125 0.24383769125000002 0.50500215625 0.2403928475 0.48921194 0.22155159624999998 0.48428021375 0.2218577675 0.4602422425 0.23427612125 0.4322576425 0.25506148875 0.391356025 0.28051639125 0.3804813475 0.2902804175 0.37915169875 0.30844408 0.38789570124999995 0.333524205 0.41515512375 0.37070144125 0.44224666125 0.35422589875 0.4538601625 0.3505075025 0.46188152875 0.34063054375 0.46444254749999997 0.33254293250000005 0.5013975387499999 0.31545504375 0.51618277 0.3028375975 0.52720174375 0.2710191875 0.5264629225 0.26497355625
16 0.74163896875 0.55609319125 0.7375182125 0.551417805 0.7295851799999999 0.52135612125 0.7256286075 0.5180242075 0.7206968825 0.51833038 0.6829408675 0.55209875625 0.68462871125 0.57171882375 0.68879548375 0.582579545 0.7180151562499999 0.62417953625 0.7330304762500001 0.6424887512499999 0.7382905687500001 0.64486952625 0.7612974262500001 0.618205 0.7748512875 0.5955115025 0.789308155 0.58020711 0.8030262 0.55885708625 0.81797561625 0.5475831125 0.8303540687500001 0.53269782375 0.8281114712500001 0.5317734550000001 0.8120587937499999 0.5398284449999999 0.74163896875 0.55609319125
16 0.8081558649999999 0.26392280375 0.74654224625 0.28254155625 0.74171249875 0.30691732 0.7450421724999999 0.33997212374999997 0.74863430625 0.34613068625 0.75519791625 0.34756032124999997 0.77085008 0.34784557624999995 0.8063473125 0.34206428 0.8103038850000001 0.34539619375 0.8222855250000001 0.3911604575 0.8532975625 0.3835304225 0.87137269375 0.35717206875 0.87421606 0.3455860725 0.8289039375 0.2652453575 0.81785513375 0.26196698375 0.8081558649999999 0.26392280375
16 0.26414238624999997 0.27932519625 0.2082814075 0.30435514375 0.20201009125 0.31112605 0.19739054374999998 0.34303062250000005 0.19919655375 0.35780883125 0.2308130625 0.38997773875 0.24406838874999998 0.3996940775 0.28240898875 0.3823267875 0.28663796625 0.37046138624999997 0.284986195 0.34532772375 0.30234238999999996 0.33632159500000003 0.30539595875 0.33226440375000005 0.3035178 0.32851338625 0.28296998500000003 0.32302070875 0.282319495 0.27703643625 0.26414238624999997 0.27932519625
16 0.3064532025 0.32929805375 0.38761335375 0.33702258999999996 0.38756733625 0.33083725625 0.38173260625 0.323754325 0.37926986375 0.3036022225 0.38109206125 0.28946898125 0.40907666 0.2686836125 0.42035185124999996 0.25057934125 0.42144517 0.24209939625000002 0.3114596175 0.22504500375 0.28406954500000003 0.27393038375 0.2828878925 0.32234897250000005 0.3064532025 0.32929805375
16 0.39002013375 0.3392904325 0.333764885 0.332050245 0.3084134525 0.33372081000000003 0.28392895125 0.34829407250000005 0.28962933 0.38913031625 0.29224631 0.398926965 0.30791836125 0.422610075 0.32847612125 0.43980168 0.33410065250000004 0.4393558075 0.34982496374999994 0.42861386875 0.3569072525 0.41686140250000003 0.38062680125 0.41345503 0.40230400875 0.404954165 0.43192049375 0.3859046075 0.43337825 0.37459801249999997 0.42929356875 0.36440902999999997 0.41568374625 0.36921826750000003 0.39002013375 0.3392904325
16 0.34533745250000003 0.1363071425 0.38237453375 0.11989098999999999 0.3715583575 0.05461959125 0.3114024975 0.06193175 0.299260375 0.06713332 0.3125952525 0.1704410825 0.32270497625 0.17184394874999998 0.32677971499999997 0.17033400375 0.33455480875 0.158441835 0.34533745250000003 0.1363071425
16 0.38437085625 0.11880015000000001 0.34594816500000003 0.135495705 0.32897629500000003 0.16507304125 0.32141140375 0.18449401625 0.32541399374999996 0.1940112625 0.34450405250000005 0.2108105325 0.35813376374999994 0.22939915125 0.36804323125000005 0.23497214 0.39449792625 0.23652055749999998 0.39987618374999995 0.2340594725 0.401215775 0.2275947375 0.39893340125000004 0.17987465749999998 0.41227706625000005 0.1496523525 0.39489103875 0.12356169875 0.38860977625 0.11863367875 0.38437085625 0.11880015000000001
16 0.73814279625 0.23123692625 0.72413245875 0.24438640875 0.7162031262499999 0.26663403124999996 0.7183735775 0.2785855925 0.7264969225 0.2927782275 0.73782807375 0.292558215 0.74320633125 0.29009713125000003 0.7472350525 0.28240185375 0.80493811375 0.26663652 0.82588644375 0.26378895375 0.8299251062499999 0.26779260375 0.8547019 0.26141988250000003 0.84287449875 0.20530016499999998 0.7746052374999999 0.21011861750000002 0.73814279625 0.23123692625
16 0.94692820125 0.38874033375000006 0.92020734625 0.36177885000000004 0.88219511 0.3818330875 0.86833901375 0.38462711499999996 0.8571459124999999 0.40340312375000004 0.8511668874999999 0.41837457499999997 0.852151985 0.426435415 0.84083077625 0.43835435500000003 0.8371764374999999 0.45492191125 0.838608065 0.46082784125000004 0.85945811625 0.48621998875000005 0.90903783375 0.45626202125 0.9320023737500001 0.47572147125 0.93873016625 0.47849457875 0.97634812875 0.42617020375000003 0.97422369625 0.42040397749999997 0.94692820125 0.38874033375000006
16 0.6150200812500001 0.19962433624999998 0.6611394749999999 0.22267418374999998 0.70139430625 0.20354431375 0.70558720875 0.19719251125 0.7088771075 0.18345160375 0.70845670625 0.16839399 0.693257315 0.12534344625 0.68270106 0.12609549125 0.59146101375 0.152064875 0.5908440575 0.1934866925 0.603314545 0.19097206875 0.6150200812500001 0.19962433624999998
16 0.7993882725 0.16313551625 0.8189348062499999 0.18947880375 0.8147058300000001 0.2013442025 0.8169123525 0.20778216875 0.8450350050000001 0.20555279875 0.8712757987499999 0.14726310375 0.83504598625 0.1063883875 0.82803584625 0.10711366375 0.78842780375 0.1199185 0.77517617625 0.16251146875 0.7938819087500001 0.1587395325 0.7993882725 0.16313551625
16 0.6801983199999999 0.44252535125000003 0.638157365 0.4702748675 0.6194615775 0.48574573125 0.638627485 0.5438271175 0.63892972 0.56372658875 0.64141859125 0.56666616875 0.6640709524999999 0.55452721875 0.68399811125 0.54913240625 0.68990499 0.5451881475 0.71584724875 0.51930828875 0.7241509637500001 0.505932945 0.7254445375 0.49328287625 0.7210414350000001 0.49210587625 0.71752144875 0.47492012125000005 0.69014386125 0.4425847425 0.6801983199999999 0.44252535125000003
16 0.6074438612499999 0.445495065 0.602794485 0.4423028525 0.5453837137499999 0.4662687275 0.53845566625 0.46766574125 0.530870885 0.46368886125000003 0.52757104375 0.46573084125 0.5261593025 0.48322276625 0.52919668375 0.5080770275 0.53872552875 0.5453881150000001 0.54544707625 0.5887716025 0.55540256375 0.6005299225 0.5952208075000001 0.5952538925 0.60658803375 0.58952028625 0.62178372375 0.5802615237500001 0.63961258125 0.5518879600000001 0.63584632125 0.53268699625 0.6074438612499999 0.445495065
16 0.5227651075 0.18243609374999997 0.50902717625 0.18038826375 0.49075803125 0.17030636000000002 0.45630809874999995 0.16142237625 0.43393184375 0.21067332 0.4215732775 0.24895646500000002 0.43877523500000004 0.25030579124999996 0.46362417624999996 0.2329058775 0.4872977075 0.22331417250000002 0.50275955875 0.2394684775 0.51225857125 0.24168278 0.52397404875 0.2620339775 0.5329083662499999 0.27124505125 0.5313946475 0.26466738375 0.53669081125 0.2615345625 0.546215955 0.24653634375 0.5570346700000001 0.218888055 0.55978600375 0.19493139375 0.5227651075 0.18243609374999997
16 0.48701281875 0.319732245 0.46313903 0.33349407124999997 0.45870979624999997 0.3495295925 0.45937647125 0.36660241374999997 0.46654455 0.40783099125 0.48308977625 0.4038064225 0.49381021625000004 0.40439785 0.49963500375000003 0.39978185250000003 0.50096465125 0.38161819 0.497963345 0.35125033250000004 0.55871997375 0.33142781 0.5504225025 0.30419277499999997 0.54613756375 0.2981739125 0.537823905 0.29985032875 0.48701281875 0.319732245
16 0.20852028 0.20175173875 0.23942409625 0.2106624925 0.2573188575 0.211872115 0.25881268875 0.19505192625 0.2844265825 0.16648512000000001 0.28850132 0.16497517625 0.311738265 0.16923731125 0.311892505 0.1588818575 0.30665854375 0.13928855875 0.26022072749999997 0.12525069249999998 0.20666825249999998 0.1807881975 0.20508238625 0.1852377225 0.20852028 0.20175173875
