16 0.8219256675 0.11644498875 0.7842187025 0.10972771875 0.74319772875 0.12285228 0.7179724562500001 0.14369447875 0.6822260137499999 0.1508117175 0.43317616375 0.1656983675 0.42298356374999996 0.18022837625000002 0.41805983374999994 0.2492293725 0.407098545 0.31020786625 0.40387910499999996 0.4085261975 0.47598993375 0.597497885 0.50543693125 0.6583192787500001 0.52620081875 0.6665133262499999 0.604087725 0.66281671875 0.7496689375 0.66995351125 0.77463798 0.66459413875 0.804759095 0.6004905500000001 0.8825627462500001 0.39736082375000004 0.8774333075 0.21419180875 0.8676307087499999 0.14501926875 0.8219256675 0.11644498875
16 0 0.48082722125 0.0750707425 0.5522297562499999 0.22751923000000002 0.6856349875 0.46991883 0.6756932975 0.4758561625 0.6657176075 0.46847642875 0.57041482625 0.40573939625 0.40436251375 0.40992798125 0.29559208375 0.38199047625 0.1676133325 0.3788825825 0.16297324 0.3554173725 0.16165356125 0.33424691250000005 0.14194505375 0.31228553625 0.13394632625 0.27941864375000003 0.13544687875 0.25174827875 0.14768061875000002 0.2244844875 0.17142882 0.11182028125 0.17179057 0.02470992 0.1795650925 0 0.18611990750000001 0 0.48082722125
16 0.29361028375 0.13184537375 0.3626803075 0.14374113875 0.3835444225 0.16993338000000002 0.40796746125 0.28175757625 0.4139549075 0.280780985 0.41767549000000004 0.27245361500000004 0.42575722875 0.21709180625 0.425863115 0.17461169125 0.430959415 0.16734668625000002 0.53075758375 0.16264970874999998 0.56530654 0.15572778874999998 0.63516747875 0.15591377625 0.6454101950000001 0.15038286125 0.6408097825 0.03146520125 0.63805195125 0.0189052425 0.45185547625 0.01338831 0.22689078250000003 0.05008156625 0.2214101375 0.08057081249999999 0.22377723 0.1059197825 0.21936595874999998 0.1439551225 0.223899685 0.15865667625000002 0.23401428625 0.160867175 0.26402951375 0.1392437025 0.29361028375 0.13184537375
16 0 0.187455705 0.06835421625 0.17630667125 0.14606289375 0.17135238125000002 0.18682763875 0.17371064874999997 0.22772049625000002 0.16832750000000002 0.21888138625 0.14918117125 0.22395545875 0.10717746375000001 0.220903335 0.05105815875 0 0.08708898 0 0.187455705
16 0.747942015 0.88254941 0.753645345 0.9227952512500001 0.77035442 0.9715400037499999 0.95270239 0.9417978225 0.95638817875 0.87071475625 0.91965096125 0.7541758000000001 0.89861427375 0.66624757125 0.8198362225 0.6636557675 0.6717820312499999 0.6736501199999999 0.69934085125 0.7643748037500001 0.7215026849999999 0.8083699175 0.7384401037499999 0.8673714475 0.747942015 0.88254941
16 0.7247888075 0.8142676925000001 0.70853642 0.78603649625 0.67231671875 0.6774231675 0.66406241 0.67104898375 0.59025254375 0.6689335875000001 0.63743312875 0.99322036125 0.7691569312500001 0.9717353224999999 0.726086525 0.8320705662500001 0.7247888075 0.8142676925000001
16 0.59463306625 1 0.6074959 0.99810332375 0.6119851725000001 0.9433274724999999 0.60555235625 0.80283389 0.59048088625 0.6791903662500001 0.56941065625 0.6774800512500001 0.47738222375 0.6937772612499999 0.4503245475 0.69304353875 0.398832515 0.7014422349999999 0.38020737625 0.7083403800000001 0.37648679375 0.7166677475000001 0.40111029000000004 0.8644883325000001 0.43271826375000005 0.9751406174999999 0.43624114375 1 0.59463306625 1
16 0.30350128875 1 0.34521264625000003 0.8504440624999999 0.35015860375 0.81618176625 0.3609638925 0.788684295 0.38171120875 0.70166133 0.38245201125 0.680952455 0.31702456875 0.6774698287500001 0.16519968250000003 0.68679245375 0.11694325375 0.9687417675000001 0.13739715875 1 0.30350128875 1
16 0.1366155925 1 0.117962515 0.9672887662499999 0.137568115 0.8289819075 0.16104464 0.70934496875 0.1527903325 0.70297078625 0.09561719875 0.7058623425 0.0886606075 0.7172910324999999 0.08269539 0.7530063275000001 0.048313893749999996 1 0.1366155925 1
16 0.43624114375 1 0.43289649249999995 0.9763983 0.38695219375 0.7818719224999999 0.37839719875 0.72150316125 0.37444827375 0.71957375 0.35754965375 0.7905279325 0.34656613625 0.8167677225 0.33481393125 0.889455995 0.34426007 0.95611317 0.3544215975 1 0.43624114375 1
