10 0.47699916875 0.60802665 0.59166758625 0.64511613375 0.61388087625 0.6405874975 0.61823273875 0.6405874975 0.62214615875 0.6450198275 0.628616965 0.645578215 0.6369174675 0.6285792987500001 0.626965745 0.62564477 0.62247853 0.62550994125 0.61346467875 0.61285727875 0.600417815 0.6005581212500001 0.55828015875 0.5867920600000001 0.48939969625 0.5670223775000001 0.48620940249999994 0.5678265087500001 0.47291017625000004 0.58247408 0.46925286499999996 0.59001381 0.47699916875 0.60802665
10 0.46442664125 0.514889945 0.44984924625 0.52989508375 0.445618665 0.5373979875 0.44553983 0.54467457625 0.45146270375 0.55026248625 0.45945289500000003 0.55487806 0.46492373125 0.55762903125 0.47253377625 0.55907855625 0.48444383 0.55944979375 0.49447240125 0.5532514337500001 0.51737769875 0.5175042825 0.5236282225 0.5138559149999999 0.5391959875 0.499887845 0.5454838825 0.49162074625 0.5473865425000001 0.482626435 0.5452132562500001 0.473572285 0.54789699125 0.4706793925 0.54889107375 0.46317754499999997 0.540706115 0.45815513625000004 0.5339857925 0.45736790499999996 0.52597170375 0.4634318425 0.5114762825 0.46622950500000004 0.50028517875 0.4713274275 0.46442664125 0.514889945
10 0.47721354125 0.67724609375 0.490234375 0.68359375 0.50390625 0.68603515625 0.5071614587500001 0.68603515625 0.5091145837500001 0.68359375 0.5110677087500001 0.6748046875 0.5227864587500001 0.6708984375 0.525390625 0.66796875 0.5540364587500001 0.67041015625 0.5748697912499999 0.68017578125 0.5794270837500001 0.6796875 0.5983072912499999 0.669921875 0.615234375 0.65625 0.611328125 0.650390625 0.5872395837500001 0.65185546875 0.58203125 0.64794921875 0.5657552087500001 0.642578125 0.55859375 0.64599609375 0.5377604162499999 0.64501953125 0.533203125 0.6416015625 0.46549479125 0.6435546875 0.43424479125 0.64599609375 0.42708333375 0.64794921875 0.42578125 0.650390625 0.42578125 0.66162109375 0.43294270875 0.671875 0.44401041625 0.67138671875 0.47721354125 0.67724609375
0 0.36067708375 0.58056640625 0.36848958375 0.57666015625 0.41276041625 0.576171875 0.41927083375 0.5634765625 0.421875 0.546875 0.41536458375 0.53662109375 0.41015625 0.53271484375 0.40104166625 0.53173828125 0.396484375 0.53564453125 0.380859375 0.5380859375 0.359375 0.52880859375 0.349609375 0.54052734375 0.341796875 0.5625 0.34114583375 0.56982421875 0.34505208375 0.57861328125 0.3515625 0.58203125 0.36067708375 0.58056640625
10 0.435546875 0.52099609375 0.45442708375 0.51708984375 0.47135416625 0.50732421875 0.48307291625 0.49365234375 0.49153645875 0.48828125 0.49609375 0.4765625 0.48763020875 0.46923828125 0.45182291625 0.46728515625 0.36979166625 0.49609375 0.36263020875 0.49951171875 0.35481770875 0.50732421875 0.35546875 0.51806640625 0.36458333375 0.5302734375 0.408203125 0.5322265625 0.435546875 0.52099609375
10 0.5182291662499999 0.5830078125 0.5260416662499999 0.595703125 0.5481770837500001 0.61572265625 0.556640625 0.630859375 0.5657552087500001 0.63427734375 0.57421875 0.6416015625 0.5846354162499999 0.646484375 0.61328125 0.63720703125 0.6217447912499999 0.62890625 0.6178385412499999 0.61572265625 0.5983072912499999 0.59619140625 0.5859375 0.5771484375 0.5540364587500001 0.5400390625 0.5384114587500001 0.53076171875 0.5201822912499999 0.52392578125 0.51171875 0.51708984375 0.5123697912499999 0.5126953125 0.50390625 0.50390625 0.494140625 0.50341796875 0.482421875 0.50927734375 0.48177083375 0.51904296875 0.49283854125 0.52978515625 0.5013020837500001 0.56396484375 0.5182291662499999 0.5830078125
0 0.71223958375 0.62841796875 0.732421875 0.61572265625 0.73828125 0.60546875 0.73828125 0.595703125 0.677734375 0.55322265625 0.658203125 0.546875 0.65299479125 0.546875 0.638671875 0.5537109375 0.630859375 0.560546875 0.62890625 0.568359375 0.63671875 0.58544921875 0.6953125 0.62939453125 0.71223958375 0.62841796875
10 0.5006510412499999 0.7763671875 0.517578125 0.7744140625 0.5559895837500001 0.78076171875 0.5618489587500001 0.775390625 0.5657552087500001 0.7587890625 0.568359375 0.71337890625 0.5735677087500001 0.69775390625 0.576171875 0.67431640625 0.5735677087500001 0.6630859375 0.5598958337500001 0.64892578125 0.5611979162499999 0.63671875 0.5572916662499999 0.63232421875 0.546875 0.6298828125 0.5358072912499999 0.6318359375 0.5305989587500001 0.64697265625 0.5188802087500001 0.654296875 0.5123697912499999 0.66259765625 0.5065104162499999 0.6875 0.498046875 0.74658203125 0.49479166625 0.75390625 0.49609375 0.771484375 0.5006510412499999 0.7763671875
0 0.326171875 0.61962890625 0.33984375 0.625 0.39388020875 0.6240234375 0.46549479125 0.6171875 0.46744791625 0.5927734375 0.46419270875 0.587890625 0.462890625 0.578125 0.458984375 0.57470703125 0.39127604125 0.5771484375 0.33723958375 0.58349609375 0.33333333375 0.58642578125 0.32421875 0.58837890625 0.32421875 0.59912109375 0.326171875 0.61962890625
10 0.4095206375 0.699260375 0.4123866875 0.7106548137500001 0.42462506375 0.71995407375 0.4447546825 0.7234747162499999 0.48413577375000005 0.7328447425 0.500881555 0.733387455 0.5047384925 0.6986623387500001 0.50427812375 0.68893495125 0.46622999625 0.6755806925000001 0.43828635875000005 0.6705909975000001 0.42301607375000005 0.674453255 0.41282782625000003 0.6847651912499999 0.4095206375 0.699260375
10 0.60971696125 0.73641397375 0.6733280374999999 0.69321228125 0.6915887687500001 0.675811085 0.6891968837500001 0.66750192 0.64465790125 0.63601961875 0.63701034 0.63775062375 0.5751378975 0.68680042125 0.5675869575 0.72196169625 0.5663439225 0.7533282975 0.58809575 0.7508107549999999 0.6047234137499999 0.74079665625 0.60505723625 0.73496165375 0.60971696125 0.73641397375
10 0.67306222 0.621566605 0.6629862425 0.6106250200000001 0.6597421099999999 0.61248058875 0.64045180875 0.591410655 0.62544088875 0.5638364462500001 0.5985681825 0.539933255 0.55537212375 0.503138545 0.52615039875 0.5188401312500001 0.5183015175 0.52169124375 0.53884034625 0.5315572525000001 0.5535173062500001 0.5399090375 0.57142324125 0.55996409 0.5882594075 0.57944685625 0.59903125625 0.59778165125 0.61509494875 0.60828274375 0.63696314375 0.6263353 0.63631361875 0.629408305 0.64687645125 0.6369834025 0.67306222 0.621566605
10 0.5583945375 0.47496882125 0.55535142375 0.48401799875 0.55558963 0.495240785 0.55861323125 0.500357115 0.5808283525 0.52277770375 0.6155764337499999 0.553966085 0.6270484900000001 0.56471099125 0.62926381 0.5616023450000001 0.637084195 0.5554244325 0.64461046625 0.5511795825 0.65279622375 0.54756926875 0.6607931312499999 0.5475706075 0.6633863325 0.5462301387499999 0.6684668825 0.54117265625 0.6671139975 0.53442366875 0.65433044 0.52008002625 0.6171861675 0.48653183875000006 0.6058874575000001 0.47580256125 0.5883880275 0.4687872375 0.57620853625 0.46662566499999997 0.5727549275 0.46507321375 0.5736972875 0.46324440125000005 0.56666042375 0.45796142125000006 0.5586115724999999 0.4590283875 0.5518408687499999 0.46285750375 0.54872720625 0.46753693875 0.5530448625 0.47328033875000003 0.5552230025 0.47179872125000005 0.5583945375 0.47496882125
10 0.7349369649999999 0.61331334375 0.72570487625 0.620495455 0.71172669 0.628153355 0.706269595 0.6288784900000001 0.69522255 0.62968021 0.6632989637500001 0.70099388875 0.6608945799999999 0.70843007 0.6614023324999999 0.7118342275 0.66299802125 0.71500956375 0.67272187375 0.7214359349999999 0.68561927375 0.726786455 0.69616073875 0.729289225 0.7077396175 0.7296396837499999 0.7165988812499999 0.7269797525 0.72747710375 0.7015060425 0.7445016825 0.6620005312499999 0.7551324875000001 0.6434032125 0.75682383875 0.6318386149999999 0.75462893 0.62368816375 0.7471504525 0.61647471625 0.74742300375 0.6151113137499999 0.7497953887500001 0.614445085 0.7497953887500001 0.61251953 0.75350508 0.60532426625 0.7534606012499999 0.6019495375 0.7493820325 0.59771664875 0.7446037950000001 0.59565884 0.7373813875 0.5939480687500001 0.7386624475000001 0.602465165 0.7368783175 0.60698905 0.7349369649999999 0.61331334375
16 0.61598252125 0.485065205 0.67831868625 0.5339381375 0.6758479287500001 0.54230806125 0.68042618875 0.5432101025 0.6825152525 0.5373732025 0.684519855 0.5393959337500001 0.7099932775000001 0.5239790825 0.7011321587499999 0.5101987575 0.6376660125 0.4606301225 0.6112755087499999 0.47624922499999994 0.61598252125 0.485065205
10 0.6067433962500001 0.7364936312499999 0.60480492875 0.74072456625 0.59048600875 0.7509200312500001 0.56618209125 0.75325862125 0.56605630875 0.7754624525 0.5821458225 0.77144536875 0.6093158787499999 0.76469542125 0.62940854375 0.7632713275 0.65860598625 0.7582414749999999 0.67035186375 0.7541329887499999 0.6696859700000001 0.7434865 0.66036393875 0.7201319662500001 0.65283669375 0.7116505587499999 0.63337215625 0.72185715375 0.6106892625 0.73668498625 0.6067433962500001 0.7364936312499999
