11 0.19856770875 0.2646484375 0.19856770875 0.2734375 0.20377604125 0.283203125 0.205078125 0.29833984375 0.21354166625 0.48974609375 0.21354166625 0.509765625 0.21028645875 0.52392578125 0.21484375 0.5400390625 0.228515625 0.5556640625 0.23763020875 0.5615234375 0.25651041625000004 0.564453125 0.30794270874999996 0.5634765625 0.32747395875 0.560546875 0.35807291625 0.55029296875 0.47395833375 0.537109375 0.533203125 0.533203125 0.5501302087500001 0.53076171875 0.5657552087500001 0.52587890625 0.5709635412499999 0.517578125 0.5677083337500001 0.4326171875 0.5618489587500001 0.37939453125 0.5592447912499999 0.3056640625 0.5481770837500001 0.2451171875 0.5325520837500001 0.240234375 0.505859375 0.23779296875 0.287109375 0.2412109375 0.255859375 0.2392578125 0.24869791625 0.23681640625 0.24283854125 0.23046875 0.23502604125 0.2294921875 0.224609375 0.236328125 0.21028645875 0.2421875 0.19856770875 0.2646484375
10 0.35221354125 0.57080078125 0.34635416625 0.5810546875 0.34309895875 0.59375 0.32552083375 0.60693359375 0.26888020874999996 0.70849609375 0.263671875 0.724609375 0.24674479125 0.73583984375 0.22395833375 0.76513671875 0.22330729125 0.7802734375 0.23046875 0.787109375 0.23046875 0.79638671875 0.234375 0.80078125 0.24283854125 0.80078125 0.25065104125000004 0.79638671875 0.26822916625000004 0.79833984375 0.27864583374999996 0.794921875 0.30143229125000004 0.76416015625 0.31315104125000004 0.7548828125 0.31705729125000004 0.74169921875 0.419921875 0.646484375 0.427734375 0.63525390625 0.43098958375 0.62548828125 0.44270833375 0.6181640625 0.447265625 0.61279296875 0.46028645875 0.5859375 0.46028645875 0.5771484375 0.45703125 0.56982421875 0.45052083375 0.5615234375 0.43880208375 0.55322265625 0.421875 0.54638671875 0.40950520875 0.544921875 0.380859375 0.5478515625 0.375 0.55029296875 0.35221354125 0.57080078125
10 0.681640625 0.67626953125 0.69205729125 0.6826171875 0.70182291625 0.69677734375 0.728515625 0.71630859375 0.81966145875 0.7734375 0.83919270875 0.7890625 0.85416666625 0.8056640625 0.86848958375 0.81201171875 0.90755208375 0.84423828125 0.91861979125 0.84619140625 0.93815104125 0.84130859375 0.94791666625 0.845703125 0.95703125 0.84423828125 0.95963541625 0.8369140625 0.955078125 0.8310546875 0.955078125 0.82666015625 0.96419270875 0.814453125 0.96419270875 0.81103515625 0.958984375 0.8046875 0.94661458375 0.796875 0.9296875 0.78173828125 0.900390625 0.76318359375 0.79427083375 0.64794921875 0.77213541625 0.63623046875 0.74934895875 0.60400390625 0.71549479125 0.591796875 0.69856770875 0.59033203125 0.673828125 0.59814453125 0.67252604125 0.60498046875 0.681640625 0.67626953125
10 0.66796875 0.47314453125 0.68489583375 0.4765625 0.68815104125 0.4794921875 0.68229166625 0.49267578125 0.69010416625 0.5087890625 0.69661458375 0.515625 0.701171875 0.5302734375 0.69856770875 0.541015625 0.71158854125 0.5673828125 0.72005208375 0.5693359375 0.728515625 0.568359375 0.736328125 0.564453125 0.75 0.564453125 0.77083333375 0.560546875 0.779296875 0.55615234375 0.77994791625 0.55126953125 0.76953125 0.52294921875 0.76432291625 0.517578125 0.76041666625 0.50732421875 0.75846354125 0.484375 0.74479166625 0.4248046875 0.728515625 0.3994140625 0.71549479125 0.37109375 0.7109375 0.36669921875 0.69140625 0.3896484375 0.67057291625 0.4208984375 0.66796875 0.47314453125
13 0.6329101425 0.490214655 0.617517545 0.5130221875000001 0.5579559350000001 0.9441461162500001 0.5766945087500001 0.94634407125 0.6329101425 0.490214655
13 0.6316111074999999 0.79908523125 0.65099106625 0.8012783274999999 0.66872805 0.424768335 0.65099106625 0.44518471875000004 0.6316111074999999 0.79908523125
13 0.6974614275000001 0.96611842625 0.6978204725 0.9663107225 0.71895541 0.9641229724999999 0.664285985 0.53545190125 0.6582116287499999 0.63471954 0.6974614275000001 0.96611842625
13 0.6022326425 0.9197940812500001 0.60717578625 0.9170109974999999 0.64505902125 0.5439951225 0.63353909125 0.55894196125 0.5828720825 0.91360946 0.59317025875 0.9197940812500001 0.6022326425 0.9197940812500001
13 0.37922712375 1 0.5947828549999999 0.67046338875 0.5982157137499999 0.63721931 0.35788904000000005 0.9927879224999999 0.36772237124999996 0.99916313375 0.37468978875 1 0.37922712375 1
13 0.3826625475 0.9018631899999999 0.36429676625 0.9233617125000001 0.38515283375000003 0.9331762299999999 0.602429445 0.606975335 0.60680981625 0.56929257625 0.46735534624999997 0.77149619125 0.42157311875 0.8494099325000001 0.38951082249999996 0.9030315874999999 0.3826625475 0.9018631899999999
13 0.6514038762500001 0.44843965500000005 0.641396255 0.46121117 0.6168776125000001 0.49689629875 0.577847875 0.551363075 0.5609724374999999 0.5819515725 0.49944925625000003 0.68552683375 0.3727143975 0.8920859387500001 0.37187873125000004 0.89684491125 0.3897046025 0.9021792949999999 0.5773474625 0.5871066575 0.6509035400000001 0.46121117 0.6514038762500001 0.44843965500000005
13 0.732103505 0.30526705374999996 0.4453457475 0.7126256974999999 0.45961778375 0.71878857125 0.7467679537499999 0.30782717125000003 0.7409703424999999 0.3032189725 0.732103505 0.30526705374999996
13 0.17581268000000003 0.9513258037500001 0.19396747125000002 0.9594576862499999 0.5709930962499999 0.5261990225000001 0.54726674875 0.5330203375 0.17581268000000003 0.9513258037500001
13 0.6037522200000001 0.4888647975 0.6383756862500001 0.44132061875 0.7293493825 0.2710485375 0.7238909625 0.2661314175 0.7118068687500001 0.26522767375 0.6588732462500001 0.37106584249999996 0.617000205 0.45760855624999996 0.6037522200000001 0.4888647975
13 0.56661059625 0.5391510575 0.60185966375 0.4913510925 0.67377720125 0.32554694625 0.666680075 0.32110713875 0.66064723 0.3210703625 0.6115590675 0.43487674374999996 0.58388027875 0.49457538749999996 0.56661059625 0.5391510575
13 0.6865719425000001 0.2777229275 0.68601310625 0.2753106825 0.6837777225 0.27310820125 0.6781892825 0.27394724125 0.6731596999999999 0.27478628125 0.65971037375 0.32142071125 0.66771095875 0.320304275 0.67371853625 0.32470923874999996 0.6865719425000001 0.2777229275
13 0.6502883625 0.28421315750000004 0.64814063875 0.28078703625 0.6422343537499999 0.27998089125 0.6342422925000001 0.28077208875 0.5775338237500001 0.50663330375 0.6127029900000001 0.43119595625 0.6502883625 0.28421315750000004
13 0.583977035 0.2827397 0.57538608 0.28132892875 0.5665266824999999 0.285964265 0.57538608 0.51405880125 0.5888094275 0.459442415 0.583977035 0.2827397
