16 0 0.481110945 0.033862406250000004 0.46678636124999995 0.30554736 0.33199036249999997 0.46935625999999997 0.3000201975 0.48876717375 0.28774973374999996 0.488807895 0.26555543875000004 0.4590512475 0.18732280750000002 0.42865465375 0.07593027625 0.41885384999999997 0.07037377625 0.370489775 0.07575117375 0.21533818624999998 0.09993389625 0.15054442375000002 0.14783715125 0.100968985 0.1768611 0.04879370625 0.222396585 0.006895632499999999 0.26846881125 0 0.27182045250000003 0 0.481110945
16 0 0.6094765575000001 0.00945673125 0.655022115 0.02229305625 0.6612416125 0.10524565250000001 0.64690874125 0.36725262625 0.5669302012499999 0.565895035 0.51979563125 0.5745523462500001 0.5120081912500001 0.5685220249999999 0.4884878975 0.5758044275 0.4661673425 0.57187040125 0.44595147249999995 0.543434365 0.41184434875000003 0.52508484 0.35489050125 0.51607329375 0.301114815 0.51962593625 0.27456375625 0.51261566625 0.27587918375000003 0.506993875 0.2843296225 0.457908415 0.30093571375 0.29527015500000003 0.3314536225 0 0.48051480375 0 0.6094765575000001
16 0.4034895075 0.8054164075 0.494623015 0.78831585375 0.62994158125 0.75183096125 0.65192519125 0.73784515875 0.6493796450000001 0.7247642999999999 0.5969309125 0.5373912175000001 0.579902 0.5245628775 0.41236333875 0.55230253625 0.34178424 0.57047656875 0.11927976624999999 0.6368797875 0.0615369925 0.66127331875 0.047271467500000004 0.6701131024999999 0.04585583875 0.6777742875 0.021558095000000003 0.67986840125 0.01827758625 0.6854143349999999 0.01914894625 0.719763405 0.04487655 0.829566855 0.05278532625000001 0.84780430125 0.06492741125 0.8504562937500001 0.4034895075 0.8054164075
16 0.67759763125 1 0.72552755625 0.9816459175 0.72951587875 0.972269395 0.72627609125 0.95562103 0.677570695 0.76508035375 0.66941693375 0.7530518374999999 0.6521430325 0.74643242625 0.53716103375 0.77540353 0.4154137525 0.7994811312500001 0.07708306999999999 0.8457101874999999 0.066547305 0.858780475 0.09641646124999999 1 0.67759763125 1
16 0.89582565 0.21383329624999997 0.8918780475 0.20101552375 0.9052043475000001 0.19481716250000003 0.9131674175000001 0.18346221499999998 0.90832131125 0.1510915675 0.89902405625 0.12571910875 0.8922587725 0.12082560625 0.8845542625 0.11857352625 0.86679038875 0.124371975 0.86329204125 0.12133063999999999 0.8454189162500001 0.059357030000000005 0.84047127125 0.049805705 0.75112085625 0.044510865 0.46120183625000005 0.16103483375 0.45277593875 0.17001144624999998 0.49159843000000003 0.27242736624999997 0.49342259 0.296736915 0.5083687825 0.298862735 0.5251119875 0.34009430375 0.888107565 0.21897931624999997 0.89582565 0.21383329624999997
16 0.57321816125 0.47528078125 0.56781421 0.49231848874999995 0.57430735875 0.51821712 0.5978837149999999 0.52735169625 0.61914593625 0.52459458375 0.86756805 0.4644214325 0.92107751375 0.455613355 0.9631527049999999 0.44032269375 0.9497578775 0.35655470125 0.94183552875 0.34571535375 0.9462866775000001 0.33871716749999997 0.9393442762499999 0.30304210000000004 0.9270250725 0.269608545 0.91770067 0.2590322825 0.8836021225 0.25556989625 0.84061484875 0.258705785 0.78195999625 0.27094454125 0.5281203624999999 0.35555349999999997 0.5436657775 0.41303351875 0.561620345 0.43061853375 0.5711625875 0.44978206375 0.57321816125 0.47528078125
16 0.6771757375 0.7257115212499999 0.96062205 0.6737574325 0.96828615875 0.6708833312500001 0.97572861125 0.52735032875 0.97468265125 0.52197543375 0.9740562812500001 0.48141743374999996 0.9497856837499999 0.46871535000000003 0.8953505675 0.47276675249999994 0.5967130737499999 0.52880395 0.59898648625 0.562889935 0.64680695125 0.72647964 0.6771757375 0.7257115212499999
16 0.7139568887500001 0.9221874725000001 0.81254991875 0.91354793 0.9568690599999999 0.891070245 0.9685623475 0.66555683625 0.6486854049999999 0.72119679375 0.65029172625 0.73691907375 0.6311122225 0.7503787074999999 0.63951097125 0.7561982924999999 0.67011117375 0.7566193437500001 0.67570581375 0.7629651 0.69352464375 0.854531105 0.7139568887500001 0.9221874725000001
1 0 0.21334365875 0.06284139500000001 0.20496953375000002 0.0845800175 0.19719266000000002 0.12366041 0.15904470375000002 0.15334853 0.14731098125 0.22048357625 0.09650321625 0.32212570125 0.0811285725 0.42352283999999996 0.0719628575 0.43075094875 0.07923469749999999 0.44606495125 0.1355255475 0.52222511875 0.13109537124999998 0.56242185625 0.12108755625 0.6482192824999999 0.08403421625 0.6442852562500001 0.06381834624999999 0.6260721275000001 0.059840357500000003 0.57920921 0.03432350875 0.43860771875 0.02599156875 0 0.1082931825 0 0.21334365875
1 0.6864510287500001 1 0.90543971625 0.9577474175 0.8664814875000001 0.92931248625 0.86580082125 0.91834688 0.8387125425 0.9135690674999999 0.71768665 0.92641797625 0.7316121725000001 0.9755738150000001 0.6785927612499999 1 0.6864510287500001 1
