8 0.9669178075000001 0.61125634875 0.9810714749999999 0.38144736125 0.99427657875 0.08433253625 0.79154174375 0.10383726125000001 0.79079976375 0.10605311125 0.8175312275000001 0.7878783249999999 0.8295993675 0.802905955 0.85502828125 0.8433424100000001 0.88974475125 0.8083869212499999 0.9019985625 0.806646255 0.9669178075000001 0.61125634875
8 0 0.60186782125 0.16501260875 0.568076175 0.27249609875 0.5657850962500001 0.301378435 0.1467035325 0.00043339125 0.13248169375 0 0.139488655 0 0.60186782125
4 0.28798844625000003 0.10213129374999999 0.28958825 0.1024916125 0.26625678 0.20471467624999998 0.26519165875 0.23516752375 0.24405897 0.27612282374999997 0.18405243 0.4237068825 0.1859322075 0.43261858625000005 0.15309701875 0.47152530875 0.17132323375 0.49577825124999997 0.34933040624999995 0.59051228375 0.43593296000000004 0.6385419 0.4962266525 0.67410749625 0.60399250375 0.38399835875 0.64348142375 0.253984825 0.39272096625 0.09535151125 0.3043922225 0.028513371250000002 0.2880176375 0.10165934625 0.28798844625000003 0.10213129374999999
4 0.32864311625 0.7372820025 0.33700389875 0.7503143475 0.337923325 0.761285125 0.333940685 0.77665479625 0.37186231124999997 0.7935490212499999 0.46409760499999997 0.8128497462500001 0.5157859899999999 0.8158235899999999 0.5410650975 0.80699189375 0.53531342625 0.8271280262499999 0.53102399625 0.84190195125 0.53461573875 0.84180493875 0.54428876625 0.832463285 0.55039533125 0.821163205 0.56665742875 0.79254452 0.59964837125 0.7487822212499999 0.607150925 0.7303483012499999 0.6234858025 0.66122458 0.6782542862500001 0.48908316125 0.68572291375 0.49548822000000003 0.7029181149999999 0.47295709625 0.68534363 0.46985310124999996 0.64160051125 0.43816296625 0.62396234375 0.41893067125 0.5869726325 0.4029614125 0.56300308125 0.38574860125 0.562670295 0.37359969625 0.51705295 0.345561315 0.47052572374999996 0.31606480375 0.44813413124999996 0.30770677750000003 0.44875014375 0.30849910999999997 0.445961955 0.3219996175 0.44530359750000004 0.3411395725 0.44553587624999996 0.36469269625 0.44944165875000003 0.39241603875000003 0.4234870875 0.43308399875 0.403015105 0.46671466375000004 0.38392947125 0.51331777625 0.35910856 0.57239445125 0.34417277749999997 0.5925438574999999 0.33905985125 0.60352511 0.33525099875000003 0.636390575 0.3286690325 0.66331669625 0.32841389875 0.6873470374999999 0.33113675125 0.7050471075 0.32686350249999996 0.72440541875 0.32864311625 0.7372820025
8 0.33721212875 0.7530521 0.32856965875 0.73849368375 0.22370234125 0.73682430625 0.25297050875 0.564283715 0.20439010625 0.5629013024999999 0.21892603624999998 0.8677624125 0.21881618 0.86917326375 0.28333546 0.85602694375 0.317529905 0.83896822375 0.432331365 0.80772773875 0.37768733875000005 0.79476704125 0.33387279124999997 0.7754908337499999 0.33721212875 0.7530521
4 0.6790091862500001 0.30135624624999996 0.68856476125 0.31381505875 0.7035280825 0.3321805575 0.7043375224999999 0.3471840175 0.6971323925 0.3791469825 0.6698182 0.4138190375 0.6459422875 0.4321952925 0.6651739612500001 0.45577722125000003 0.68006164875 0.46513648 0.698969875 0.47316463 0.68920883 0.49321025375 0.67583549875 0.48909833999999996 0.65920708375 0.5398726025 0.6400373687500001 0.59681896875 0.631038255 0.6357062299999999 0.63245263625 0.63768731625 0.6459104075000001 0.6940589787499999 0.686899805 0.6670926575 0.76221276625 0.6225457575 0.8376053312499999 0.582142105 0.87681619625 0.55256554125 0.9283522675 0.52137455375 0.9756872387500001 0.49058288125 0.9775838475 0.45991898 0.98606956125 0.26899042125 0.9823504225 0.260022825 0.94379662375 0.18727586625 0.9281930774999999 0.15794525125 0.9216206712499999 0.113646595 0.88984425 0.11587552375 0.8158684925 0.17683398 0.6651152100000001 0.29917800125 0.6790091862500001 0.30135624624999996
4 0.6733780325 0.676648195 0.6464084162499999 0.6898517175000001 0.6322761 0.63494175875 0.61508848875 0.6989561224999999 0.61642223875 0.69881428625 0.6806331887499999 0.74062859625 0.7048705737500001 0.7569062475 0.7235631487499999 0.7713751925 0.745339555 0.7185082224999999 0.79316118375 0.60576413375 0.7195009987500001 0.6475732187500001 0.6733780325 0.676648195
8 0.2565908225 0.53823727125 0.223358055 0.7301885987500001 0.22222188124999998 0.7366449075 0.32917466625 0.73786229375 0.32657120874999995 0.72021356625 0.33028772375000004 0.7061210237500001 0.32753221625 0.67098938625 0.33252539124999997 0.6411048112500001 0.34420772749999995 0.58948666375 0.2565908225 0.53823727125
10 0.29387229125000003 0 0.28516477625000003 0.015748203750000002 0.28128842375 0.086257225 0.28847796 0.09651515125 0.287767845 0.09607551125000001 0.50308329625 0.31497337999999997 0.554980915 0.37295516375 0.59491900875 0.38705571874999994 0.61826559 0.38950608875 0.6159417425 0.40016651375 0.62319391875 0.40957943625 0.64029464 0.4318026525 0.6647046425 0.42318759624999996 0.68843007625 0.39406753 0.70301844375 0.36399722250000005 0.7044555025 0.3332491125 0.6893141312500001 0.31286734125 0.6724569549999999 0.29651759875 0.66426084375 0.30152429125 0.6615187825 0.28932168 0.654266335 0.2587490325 0.62029485375 0.21584147375 0.556858575 0.1404633075 0.47794437125 0.05402925 0.42725468749999995 0 0.29387229125000003 0
8 0.6148666325 0.6994765099999999 0.5973391325 0.7514030375 0.814443935 0.8097199987499999 0.8471189375 0.5733830925 0.79151670125 0.6090194262499999 0.7249195325 0.7706054675 0.6148666325 0.6994765099999999
