8 0.8126923425 0.88339771875 0.85441180875 0.84175582 0.8763352037500001 0.80909813875 0.91438674625 0.786643595 0.9266152 0.74873048125 0.9433300649999999 0.73077404875 0.9537922550000001 0.6992054312499999 0.84175273375 0.58662717 0.8269395275 0.5917407425 0.83074284875 0.566055025 0.8051454225000001 0.5397658475 0.7478003687499999 0.62551149375 0.74649153625 0.688328995 0.7203976525 0.6858671475 0.6647286 0.76960053625 0.6756030875000001 0.79667104375 0.6985254987499999 0.79449292 0.69141530875 0.8220370275000001 0.70414632625 0.8384307975 0.67388806375 0.87898363375 0.70102609375 0.9097589175 0.756069405 0.9344854300000001 0.7697030650000001 0.907556785 0.8126923425 0.88339771875
1 0.45608850500000003 0.43087053875000003 0.48481838125000004 0.54210002125 0.54180848375 0.5518175562500001 0.57070667125 0.49811413000000004 0.6170479475 0.4699305525 0.64245873875 0.42674999999999996 0.6404155737499999 0.36795700875000004 0.619156945 0.21185445125000002 0.57276442875 0.1640699375 0.5577255612500001 0.1800141125 0.56108366875 0.25412381624999997 0.5449494125 0.16578646375000003 0.5020052687500001 0.18777941125000003 0.4859222525 0.1754101525 0.41733554624999997 0.17328004125 0.38915947625 0.1923255375 0.41353833375 0.27709997375 0.45608850500000003 0.43087053875000003
1 0.6426843999999999 0.415919395 0.6832243212500001 0.35246242375000003 0.749000615 0.33262359500000005 0.7402985825 0.27971350375 0.7223590375000001 0.2780209825 0.67256938875 0.23642709875 0.6371416212500001 0.21138085125 0.62205762375 0.22949114874999998 0.6333444075 0.3152007825 0.6426843999999999 0.415919395
8 0.7311574425 0.40473304499999996 0.7109490725000001 0.35507813749999995 0.6646529275 0.38109559375 0.63367255125 0.4563063625 0.5788158775 0.5010495775 0.5539979125 0.594204775 0.58439767875 0.62528778875 0.62661971 0.637952775 0.65865034375 0.6691896549999999 0.66698521 0.6612945 0.68270716875 0.69099272375 0.6928082999999999 0.6767530725 0.71709078625 0.6877255375 0.73838232875 0.68539354625 0.7392398400000001 0.6442372525000001 0.73810542875 0.62025606 0.72202241125 0.6078868012499999 0.6925765300000001 0.6094494625 0.69823638125 0.57308700625 0.75024361625 0.586675185 0.7469757737499999 0.50823324125 0.7311574425 0.40473304499999996
11 0.41304188000000003 0.30092730125 0.40551939249999996 0.26983228375 0.3984482275 0.2170760575 0.38576234374999996 0.19851616875 0.3429084625 0.2161768725 0.32610333249999995 0.23846554625 0.33851842249999997 0.27002216 0.352880305 0.28656979625 0.36497947000000003 0.33328925624999994 0.37377176749999996 0.381867105 0.3932970475 0.38587961125 0.42432866500000005 0.386636935 0.436105795 0.3703850275 0.41304188000000003 0.30092730125
3 0.353323145 0.73587998625 0.32002270125000004 0.68716027375 0.29515349625 0.70434737875 0.273958325 0.78048134 0.250043005 0.83031412125 0.28715287875 0.93148232625 0.338438 0.9797284374999999 0.37313754250000003 0.96129840625 0.393565465 0.9219884974999999 0.46042493 0.8501627700000001 0.42834916375 0.82109201 0.37869491125000004 0.772999765 0.353323145 0.73587998625
3 0.372261705 0.76805206125 0.35182767249999997 0.72922775875 0.27889606 0.778776815 0.30716850375 0.83353329125 0.3464057 0.9110280362500001 0.37983543249999996 0.8751151712499999 0.42178056124999996 0.82264267 0.372261705 0.76805206125
8 0.34763275374999997 0.3815713775 0.374009645 0.5273049275 0.41781740999999994 0.54228989875 0.4693281925 0.5797054075 0.4588537875 0.45500559875 0.43769153125000004 0.37270501375000004 0.42922126874999994 0.38709853125000004 0.37363637 0.38836546624999996 0.36430248624999995 0.36578106750000006 0.34763275374999997 0.3815713775
8 0.77699016125 1 0.7698445700000001 0.979192635 0.76902608125 0.9400485962499999 0.74623906625 0.9357283587499999 0.7365441250000001 0.93047292375 0.7057381687500001 0.91888499625 0.6538724375 0.9769326675000001 0.668098925 0.999978665 0.6911116012499999 0.9934682975 0.71444020125 0.9717950875 0.74166849625 0.9982381287500001 0.75004448875 1 0.77699016125 1
3 0.415043645 0.98912623625 0.45418446875 0.9928190087500001 0.47117013 0.9618658537500001 0.45384647125 0.95051332375 0.511749075 0.8181085475000001 0.525382735 0.79117990125 0.51229066125 0.7921150975000001 0.4799050775 0.85634139625 0.45734372375 0.84119055625 0.37304727875 0.9656306487499999 0.415043645 0.98912623625
3 0.66746273125 1 0.6681440562500001 0.9978125437500001 0.65708904125 0.97940652125 0.5995512425 0.91754822125 0.5716910962499999 0.9214308712499999 0.57386355 0.89559128625 0.53848091625 0.8683789175 0.52290046375 0.9103165425 0.49518182250000004 0.9858350425000001 0.5775390925 1 0.66746273125 1
