0 0.46626984125 0.33234127 0.50760582 0.322420635 0.537367725 0.30629960375 0.5820105825 0.2976190475 0.59854497375 0.26041666625000004 0.62169312125 0.21081349249999998 0.61673280375 0.166170635 0.5902777775 0.13392857125000002 0.52744709 0.12028769875 0.477843915 0.1326884925 0.45304232749999995 0.15873015875 0.44146825375 0.1897321425 0.4348544975 0.26785714250000003 0.42824074125 0.3273809525 0.44146825375 0.3472222225 0.4728835975 0.36830357125 0.47619047625 0.37202381 0.46957672 0.3571428575 0.46626984125 0.33234127
14 1 0.38396317875 0.9292328037500001 0.28521825375 0.8812830687500001 0.2306547625 0.84656084625 0.225694445 0.8085317462499999 0.2095734125 0.70932539625 0.24925595250000002 0.596891535 0.29017857125 0.50760582 0.31870039625 0.46130952375 0.33110119 0.46626984125 0.35342261875 0.48115079375 0.380704365 0.47453703750000004 0.381944445 0.497685185 0.400545635 0.5224867725 0.4241071425 0.56712963 0.45014881 0.59854497375 0.4737103175 0.6299603175 0.48115079375 0.672949735 0.47247023749999995 0.7175925925 0.46502976250000005 0.752314815 0.47247023749999995 0.77876984125 0.46999007875 0.85317460375 0.46254960375000004 0.869708995 0.4439484125 0.89781746 0.43898809499999997 0.9623015875 0.43030754000000004 0.9920634925 0.41666666625 1 0.38571428625000004 1 0.38396317875
1 0.41832010625000005 0.5704365075 0.3951719575 0.54811507875 0.35548941749999996 0.51959325375 0.34887566124999997 0.5282738100000001 0.35218254000000004 0.555555555 0.37863756625 0.6001984125 0.44312169249999994 0.673363095 0.5142195762499999 0.7626488100000001 0.5919312175 0.8544146825 0.66159543625 0.9410991375000001 0.74239418 0.89657738125 0.48776454999999996 0.59275793625 0.45304232749999995 0.5815972225 0.45138888875 0.59399801625 0.43154761875 0.595238095 0.41832010625000005 0.5704365075
1 0.36599953999999996 1 0.38359788375000003 0.97470238125 0.40178571375 0.93998015875 0.4050925925 0.91765873 0.41335978875 0.928819445 0.42989418 0.9027777775 0.42824074125 0.87921627 0.439814815 0.8916170637499999 0.45304232749999995 0.87053571375 0.47123015875 0.811011905 0.46792328 0.76016865125 0.47123015875 0.7080853175 0.4728835975 0.70932539625 0.47123015875 0.7068452375 0.4728835975 0.7068452375 0.43816137625 0.673363095 0.24140211625 0.6560019837500001 0.087632275 0.81969246 0.0049603175 0.9027777775 0.00165343875 0.9337797625 0.00330687875 0.98958333375 0.049140211249999996 1 0.0753306875 1 0.11243386250000001 0.99578373 0.19014550249999998 0.9995039687499999 0.28273809499999997 0.9970238100000001 0.32162698375 1 0.36599953999999996 1
1 0.34060846499999997 0.5133928575 0.37037037 0.538194445 0.37202381 0.5208333337500001 0.37863756625 0.47991071375 0.3951719575 0.38814484125 0.4150132275 0.25173611125 0.27116402125 0.1215277775 0.14880952375 0.09052579375 0.07605820125 0.12896825375 0.04629629625 0.3087797625 0.01653439125 0.51587301625 0.067791005 0.53943452375 0.11078042375000001 0.5642361112500001 0.145502645 0.57911706375 0.19675925875 0.5803571425 0.2380952375 0.57911706375 0.2777777775 0.575396825 0.3174603175 0.5642361112500001 0.31415343875 0.546875 0.31084656125 0.5419146825 0.34887566124999997 0.5518353175 0.34060846499999997 0.5133928575
1 0.60350529125 0.49479166625 0.59358465625 0.53447420625 0.54894179875 0.57415674625 0.49603174625 0.5915178575 0.50429894125 0.6076388887499999 0.54728836 0.653521825 0.60681216875 0.7304067462499999 0.63326719625 0.76016865125 0.6762566137500001 0.80233134875 0.73578042375 0.829613095 0.7771164025 0.8432539687499999 0.82175925875 0.78373015875 0.810185185 0.81845238125 0.7771164025 0.8519345237500001 0.8548280425 0.8258928575 0.907738095 0.6882440475 0.947420635 0.5505952375 0.8862433862499999 0.5357142862500001 0.8829365075 0.5233134925 0.9060846562499999 0.53075396875 0.92427248625 0.518353175 0.8134920637499999 0.48859127 0.7175925925 0.46254960375000004 0.61673280375 0.48611111125 0.58862433875 0.46254960375000004 0.60350529125 0.49479166625
6 0.34887566124999997 0.54935515875 0.3125 0.54067460375 0.31580687874999996 0.56299603125 0.29265873 0.56919642875 0.2480158725 0.575396825 0.19675925875 0.5815972225 0.15376984125 0.5815972225 0.11408730125 0.57787698375 0.08101851874999999 0.60267857125 0.07936507875 0.63740079375 0.11574074124999999 0.6560019837500001 0.15707672 0.6560019837500001 0.18353174625000002 0.6436011899999999 0.22156084624999997 0.653521825 0.26620370375 0.6572420637499999 0.32903439125 0.66220238125 0.3571428575 0.654761905 0.41005291 0.6398809525 0.41666666625 0.6436011899999999 0.3753306875 0.595238095 0.34887566124999997 0.54935515875
10 0.7175925925 0.24677579375 0.8052248675 0.21205357125 0.83994709 0.224454365 0.8845899475 0.23189484125 0.8994709000000001 0.20709325374999998 0.8994709000000001 0.1810515875 0.9341931212500001 0.15004960374999998 0.9490740737500001 0.12896825375 0.93915343875 0.11160714249999999 0.9060846562499999 0.08928571375000001 0.869708995 0.08928571375000001 0.849867725 0.11160714249999999 0.8167989412500001 0.14508928625 0.8151455025 0.146329365 0.7754629625 0.147569445 0.7457010587499999 0.16865079375 0.7275132275 0.2095734125 0.7175925925 0.24677579375
2 0.5142195762499999 0.5319940475 0.497685185 0.497271825 0.4728835975 0.47495039624999996 0.42328042375 0.46999007875 0.39847883625 0.48115079375 0.38690476250000005 0.497271825 0.38855820125 0.52703373 0.40178571375 0.54811507875 0.40178571375 0.546875 0.4447751325 0.5704365075 0.48941799 0.5729166662499999 0.50925925875 0.5580357137499999 0.5142195762499999 0.5319940475
2 0.51823507125 0.55768140625 0.517526455 0.555555555 0.54728836 0.54563492125 0.557208995 0.51091269875 0.54398148125 0.49479166625 0.5125661375 0.52579365125 0.51587301625 0.556795635 0.51823507125 0.55768140625
2 0.50595238125 0.49231150749999997 0.50760582 0.51463293625 0.52579365125 0.51091269875 0.5505952375 0.49603174625 0.54894179875 0.4737103175 0.50429894125 0.48859127 0.50925925875 0.49231150749999997 0.50595238125 0.49107142875 0.50595238125 0.49231150749999997
2 0.44146825375 0.44642857125 0.4447751325 0.47123015875 0.479497355 0.48239087249999996 0.49603174625 0.48983134874999995 0.517526455 0.478670635 0.52820192125 0.47689138999999997 0.49603174625 0.45758928625 0.49107142875 0.4439484125 0.47453703750000004 0.4637896825 0.47123015875 0.44890873 0.4546957675 0.44766865125000005 0.44146825375 0.44642857125
