0 0.38808489749999997 0 0.03521002 0.10076536624999999 0.022960236250000002 0.28881912625 0.0442003375 0.29988740625 0.12659483500000002 0.31130750500000004 0.49790164375 0.29433436749999997 0.6842533025 0.29920975 0.70510924625 0.2920941875 0.7302586325 0.29131123625 0.75978844875 0.27144422125 0.7861241625 0.2283679725 0.7937941475 0.182865255 0.78531964375 0.07214973125 0.758398055 0.0038137325 0.69985116625 0 0.38808489749999997 0
0 0.78739136375 0.40156458375 0.80644971375 0.39796368875 0.8408141775 0.40020218375 0.86042219875 0.38816297874999994 0.8819933249999999 0.345986955 0.8913123187499999 0.27516930875 0.8790771150000001 0.19810527375 0.86253154125 0.1631310375 0.8462916 0.14754611750000002 0.8213777862499999 0.14471264875 0.82012986125 0.1397890075 0.7955301462500001 0.1321336475 0.7899633875000001 0.19351101 0.77174341125 0.25648532375 0.7481475825 0.28158122750000003 0.72713459 0.29110773625 0.7002661324999999 0.29419988375 0.73103541 0.30346771375 0.7532878650000001 0.32307605375000004 0.77576742625 0.36327917875 0.78739136375 0.40156458375
0 0.93669792 0.25270337125000003 0.94998779625 0.21725143374999997 0.95500488375 0.16431238125 0.9440176025 0.0921719875 0.9289555262499999 0.058504973749999994 0.91419908125 0.044227274999999996 0.8653052812500001 0.04830587125 0.8308538299999999 0.07148405625 0.799770455 0.06703811625 0.78539816875 0.07094425875 0.7936455637500001 0.16106499500000002 0.83067138875 0.14652862 0.8447295787500001 0.14744436625000001 0.858159575 0.15800389625 0.87361427375 0.18564354625 0.89186199 0.26673099875 0.92325946 0.26635504875 0.93669792 0.25270337125000003
0 0.784345845 0.40015561 0.8392521575 0.40010043375000004 0.8587816524999999 0.3892667025 0.88207185 0.34478148124999997 0.89084117375 0.282402145 0.88383323875 0.221416255 0.8640150375000001 0.16443826 0.8462916 0.14754611750000002 0.82301833125 0.14360892375 0.80349729875 0.13023145 0.79404664875 0.130826425 0.7873805512500001 0.20908040875 0.7682267487500001 0.2623091875 0.73682081375 0.286896345 0.69886116125 0.29168718875 0.69862558875 0.295303605 0.72798989375 0.30205874250000003 0.7532878650000001 0.32307605375000004 0.77857737 0.36830456875 0.784345845 0.40015561
0 0.7799823425 0.370817265 0.75032087 0.32046160874999996 0.72947338875 0.30336596374999997 0.7079191899999999 0.29711957625 0.671600085 0.3008066975 0.63098753375 0.298161205 0.52984032 0.3097313125 0.1275286625 0.32105303749999997 0.05949798875 0.329938 0.01856287875 0.35632560249999995 0.010788977500000001 0.4756674125 0.02843389125 0.4937650275 0.04959546875 0.50603878 0.12370871375 0.52418296875 0.68586234 0.6116462324999999 0.72265259125 0.6007262762500001 0.75460819625 0.56770080875 0.78055975375 0.50644071875 0.7871388625 0.45360341499999995 0.78793256875 0.41733748 0.7799823425 0.370817265
0 0.9152076662499999 0.510369305 0.9189683662500001 0.47671781625000004 0.91773737125 0.42337176249999997 0.90853075625 0.3961391125 0.89393136 0.37945046750000005 0.8722201125 0.37561502625000004 0.8457358150000001 0.396891015 0.78652759625 0.41482478375 0.7815805675 0.4907695725 0.7668772575 0.54792001875 0.81209734375 0.5520762337499999 0.83926297 0.59258461 0.8548046574999999 0.59480758 0.8723795112499999 0.58989946375 0.8837848037499999 0.58337887375 0.8994920025 0.55897969125 0.9152076662499999 0.510369305
0 0.9462886924999999 0.29811986375 0.8927873525 0.30068773625 0.8721415887499999 0.37682049999999995 0.8952578087499999 0.3831686375 0.9053281900000001 0.39714108625 0.9220924087500001 0.47692131625 0.9438821799999999 0.479551285 0.96232080125 0.4613829675 0.9726436825 0.423316585 0.9757846524999999 0.37509767250000003 0.97376841375 0.3338063475 0.95862781125 0.30134480750000003 0.9462886924999999 0.29811986375
0 0.9493365575 0.5162242175 0.9404355775000001 0.5083808825 0.92950143 0.507668635 0.9128604025 0.5223222825 0.88370627875 0.58458434625 0.8596477687499999 0.592701885 0.83926297 0.59258461 0.84064255 0.6677309237500001 0.89359422 0.6736013599999999 0.90561924375 0.68164819375 0.9197559587499999 0.68135846875 0.92795868375 0.67583985375 0.9459346225 0.6406931674999999 0.9547039475 0.57831383 0.9493365575 0.5162242175
0 0.18130412750000002 0.65141468375 0.7456225750000001 0.80196953375 0.76764791875 0.80098308375 0.7838963250000001 0.7923568 0.809603845 0.758924335 0.8339148562500001 0.6987679674999999 0.8416718287499999 0.62784857 0.8325522037499999 0.57519924125 0.8166263600000001 0.55479243 0.7982747275 0.5475440687500001 0.78249746875 0.54893751625 0.758046335 0.5630824175 0.7178880049999999 0.60162649875 0.69078397625 0.60833506375 0.51646580375 0.58729531125 0.1796273775 0.5326678499999999 0.1560400125 0.53355255 0.141345165 0.56649179125 0.13993172875 0.5881903024999999 0.14749779625 0.616526675 0.158894625 0.6342172925 0.18130412750000002 0.65141468375
0 0.3028977375 0.6871787899999999 0.27165731625 0.685143795 0.24252012125 0.69898344625 0.21704817250000003 0.7287994925 0.19727464 0.76746084875 0.1942991825 0.78905761 0.20030323 0.81729223375 0.208890115 0.8299574599999999 0.23434513375000002 0.84856382375 0.38287726 0.9042415162499999 0.57440804125 0.98772920375 0.821680755 0.9822342550000001 0.84226851625 0.93174499375 0.85009555 0.88383133 0.846438765 0.84364372875 0.821533415 0.81659905375 0.78162758625 0.803104305 0.75030863875 0.8022747825000001 0.3833375925 0.7045245025 0.3028977375 0.6871787899999999
0 0.8919644875 0.86718926 0.9019648075000001 0.858155975 0.9236929825 0.81356900375 0.9341898412499999 0.7246692662499999 0.9308386900000001 0.7038709787499999 0.9162392925 0.6871823349999999 0.89124695625 0.68555433875 0.87149035125 0.6757932825 0.8404069775 0.67134734125 0.81859181375 0.7413509899999999 0.79405369375 0.78091257 0.77733414375 0.7967716925 0.79076413875 0.8073312224999999 0.83395106125 0.818618525 0.8469099099999999 0.8364108924999999 0.85010401375 0.859620125 0.8672077225 0.861944845 0.8777492487499999 0.8686844575000001 0.8919644875 0.86718926
0 0.8194929375 0.9822828724999999 0.88773016875 0.98076649 0.89169505875 0.9676505025000001 0.89789001125 0.8966293562500001 0.8864146562499999 0.88014421 0.86626543 0.8764105175 0.84947582 0.8692639062499999 0.84751271375 0.89940072875 0.83679721 0.9434944725 0.8194929375 0.9822828724999999
