5 0.779392795 0.85932286625 0.7845002787500001 0.84802742875 0.7716976825 0.8178159775 0.74753171125 0.79909825375 0.65864226125 0.77408189125 0.39474493125000004 0.6613692525 0.35921558875000004 0.65414525625 0.31691648375 0.7028035687499999 0.27687452375 0.76948235 0.27110775 0.82115778875 0.2711358625 0.9338840525000001 0.28791076375 0.94309419375 0.38924589125 0.96075760375 0.53313129125 0.9561969112500001 0.61639770625 0.9382490149999999 0.6985157175000001 0.9092039725 0.779392795 0.85932286625
5 0.4701460575 0.69377161625 0.58434988 0.74860285 0.6659804524999999 0.77802437375 0.7343060975 0.72436602625 0.79009352875 0.6683217112500001 0.794145145 0.6556680500000001 0.74967975375 0.5861010987499999 0.7138331499999999 0.54548652125 0.7033537950000001 0.5402519075 0.663244065 0.49003060374999996 0.65697495875 0.48883762124999997 0.64674677 0.5100372212500001 0.6415335299999999 0.5102024625 0.59852058375 0.48373196625 0.5791861675 0.53444576 0.55866369375 0.5698885862499999 0.548607355 0.60917474875 0.54551906875 0.61344771875 0.5152558425 0.61162357625 0.47828895000000005 0.672638115 0.4701460575 0.69377161625
5 0.2840144275 0.75255572 0.30972370250000003 0.7141651025 0.35615374250000004 0.6612007725 0.38117728999999995 0.66040760875 0.42725208375 0.67982258875 0.44810504125 0.67916162 0.45203768375000003 0.6539864887500001 0.46126288375 0.63699376 0.47026335625000004 0.59634937 0.47181988124999996 0.540632305 0.49425579999999997 0.48703681625 0.5073475475 0.43791258624999996 0.5131011025 0.38484587249999996 0.50259530875 0.37682871375 0.479696715 0.38172960375000003 0.434084595 0.41100922124999995 0.35960881875 0.47599605500000003 0.33805859 0.62280691875 0.32772464625 0.6328763225 0.31724529 0.62764171125 0.27662168375 0.633104425 0.2626723575 0.7017395424999999 0.23805860750000002 0.74566220875 0.234271375 0.786141355 0.2396168075 0.799888855 0.26687106125 0.81433361125 0.27176703875 0.7807777862499999 0.2840144275 0.75255572
5 0.26367534875 0.69753267125 0.268558105 0.6625855724999999 0.3196445 0.44107876625000003 0.3669304425 0.258659835 0.40354041625000003 0.16008089125000002 0.41153789875 0.12364337375 0.41133960875 0.10277426125 0.40183680625 0.09055022875 0.37154714 0.0859435375 0.31870258375 0.12241086749999999 0.23799735875 0.19037853875 0.15969469125 0.2916706975 0.12388941875000001 0.36517365625 0.09437969125000001 0.44265214625 0.09059245875000001 0.48313129375 0.09515962875 0.5247373275 0.10504579124999999 0.57730831125 0.12336567125 0.63935382875 0.18875011625 0.7152161800000001 0.22340866125000003 0.7405597899999999 0.23907481749999998 0.74284661125 0.26367534875 0.69753267125
5 0.358025855 0.52893057375 0.36009625624999997 0.41752948875 0.34791329125 0.3427642125 0.30349090624999997 0.49725851249999997 0.27842937500000003 0.60382156875 0.278601225 0.62190813375 0.3245834825 0.631584195 0.34226883874999997 0.6268485475 0.358025855 0.52893057375
5 0.136599395 0 0.1342447775 0.0280556575 0.15391134875 0.12206743375000001 0.16290027625 0.18997548250000001 0.15153857874999999 0.31141292625 0.18545684375000002 0.2588451775 0.23596493875 0.19600973375 0.2908154775 0.15112866125 0.29279501875 0.13993237 0.24076670625 0.042771275 0.2075168725 0 0.136599395 0
5 0.67611784875 0 0.63717117125 0.051081958749999996 0.5515038725 0.14564908499999998 0.51033995 0.20401327 0.44679298375000004 0.32153803875000003 0.45011921625 0.3423080075 0.47757176 0.37762187750000004 0.5078217675 0.378054745 0.512058455 0.38487892125 0.513418365 0.41823645625 0.5344828300000001 0.43983587375 0.6289953175 0.50781649625 0.6487924062499999 0.5057973 0.657027835 0.49440271875 0.664048765 0.46495462000000004 0.72305500125 0.308606365 0.8177553799999999 0 0.67611784875 0
5 0.54833671875 0 0.45154020125000005 0.05279077 0.41115454 0.08329642124999999 0.4070764825 0.09316753500000001 0.41145858250000006 0.11529572874999999 0.36386859625 0.2657153525 0.35282248625 0.31059966125 0.35399732749999996 0.32447935625 0.43096987124999997 0.41249964125 0.4424389975 0.4121361075 0.48496282999999996 0.38712945875000004 0.48596582125 0.38292258625000003 0.44898403375 0.33260213625 0.44990770750000003 0.32004762 0.47958928624999997 0.26065569375 0.54119636875 0.15850103875 0.57310865375 0.11434703375 0.62571526375 0.05283676625 0.6484948862500001 0.03541441 0.675027995 0 0.54833671875 0
5 0.72951085 0.43922090124999996 0.72226519375 0.44501733875 0.67629615375 0.4367325525 0.659047035 0.48738025 0.6981008975 0.53624332875 0.73378887 0.56016261625 0.7875703224999999 0.51253204375 0.81228982625 0.4797395725 0.7985635550000001 0.4620826375 0.74714333 0.4289201575 0.7325198199999999 0.4266002875 0.72951085 0.43922090124999996
5 0.52938856375 0.45252258500000003 0.502570545 0.48398987875000005 0.476940585 0.53072814125 0.46882413 0.5546441925 0.47219002000000004 0.57958798375 0.4890971125 0.60271087 0.5455587275 0.61762154125 0.55866369375 0.5698885862499999 0.58227445375 0.5301727925 0.597491155 0.48515628875 0.58169280625 0.468956725 0.5449621849999999 0.445070485 0.52938856375 0.45252258500000003
