13 0.5079151550000001 1 0.6628279075000001 0.8041296687499999 0.75552157625 0.67094785125 0.841263005 0.625056155 0.8542177049999999 0.6070658825 0.84713732875 0.60148278375 0.813889255 0.61366584375 0.7451667625 0.65802520875 0.66479595625 0.76592203125 0.64756143875 0.78019771125 0.5819405125 0.87559771 0.48041733125 1 0.5079151550000001 1
13 0.91126408625 0.54976146125 0.9110057899999999 0.5315470725 0.89250759375 0.53123330875 0.84699428125 0.55413433375 0.84127791625 0.57953138625 0.72526184375 0.5957735550000001 0.5545836975 0.6511505775 0.45478184874999994 0.70226678625 0.43273601125 0.72192385875 0.7658485912499999 0.60738798375 0.8447103125 0.58869461 0.9056053425 0.560591485 0.91126408625 0.54976146125
13 0.47202041375 0.35292700375 0.4376964475 0.26129476125 0.42274589625 0.24101016375 0.4151340175 0.24452305375000002 0.41507639374999994 0.25909008375 0.44316740625 0.3396906 0.48082343375000003 0.42409535499999995 0.4951421475 0.4370852325 0.52647979625 0.4485427825 0.81529800125 0.50807168375 0.83633846 0.49203956 0.87086512125 0.44892117125 0.899790665 0.4020657775 0.8933997512499999 0.38921036875 0.8805026725 0.3926336125 0.8328633512499999 0.451918595 0.8185297275000001 0.48445348875 0.49768441125 0.42073934625 0.4858503375 0.40597061125000006 0.47202041375 0.35292700375
13 0.9038250775000001 0.5095732625 0.85605762 0.475985025 0.84548722125 0.47580573125000003 0.83734384125 0.48841461125 0.9017566925 0.53139019125 0.91465376875 0.52796694625 0.9038250775000001 0.5095732625
13 0.6993842875 0.3731725125 0.512651895 0.22796712374999997 0.49780168125 0.224073235 0.4936221975 0.23674935000000003 0.49985515375 0.2477810775 0.63554565 0.35205868375 0.8165765899999999 0.477136355 0.82487793 0.46635115499999996 0.82245091375 0.45356298375000004 0.6993842875 0.3731725125
13 0.30882803249999996 0.1443858625 0.30744910875 0.15893048125 0.3990201275 0.22603972500000002 0.73477126 0.44661277499999996 0.7914718962499999 0.476710535 0.81261269 0.47706912 0.6983212837499999 0.39136449125 0.32468362749999996 0.1446548025 0.30882803249999996 0.1443858625
13 0.444962585 0.34518405125 0.32124920875 0.30302363125 0.3078782525 0.30097583375 0.30502007 0.31367436000000004 0.36008348875 0.34010234875 0.45626515375 0.369048775 0.444962585 0.34518405125
13 0.48643946374999997 0.38230759124999997 0.55804793875 0.40173220875 0.6586097587499999 0.45078394250000003 0.73122361625 0.46658361125 0.5538257437499999 0.38345058375 0.47777949124999997 0.35848769249999995 0.47312613124999997 0.36569276500000003 0.48643946374999997 0.38230759124999997
13 0.1714793375 0.58455940875 0.17211117625 0.59185413 0.17834413125 0.6028858575 0.22987481625 0.60375990875 0.6407562900000001 0.57977218125 0.69831926 0.5588965425 0.7092632000000001 0.54815616375 0.18289715625 0.5792900725 0.1714793375 0.58455940875
13 0.75280846375 0.56346277875 0.6886389975 0.58422636 0.6661192787500001 0.5984123925 0.8414358762499999 0.58135506625 0.847726455 0.57781976375 0.8459889012499999 0.5577592825 0.75280846375 0.56346277875
13 0.36252137124999995 0.6424298525000001 0.51194347625 0.615828305 0.58149848 0.61154507875 0.63842961125 0.5833747175 0.30560515 0.6250754425 0.2979932725 0.62858833375 0.2979356475 0.6431553637499999 0.36252137124999995 0.6424298525000001
13 0.5140396625 0.6704938875 0.6543855424999999 0.6000343687499999 0.815872215 0.52993343625 0.81740909875 0.51721249625 0.8126554025 0.50802686125 0.8022429649999999 0.50967124875 0.6599439475 0.5728136349999999 0.534979785 0.63807105125 0.30261680875 0.71243279875 0.2957947275 0.72506409 0.30070638375000003 0.7360734075 0.31259808125 0.7362751125 0.5140396625 0.6704938875
13 0.429104965 0.5124471625 0.6125500325000001 0.52830572625 0.7092632000000001 0.54815616375 0.7519183325000001 0.5379536675 0.7808865875 0.5220560125 0.762761935 0.51082258 0.48731468499999997 0.45334147375 0.3643911075 0.42029945375 0.35133607125 0.4218990175 0.34948326875 0.43097259625 0.35449526 0.45837262 0.3673347125 0.46951640625 0.33446018250000004 0.47077979625 0.33207587875 0.48894936375 0.429104965 0.5124471625
