2 0.43473101125 0.41908184875000004 0.46832368625 0.36592558375 0.480154955 0.30494812 0.4884323275 0.20850399625000002 0.47419416499999995 0.15915046375 0.4388629275 0.1095636475 0.40292657875000004 0.08240230750000001 0.3600720975 0.07434782125 0.33072423 0.07804556125 0.30401807625 0.0970882725 0.28556671625 0.11219996 0.25825545250000004 0.1536681475 0.23188797875 0.23026471375 0.22464019624999998 0.29933750875000004 0.22604008 0.34452673375000004 0.25078188 0.4252467625 0.28110514999999997 0.4716841 0.32617686375 0.5000294075 0.35989598 0.50689992625 0.38815103624999997 0.5005601225 0.39944041375 0.4920215225 0.424141575 0.45021506125 0.43473101125 0.41908184875000004
2 0.19169779250000002 0.14504210125 0.17734221875 0.14318158125 0.13391423875 0.17255926625 0.1122476625 0.2097581525 0.09646962625000001 0.2552215075 0.08776777250000001 0.35661148249999997 0.10386190875000001 0.46121508125 0.1204347175 0.48336642500000004 0.16547482125 0.49670504 0.22198493375000003 0.4840254325 0.26280281 0.45430947000000005 0.26298344 0.43682984875 0.24507397 0.39950266999999995 0.23126028875 0.34520328624999996 0.23792553875 0.20604286625 0.2074216375 0.17708514874999998 0.19169779250000002 0.14504210125
2 1 0.37928949125 0.999109615 0.362204255 0.98441535875 0.30278987999999996 0.95603386375 0.2491029025 0.9198852737500001 0.22441448625 0.9105692775 0.24071014125 0.8859855287499999 0.23502359125000002 0.85688151125 0.25125509874999996 0.78268319875 0.3316543975 0.7680295862500001 0.39476651375000005 0.761450135 0.47142722625 0.7650040300000001 0.50689388375 0.77836162375 0.55113242625 0.779729895 0.58131495375 0.79196306625 0.6079047375 0.8447160725 0.66975119125 0.8895439374999999 0.68556273 0.9277833175000001 0.67051518875 0.96790125375 0.61820461625 0.992539195 0.5463847625 1 0.48923471 1 0.37928949125
2 0.7846798724999999 1 0.79963984 0.9489585700000001 0.8105273175000001 0.8528527237500001 0.8088835837499999 0.79512973125 0.79609949375 0.7134590199999999 0.765956855 0.64954205875 0.7013093575 0.61865967875 0.6737226337500001 0.63258739875 0.644650225 0.66382560375 0.60678113375 0.7514336975 0.58576031125 0.88873359875 0.5834888875 0.9459491775 0.60598184375 0.99137168625 0.6078948900000001 1 0.7846798724999999 1
2 0.55552735875 0.47224386375 0.52678460125 0.45351613 0.46347376875 0.43780958374999995 0.41525005875 0.46156486375 0.37841056 0.52180163 0.36282218374999997 0.6573051575 0.363192475 0.7298657075 0.38098453499999996 0.8146858987500001 0.40023066625 0.86718890875 0.4215992025 0.89496265875 0.5064275899999999 0.9059566375 0.5361999399999999 0.897313045 0.5650284950000001 0.85354107 0.59891921125 0.7354121725 0.60489355 0.68117693375 0.5977225374999999 0.58023022625 0.5850016674999999 0.5285729075 0.55552735875 0.47224386375
2 0.23164864000000002 0.6328034262500001 0.20670362874999998 0.6620761187499999 0.16358271875 0.734000965 0.1407059225 0.81605079875 0.13521928375 0.895353575 0.14317603625 0.95639518625 0.221479165 0.96654347375 0.252344325 0.9605419474999999 0.26166032 0.9442462924999999 0.27210073749999997 0.9455993975 0.282816615 0.9744929675 0.32196818 0.97956711125 0.34967231499999996 0.91814637875 0.37124405875 0.8359274062500001 0.37442766375 0.7988335125 0.3614313325 0.7196357274999999 0.35911927 0.6543248162499999 0.34036083875 0.62688934375 0.3027265675 0.6195114125 0.2987798 0.6039973024999999 0.28594151875 0.599832995 0.23164864000000002 0.6328034262500001
2 0.21979931125 0.47874130375 0.16850940625 0.49209746375 0.12565492625 0.48404297874999996 0.11697565125 0.492919855 0.10966464999999999 0.5319792600000001 0.106119785 0.6040323962499999 0.11340820750000001 0.65748609 0.13156152625 0.7073470374999999 0.15815027 0.7357973375 0.16488777124999998 0.7341701025 0.23425874375 0.63314170375 0.295501365 0.59607111 0.2948240025 0.4809633975 0.2606171875 0.44902534125000004 0.21979931125 0.47874130375
2 0.290574685 0.11534944 0.33029974875 0.08299141374999999 0.34920720000000005 0.07794056875 0.42186563875 0.09235815625 0.39673096625 0.03159067625 0.39420570499999996 0.0029200425 0.18556498875 0.0013745550000000002 0.18552476250000002 0.0017173725000000002 0.17256907125 0.0450460775 0.168112025 0.0969775275 0.204387055 0.18169272500000003 0.22618006875 0.2045206225 0.23771329875 0.20851579125 0.2463925725 0.199638915 0.290574685 0.11534944
2 0.6196510325 0.04797952875 0.6211051037499999 0.015662350000000002 0.5305813100000001 0.0039302325 0.52188864375 0.00386584125 0.51063176375 0.01134645125 0.49662062749999997 0.00367867125 0.39500571375 0.0029259687499999998 0.39454534375 0.02630654875 0.4116058525 0.07352543 0.46742505375 0.145771005 0.51161619625 0.1690013225 0.5316164575 0.1665925425 0.5641795425 0.140807605 0.6014751325000001 0.0906316825 0.6196510325 0.04797952875
2 0.69157792 0.02479581 0.68535972875 0.06649727999999999 0.69021867875 0.10213307625000001 0.7396616375 0.1410466425 0.75975673125 0.1836579475 0.7788222337499999 0.25364058 0.7903554625 0.25763574875 0.834844645 0.21589343374999997 0.86382222125 0.1396351425 0.86906501 0.0477985975 0.69157792 0.02479581
2 0.773507195 0.20794394 0.75426106125 0.15544093 0.7243938837499999 0.11906443625 0.69370935375 0.10758634125000001 0.6822619237499999 0.04109146375 0.6289354162499999 0.01667717875 0.603204665 0.08585496875000001 0.566121315 0.13355796375 0.55768589125 0.15496861125 0.5519237925 0.20673092375 0.5268613725 0.28349662875 0.5248021875 0.33823928125 0.53783013 0.43244376125 0.55701304125 0.45493338125 0.59838183875 0.48029835 0.6466687675 0.48655646124999996 0.70812362875 0.44701294124999996 0.74629979125 0.4019520075 0.7748212762500001 0.31563287500000003 0.78058337625 0.2638705625 0.773507195 0.20794394
2 0.5269878112499999 0.34352341000000003 0.529015385 0.27377406125 0.55019426 0.21150763625 0.5216321325 0.17530028 0.4602314625 0.13733739749999999 0.48472941124999996 0.20552365625 0.48327534 0.237840835 0.47678168875 0.25200184 0.4721756225 0.33641960750000005 0.45921993125 0.37974831375 0.431028095 0.41610150875 0.4171918325 0.45431522125 0.4569485075 0.43696389375 0.50523543625 0.44322200375000004 0.53919840125 0.46262629 0.56296480125 0.49321124125 0.5790499075000001 0.4902950475 0.58096007125 0.46803871125 0.54192591625 0.41547155500000005 0.5269878112499999 0.34352341000000003
2 0.36452010749999997 0.6375217475 0.3840236375 0.50252563375 0.32921144875 0.4954218325 0.29242613875 0.478152195 0.28733237125 0.537502425 0.2944717725 0.62344243625 0.36452010749999997 0.6375217475
2 0.6061287625 1 0.5981199199999999 0.9753501625 0.5758708137499999 0.9424614225000001 0.54973816125 0.924071965 0.52472992875 0.9233312675 0.51186003875 0.90416026375 0.47814092375 0.89728974625 0.435530295 0.90176903 0.39316351625 0.918782085 0.3427857925 0.95225993 0.32196818 0.97956711125 0.47962621 1 0.6061287625 1
2 0.6379443349999999 0.680459535 0.6518438175 0.67225921125 0.66222101375 0.64359892625 0.69347904625 0.61764485 0.72088513875 0.62119675 0.75114518875 0.6376206975 0.7831979925 0.6792813200000001 0.7950066812500001 0.710816955 0.808639735 0.78259596125 0.809253875 0.86769028125 0.82445841125 0.8596590962499999 0.84309040125 0.8270677875 0.85562161125 0.78868493375 0.8629010037499999 0.73461883375 0.85952773625 0.6816725537499999 0.82510868 0.65220742375 0.79326811875 0.60807387375 0.77994213625 0.57884202875 0.77575152 0.55079415 0.72743298 0.5295293437499999 0.7110091925 0.47489168249999997 0.6794440925 0.45829859749999996 0.66078049125 0.47588321125 0.63492329875 0.48503421750000003 0.5857558 0.47366111625 0.5762275625000001 0.49242969625 0.56818501 0.49388779499999996 0.5915901487499999 0.55943198875 0.59284101 0.63710753 0.60249568625 0.6783657325 0.59913145125 0.7329392462500001 0.5851145587500001 0.7886325825 0.5934009625000001 0.7997082550000001 0.60186799625 0.793304305 0.62064900625 0.7282266787499999 0.6364586525 0.69777001875 0.6379443349999999 0.680459535
