12 1 0.240625 0.8875 0.14791666625 0.8125 0.09375 0.805555555 0.08125 0.7833333337499999 0.08020833375 0.7513888887500001 0.10625 0.6888888887500001 0.20104166625 0.67916666625 0.20833333375 0.67361111125 0.25520833374999996 0.731944445 0.27604166625000004 0.7472222225 0.28541666625 0.86111111125 0.42395833375 0.969444445 0.54583333375 0.97916666625 0.55104166625 1 0.55 1 0.240625
12 0.37083333375000005 0.103125 0.131944445 0.14791666625 0.075 0.1625 0.08333333375 0.20208333374999998 0.10555555500000001 0.253125 0.11111111125 0.29895833374999997 0.13333333375 0.353125 0.14166666625 0.3625 0.155555555 0.40416666625 0.155555555 0.41875 0.20138888875 0.4625 0.23333333374999998 0.46145833375 0.2777777775 0.45 0.33194444500000003 0.30104166625 0.47083333375 0.31041666625000003 0.4527777775 0.28854166625 0.42638888875 0.26875 0.4222222225 0.25416666625 0.443055555 0.25625 0.50833333375 0.25104166625 0.55 0.259375 0.625 0.253125 0.62916666625 0.23125 0.62638888875 0.14791666625 0.6152777775 0.08020833375 0.60833333375 0.05520833375 0.580555555 0.05416666625 0.56388888875 0.05625 0.5222222225 0.0875 0.37083333375000005 0.103125
12 0.5717680825 0.2648809525 0.5221766625 0.254464285 0.47655255750000003 0.254464285 0.44481405 0.254464285 0.41505919874999997 0.25148809499999997 0.4825035275 0.31994047625 0.54201323 0.36607142875 0.6352450975 0.43154761875 0.6947548 0.4866071425 0.7879866662499999 0.54017857125 0.8435290550000001 0.5803571425 0.8792348775000001 0.5446428575 0.94072823625 0.5148809525 0.8514636837499999 0.41220238125 0.8098068912499999 0.3526785725 0.7602154725 0.2961309525 0.746329875 0.28125 0.70467308375 0.26785714250000003 0.6888038287499999 0.26339285749999997 0.6888038287499999 0.26190476125 0.665395585 0.25148809499999997 0.6491306950000001 0.25595238125 0.63326144 0.254464285 0.5955719625 0.254464285 0.5717680825 0.2648809525
12 0.54002957375 0.625 0.5221766625 0.5431547612500001 0.49638912500000004 0.5119047612500001 0.4745689 0.46875 0.520193005 0.45833333375 0.51225837875 0.4241071425 0.4368794225 0.4375 0.36745143625 0.44047619125 0.0026971725 0.49702381 0.002458595 0.6741071425 0.14726553750000002 0.6636904762499999 0.54002957375 0.625
12 0.044363838749999995 0.3273809525 0.0540149975 0.48778490374999994 0.20280792625 0.464285715 0.15916747750000002 0.43005952375 0.1532165075 0.41220238125 0.14329822374999998 0.370535715 0.11949434249999999 0.3288690475 0.044363838749999995 0.3273809525
12 1 0.55357142875 0.978417715 0.5491071425 0.9427118925000001 0.5178571425 0.8732839075 0.55357142875 0.8395617425 0.5803571425 0.5638334537499999 0.38244047625 0.55193151375 0.441964285 0.52416032 0.45684523874999994 0.49837278249999994 0.46577381 0.48087177625000005 0.47172619125 0.6193758425 0.6488095237500001 0.96254846125 0.63244047625 0.9982542825 0.625 1 0.55357142875
12 0.740378905 0.71279761875 0.6689672625 0.7038690475 0.6352450975 0.7038690475 0.57771905125 0.7261904762499999 0.5340786024999999 0.7157738100000001 0.56581711125 0.754464285 0.5816863649999999 0.7782738100000001 0.5717680825 0.8005952387499999 0.6213595000000001 0.86904761875 0.6808692025 0.9345238100000001 0.9987289174999999 0.7470238100000001 0.9982542825 0.6369047612500001 0.8117905475 0.7157738100000001 0.740378905 0.71279761875
12 0.4210101675 0.6398809525 0.35158218249999995 0.776785715 0.55986614 0.7976190475 0.57970270875 0.776785715 0.53804591625 0.7157738100000001 0.57970270875 0.72470238125 0.64317972375 0.6994047612500001 0.8177415175 0.7157738100000001 0.99428697 0.6383928575 0.994760665 0.626488095 0.61342487375 0.6488095237500001 0.53011128875 0.5505952387499999 0.54201323 0.6279761899999999 0.4210101675 0.6398809525
12 0.39720628750000003 0.879464285 0.41307554125 0.8675595237500001 0.39125531625 0.845238095 0.20082427 0.7678571425 0.16908576125 0.77232142875 0.00864955375 0.7380952387499999 0.00444225125 0.9970238100000001 0.00047672125 0.9999986612499999 0.53011128875 0.998511905 0.49440546750000003 0.9836309525 0.446797705 0.9866071425 0.43092845250000006 0.93154761875 0.4210101675 0.901785715 0.39720628750000003 0.879464285
12 1 0.754464285 0.70070577 0.9523809525 0.8078232350000001 0.9226190475 0.91295704125 1 1 1 1 0.754464285
12 0.73839524875 1 0.8514636837499999 0.9806547612500001 0.8455127125 0.9508928575 0.8474963700000001 0.9508928575 0.8058395775 0.9241071425 0.6967384575 0.9538690475 0.9923033125 0.75 0.6808692025 0.9375 0.5678007675 0.7991071425 0.35158218249999995 0.7782738100000001 0.40910822750000003 0.65625 0.32777830125 0.69642857125 0.30397442125 0.69791666625 0.26826859875 0.7113095237500001 0.25636665875 0.7261904762499999 0.258350315 0.7529761912499999 0.2841378525 0.808035715 0.35356583874999997 0.8318452387499999 0.39720628750000003 0.84970238125 0.417042855 0.870535715 0.48051987124999995 0.8913690475 0.66499994875 1 0.73839524875 1
