3 0.5729166674999999 0.46944444375000005 0.5604166675 0.45138889 0.5427083325000001 0.44166666624999995 0.53125 0.40416666625 0.515625 0.3902777775 0.5135416675 0.36805555624999997 0.4760416675 0.35 0.4614583325 0.40138889 0.45520833250000003 0.46944444375000005 0.4447916675 0.51666666625 0.4895833325 0.52361111 0.509375 0.49861111 0.5270833325000001 0.49166666625 0.546875 0.51666666625 0.56875 0.55555555625 0.5885416674999999 0.5902777775 0.5927083325 0.55555555625 0.5833333325000001 0.5125 0.5729166674999999 0.46944444375000005
3 0.5114583325000001 0.49444444375 0.490625 0.52361111 0.446875 0.5152777775 0.45520833250000003 0.48194444375 0.4583333325 0.43194444375 0.4645833325 0.39444444375000004 0.475 0.35138889 0.44375 0.31944444375 0.3989583325 0.40833333375 0.38125 0.4472222225 0.3947916675 0.4722222225 0.3947916675 0.5055555562499999 0.40833333250000003 0.5347222225 0.440625 0.5416666662499999 0.4572916675 0.53333333375 0.4802083325 0.5375 0.4947916675 0.55555555625 0.49791666749999997 0.575 0.46770833250000005 0.6027777775 0.46875 0.625 0.50625 0.5972222225 0.509375 0.61111111 0.5729166674999999 0.5722222225 0.5625 0.5416666662499999 0.53125 0.5 0.5114583325000001 0.49444444375
11 0.4010416675 0.16805555625000002 0.39270833250000003 0.15138889 0.37604166749999995 0.12638889 0.3479166675 0.12083333375000001 0.31066176375 0.11397524625000001 0.2941176475 0.13480857875 0.27113970625 0.1948575975 0.2389705875 0.27573995 0.1875 0.39583799 0.1608455875 0.4681419125 0.13892472875 0.5144192812499999 0.165625 0.55138889 0.21041666750000002 0.56666666625 0.2447916675 0.57361111 0.27604166750000003 0.5055555562499999 0.346875 0.31666666625 0.4010416675 0.16805555625000002
11 0.35202205875 0.49877916624999996 0.4172794125 0.37500465624999996 0.44301470625 0.32230857874999996 0.46139705999999997 0.3321125 0.5147058824999999 0.22672034375 0.5349264699999999 0.18137720625 0.5128676475 0.1446125 0.4365808825 0.1960830875 0.3915441175 0.302700735 0.31985294 0.46323994999999996 0.27481617625 0.558828185 0.28860294 0.59681838375 0.30055147000000004 0.56740661625 0.3134191175 0.57721054 0.35202205875 0.49877916624999996
11 0.89613970625 0.73774975375 0.91268382375 0.7181419124999999 0.90900735375 0.64951446 0.89246323625 0.6642203437499999 0.89705882375 0.60172034375 0.88327205875 0.5992693625 0.86672794125 0.58456348125 0.86672794125 0.55147524625 0.87867647 0.496328185 0.80882353 0.46691642125 0.70863970625 0.42647524625000005 0.68474264625 0.4571125 0.69393382375 0.52819093125 0.67463235375 0.53309289125 0.6764705875 0.615200735 0.6985294125 0.64951446 0.70955882375 0.7475536775 0.72886029375 0.7892203437499999 0.78492647 0.79534779375 0.88419117625 0.8027007349999999 0.9016544125 0.808828185 0.90257353 0.7475536775 0.89613970625 0.73774975375
11 0.6553308825 0.6286811275 0.65257353 0.54657328375 0.66911764625 0.54044583375 0.66636029375 0.45098505000000005 0.67738970625 0.43505367749999996 0.69485294125 0.4448575975 0.70680147 0.42402426499999996 0.6397058824999999 0.38971054000000005 0.6240808824999999 0.36029877499999996 0.6038602937499999 0.36152426499999996 0.5974264699999999 0.39338701 0.6047794125 0.4460830875 0.58455882375 0.4571125 0.5882352937499999 0.51838701 0.6121323525 0.5379948525 0.625 0.56250465625 0.6332720599999999 0.62990661625 0.671875 0.6642203437499999 0.6764705875 0.67034779375 0.68014705875 0.65196544125 0.6553308825 0.6286811275
12 0.47058823625 0.6286811275 0.46875 0.5992693625 0.48253676375 0.58333799 0.47886029375 0.553926225 0.46875 0.54412230375 0.40441176375 0.54657328375 0.39797794125 0.558828185 0.38327205875 0.55637720625 0.3152573525 0.69975955875 0.39705882375 0.71201446 0.47058823625 0.71078897125 0.48069853 0.7071125 0.49080882375 0.611524265 0.47058823625 0.6286811275
9 0.08363970625 0.6286811275 0.12775735375 0.63480857875 0.16268382375 0.63971054 0.17738970625 0.62990661625 0.203125 0.65073995 0.22794117625 0.6556419124999999 0.2509191175 0.6617693625 0.27297794 0.6421615187499999 0.28860294 0.6225536775 0.28676470625 0.58946544125 0.26378676375 0.5367693625 0.24632352999999998 0.57721054 0.1727941175 0.55637720625 0.1360294125 0.51716151875 0.15808823625 0.47549485249999995 0.19761029375 0.36765171625 0.16544117625 0.2242693625 0.203125 0.18382818499999998 0.2371323525 0.1335830875 0.18566176375000001 0.0036811275 0.0009191175 0.0036811275 0.00183823625 0.60907328375 0.04044117625 0.605396815 0.05330882375 0.621328185 0.08363970625 0.6286811275
11 0.6351102937499999 0.3835830875 0.65073529375 0.39583799 0.6875 0.41422034375000005 0.7766544125 0.45466151875 0.87683823625 0.5012301475000001 0.8795955875 0.490200735 0.85294117625 0.46569093125 0.86488970625 0.36765171625 0.8547794125 0.33578897124999996 0.86305147 0.27328897125 0.88051470625 0.27328897125 0.8952205875 0.21201446000000002 0.91268382375 0.20221054 0.89981617625 0.1948575975 0.70863970625 0.05147524625 0.69117647 0.06863210875 0.65900735375 0.2254948525 0.6305147062500001 0.365200735 0.6332720599999999 0.36152426499999996 0.6323529400000001 0.366426225 0.6351102937499999 0.3835830875
11 0.6130514699999999 0.27451446 0.5863970599999999 0.23407328375 0.578125 0.12990661625 0.53308823625 0.09804387249999999 0.5211397062500001 0.10784779374999999 0.5183823525 0.14951446000000002 0.5358455875 0.18382818499999998 0.5183823525 0.22917132250000002 0.5496323525 0.2585830875 0.5726102937499999 0.297798775 0.6204044125 0.3210830875 0.6204044125 0.30760269625 0.6323529400000001 0.27696544125 0.6130514699999999 0.27451446
9 0.97150735375 1 0.95863970625 0.9546615187499999 0.93566176375 0.95833799 0.9227941175 0.89828897125 0.91176470625 0.8897105399999999 0.90808823625 0.8480438725 0.89705882375 0.83701446 0.8428308825 0.799024265 0.76930147 0.79534779375 0.75183823625 0.8186321087499999 0.71047794125 0.81127916625 0.6884191175 0.83823995 0.66544117625 0.83823995 0.64981617625 0.82230857875 0.6305147062500001 0.81127916625 0.5992647062500001 0.8161811274999999 0.5790441175000001 0.81127916625 0.5753676475 0.799024265 0.5854779400000001 0.7818674025 0.5735294125 0.7647105399999999 0.54871323625 0.7781909312499999 0.5045955875 0.81740661625 0.46139705999999997 0.82230857875 0.4365808825 0.83946544125 0.42003676375 0.8725536775 0.4384191175 0.9019450975 0.49172794000000003 0.93870980375 0.53768382375 1 0.97150735375 1
11 1 0.615384615 0.9375 0.68108974375 0.93028846125 0.7355769225000001 0.9483173075000001 0.8349358975 0.92427884625 0.8573717962499999 0.9326923075000001 0.9599358975 0.96033653875 0.9551282037500001 0.9723557687500001 1 1 1 1 0.615384615
11 1 0.56570512875 0.921875 0.61698717875 0.9098557687500001 0.7227564099999999 0.9050480762499999 0.7307692312499999 0.90384615375 0.84615384625 0.9206730762499999 0.8557692312499999 0.9483173075000001 0.8317307687500001 0.93028846125 0.7451923087500001 0.93509615375 0.69070512875 1 0.62179487125 1 0.56570512875
11 0.9939860575 0.57852532125 0.99999567375 0.33653814125 0.945909135 0.28846121875 0.9182649025 0.2980766025 0.89903846125 0.38301282125 0.87740384625 0.373397435 0.865384615 0.46955128125 0.88026825125 0.48786960375 0.86658221125 0.5304483975000001 0.86658221125 0.5833330125 0.8894187499999999 0.60096121875 0.9206687499999999 0.61378173125 0.9939860575 0.57852532125
11 0.42471590875 0.109848485 0.40482954499999996 0.198863635 0.39914772625 0.23674242499999998 0.41335227375 0.25 0.44318181875 0.18371212125 0.50994318125 0.14393939375 0.52130681875 0.1609848475 0.52414772625 0.09090909124999999 0.52698863625 0.09090909124999999 0.49431818125 0.05871212125 0.45596590875 0.0265151525 0.43465909125 0.043560606249999995 0.42471590875 0.109848485
11 0.62926136375 0.14204545375 0.59090909125 0.11931818124999999 0.578125 0.12310606 0.58806818125 0.24242424125 0.62073863625 0.27651515249999997 0.63494318125 0.25757575875 0.639204545 0.2121212125 0.63352272625 0.19318181875 0.6534090912499999 0.17424242499999998 0.62926136375 0.14204545375
