10 0.5472222225 0.85 0.52361111125 0.8572916662500001 0.4847222225 0.88020833375 0.47638888875 0.87604166625 0.45694444500000003 0.8770833337499999 0.45694444500000003 0.9020833337499999 0.48611111125 0.9020833337499999 0.525 0.91875 0.56111111125 0.9260416662500001 0.6402777775 0.9239583337499999 0.6847222225 0.91666666625 0.7277777775 0.91875 0.75 0.9104166662500001 0.7625 0.896875 0.75833333375 0.8635416662500001 0.73888888875 0.8479166662500001 0.705555555 0.84270833375 0.6875 0.846875 0.5847222225 0.8458333337499999 0.5472222225 0.85
10 0.6819444450000001 0.75625 0.63611111125 0.77395833375 0.5902777775 0.784375 0.56666666625 0.8010416662500001 0.544444445 0.8260416662500001 0.52638888875 0.83125 0.53333333375 0.84895833375 0.6583333337499999 0.84479166625 0.7236111112499999 0.82291666625 0.7458333337499999 0.81145833375 0.80138888875 0.796875 0.82638888875 0.7770833337499999 0.82083333375 0.765625 0.8222222225 0.753125 0.80138888875 0.74270833375 0.79861111125 0.72916666625 0.7763888887500001 0.72708333375 0.7166666662500001 0.74479166625 0.706944445 0.753125 0.6819444450000001 0.75625
10 0.41111111125 0.7292357737499999 0.39166666624999996 0.73965244125 0.37916666624999995 0.75527744125 0.35555555499999997 0.75840244125 0.35833333375000004 0.7781941075000001 0.381944445 0.7781941075000001 0.4027777775 0.7927774412499999 0.4222222225 0.7969441075 0.4625 0.7844441075 0.52361111125 0.7886107737499999 0.5833333337500001 0.78340244125 0.669444445 0.76465244125 0.669444445 0.7156941075000001 0.569444445 0.7104857737499999 0.5 0.71777744125 0.46111111125 0.7313191075000001 0.41111111125 0.7292357737499999
10 0.530555555 0.6604166662500001 0.525 0.66666666625 0.52638888875 0.678125 0.5375 0.6833333337499999 0.55 0.6833333337499999 0.581944445 0.7052083337499999 0.606944445 0.71354166625 0.6861111112499999 0.71354166625 0.7625 0.721875 0.793055555 0.71875 0.793055555 0.70208333375 0.805555555 0.68854166625 0.7763888887500001 0.6625 0.75833333375 0.65729166625 0.60138888875 0.64375 0.57361111125 0.65 0.55138888875 0.6604166662500001 0.530555555 0.6604166662500001
10 0.305555555 0.5875 0.29861111125 0.59479166625 0.29861111125 0.60625 0.306944445 0.62083333375 0.33611111125 0.64583333375 0.34583333375 0.66354166625 0.39861111125 0.71875 0.41805555499999997 0.728125 0.46388888875 0.73125 0.47083333375 0.725 0.47083333375 0.6989583337499999 0.46388888875 0.68125 0.4375 0.65729166625 0.40416666625 0.6427083337499999 0.39861111125 0.60208333375 0.37916666624999995 0.584375 0.36111111125 0.57395833375 0.33333333375 0.571875 0.32361111125 0.575 0.3222222225 0.58541666625 0.305555555 0.5875
10 0.12638888874999998 0.52291666625 0.13611111125 0.54791666625 0.19861111125 0.5885416662499999 0.20833333375 0.603125 0.231944445 0.6145833337500001 0.2472222225 0.63125 0.28611111125 0.6354166662499999 0.3 0.64166666625 0.31111111125 0.640625 0.318055555 0.6302083337500001 0.293055555 0.584375 0.2472222225 0.55 0.22777777749999997 0.540625 0.2222222225 0.53020833375 0.19583333374999998 0.51145833375 0.175 0.50416666625 0.14861111125 0.50208333375 0.1472222225 0.515625 0.13333333375 0.51666666625 0.12638888874999998 0.52291666625
10 0.39861111125 0.6145833337500001 0.40555555499999996 0.6447916662500001 0.43472222250000003 0.65520833375 0.45138888875 0.6520833337499999 0.47361111125 0.640625 0.48333333375000004 0.61354166625 0.47638888875 0.5625 0.4472222225 0.55416666625 0.4277777775 0.55833333375 0.41666666625 0.56666666625 0.39861111125 0.6145833337500001
10 0.46805555499999996 0.54791666625 0.4652777775 0.578125 0.4777777775 0.59166666625 0.47916666625 0.62291666625 0.51666666625 0.63125 0.52916666625 0.62708333375 0.544444445 0.6302083337500001 0.5527777775 0.6197916662499999 0.55416666625 0.60104166625 0.53888888875 0.55416666625 0.52361111125 0.53854166625 0.51666666625 0.51145833375 0.49722222250000003 0.50208333375 0.4902777775 0.49375 0.475 0.49270833375 0.45833333375 0.51979166625 0.45833333375 0.53229166625 0.46805555499999996 0.54791666625
10 0.531944445 0.5375 0.531944445 0.54791666625 0.54583333375 0.57395833375 0.60138888875 0.61875 0.6194444450000001 0.64166666625 0.6388888887499999 0.646875 0.6638888887500001 0.6447916662500001 0.668055555 0.63333333375 0.680555555 0.62708333375 0.669444445 0.6 0.64583333375 0.584375 0.59861111125 0.5375 0.569444445 0.5260416662499999 0.55 0.52395833375 0.53888888875 0.51145833375 0.5277777775 0.5104166662499999 0.519444445 0.515625 0.519444445 0.52291666625 0.531944445 0.5375
10 0.47916666625 0.44270833375 0.494444445 0.453125 0.51111111125 0.475 0.5375 0.484375 0.580555555 0.48229166625 0.59166666625 0.490625 0.6597222225 0.51354166625 0.67638888875 0.51458333375 0.6875 0.50729166625 0.6888888887500001 0.490625 0.6972222225 0.48541666624999996 0.6972222225 0.478125 0.6819444450000001 0.465625 0.6111111112500001 0.45208333375000004 0.5527777775 0.43333333375000005 0.519444445 0.43229166625 0.5 0.4375 0.48611111125 0.43541666625 0.47916666625 0.44270833375
10 0.3347222225 0.459375 0.31527777749999997 0.509375 0.35694444500000005 0.49166666625 0.46666666625 0.43229166625 0.47361111125 0.41770833375000005 0.47361111125 0.40208333375000005 0.46111111125 0.39270833375 0.443055555 0.38958333375000004 0.41805555499999997 0.40208333375000005 0.40555555499999996 0.41875 0.3347222225 0.459375
10 0.2472222225 0.53229166625 0.2625 0.54895833375 0.2875 0.54583333375 0.305555555 0.53333333375 0.31388888875 0.521875 0.3125 0.50208333375 0.31666666625 0.49583333375000005 0.318055555 0.46666666625 0.3125 0.45625 0.29583333375 0.44791666625 0.2722222225 0.446875 0.25277777749999997 0.46458333375000005 0.24861111125000002 0.48541666624999996 0.2472222225 0.53229166625
10 0.39305555499999995 0.50104166625 0.35694444500000005 0.53229166625 0.34166666625 0.55416666625 0.34305555499999996 0.571875 0.35694444500000005 0.571875 0.375 0.58125 0.3847222225 0.58125 0.40833333375 0.56875 0.444444445 0.534375 0.4722222225 0.49583333375000005 0.48194444500000005 0.490625 0.48333333375000004 0.48333333375000004 0.46944444500000004 0.46875 0.46111111125 0.46875 0.45555555499999995 0.46145833375 0.444444445 0.46145833375 0.42361111125 0.47395833375 0.40694444500000004 0.496875 0.39305555499999995 0.50104166625
10 0.10138888874999999 0.60208333375 0.16388888875 0.6447916662500001 0.17916666625000002 0.6625 0.19722222250000002 0.6677083337499999 0.218055555 0.665625 0.22361111125 0.6520833337499999 0.24861111125000002 0.64895833375 0.2375 0.61770833375 0.21111111125 0.60729166625 0.2 0.58958333375 0.168055555 0.56666666625 0.13888888875 0.55520833375 0.11111111125 0.5520833337500001 0.09166666625 0.54479166625 0.08611111125000001 0.546875 0.0847222225 0.55416666625 0.10138888874999999 0.60208333375
10 0.56666666625 0.39479166624999995 0.5763888887499999 0.42083333375000004 0.605555555 0.421875 0.6375 0.40625 0.6625 0.38541666625 0.6972222225 0.378125 0.706944445 0.359375 0.719444445 0.35208333375 0.718055555 0.34479166624999996 0.705555555 0.34375 0.6583333337499999 0.346875 0.57916666625 0.38229166625 0.56666666625 0.39479166624999995
10 0.00416666625 0.5416666662499999 0.011111111250000002 0.565625 0.030555555 0.56875 0.05138888875 0.565625 0.08194444499999999 0.55520833375 0.09166666625 0.546875 0.118055555 0.540625 0.12638888874999998 0.53333333375 0.12916666625 0.51770833375 0.1472222225 0.515625 0.15833333375 0.48333333375000004 0.14583333375000002 0.48020833375000005 0.011111111250000002 0.51979166625 0.00416666625 0.53020833375 0.00416666625 0.5416666662499999
10 0.1402777775 0.38229166625 0.1027777775 0.41145833375 0.0972222225 0.42083333375000004 0.10138888874999999 0.43645833375000004 0.119444445 0.44895833375000005 0.12916666625 0.45104166625 0.15 0.44479166625 0.17916666625000002 0.41979166625 0.1875 0.4 0.20277777749999998 0.39270833375 0.20833333375 0.36354166624999995 0.19583333374999998 0.35729166625 0.17083333374999998 0.36041666624999996 0.155555555 0.37708333375 0.1402777775 0.38229166625
10 0.19166666625 0.5104166662499999 0.21111111125 0.52395833375 0.225 0.528125 0.23888888875 0.54583333375 0.2597222225 0.56145833375 0.2722222225 0.56458333375 0.27638888875 0.559375 0.27361111125 0.54270833375 0.243055555 0.49166666625 0.20833333375 0.45833333375 0.18194444499999998 0.45208333375000004 0.15833333375 0.46354166625 0.156944445 0.49895833375000004 0.19166666625 0.5104166662499999
10 0.1902777775 0.43020833375 0.17361111125 0.44166666624999995 0.156944445 0.44479166625 0.155555555 0.45 0.16527777749999997 0.459375 0.17638888875 0.45833333375 0.18194444499999998 0.45104166625 0.19166666625 0.45208333375000004 0.219444445 0.46770833375000004 0.25277777749999997 0.465625 0.2625 0.45520833375 0.2777777775 0.44895833375000005 0.294444445 0.45 0.31388888875 0.45833333375 0.33333333375 0.45833333375 0.37916666624999995 0.43125 0.37083333375000005 0.41145833375 0.33888888875 0.40833333375 0.293055555 0.41666666625 0.21666666625 0.42083333375000004 0.1902777775 0.43020833375
10 0.18333333375 0.296875 0.1902777775 0.32395833375000005 0.206944445 0.33020833375 0.22361111125 0.32916666624999996 0.34305555499999996 0.290625 0.35833333375000004 0.271875 0.35416666625 0.26354166625000003 0.3 0.26041666625000004 0.24027777749999998 0.28020833375 0.205555555 0.28645833374999996 0.18333333375 0.296875
10 0.62083333375 0.41354166625 0.6222222225 0.425 0.6902777775 0.425 0.780555555 0.39791666625 0.79166666625 0.390625 0.79166666625 0.384375 0.76388888875 0.359375 0.7555555549999999 0.359375 0.6597222225 0.38645833375000005 0.6388888887499999 0.40625 0.62083333375 0.41354166625
10 0.10416666625 0.41041666624999995 0.1402777775 0.38229166625 0.156944445 0.375 0.169444445 0.36145833375 0.19166666625 0.359375 0.19722222250000002 0.35 0.19583333374999998 0.33229166624999995 0.1847222225 0.32604166625 0.16527777749999997 0.32604166625 0.0847222225 0.378125 0.08333333375 0.40208333375000005 0.10416666625 0.41041666624999995
10 0.30972222250000003 0.31979166625 0.318055555 0.33854166625 0.325 0.34270833375000004 0.34166666625 0.34270833375000004 0.35833333375000004 0.33645833375 0.4222222225 0.328125 0.44027777749999997 0.321875 0.4652777775 0.30416666625 0.48055555499999997 0.30208333374999996 0.47638888875 0.28854166625 0.4527777775 0.290625 0.41944444500000005 0.28541666625 0.31527777749999997 0.30625 0.30972222250000003 0.31041666625000003 0.30972222250000003 0.31979166625
10 0.5472222225 0.51145833375 0.55 0.5208333337500001 0.5763888887499999 0.5260416662499999 0.6388888887499999 0.56041666625 0.67916666625 0.56666666625 0.6833333337499999 0.5572916662499999 0.6930555549999999 0.5520833337500001 0.6916666662500001 0.540625 0.7 0.52916666625 0.6861111112499999 0.51979166625 0.6541666662500001 0.51354166625 0.5763888887499999 0.484375 0.5222222225 0.48645833375 0.5027777775 0.48020833375000005 0.49722222250000003 0.48541666624999996 0.5 0.49479166625 0.5472222225 0.51145833375
10 0.40416666625 0.35833333375000004 0.4097222225 0.36145833375 0.41805555499999997 0.37604166624999996 0.41111111125 0.39270833375 0.41388888875 0.396875 0.425 0.396875 0.44166666624999995 0.38958333375000004 0.4652777775 0.39270833375 0.47638888875 0.41354166625 0.518055555 0.40729166624999996 0.5402777775 0.40833333375 0.543055555 0.396875 0.525 0.39375 0.49861111125 0.37291666625 0.39166666624999996 0.35104166625 0.37638888875 0.35416666625 0.37361111125 0.359375 0.40416666625 0.35833333375000004
10 0.2652777775 0.37916666624999995 0.25 0.39375 0.231944445 0.39895833375 0.22777777749999997 0.40729166624999996 0.243055555 0.415625 0.2847222225 0.41770833375000005 0.31527777749999997 0.41145833375 0.368055555 0.40833333375 0.37083333375000005 0.40208333375000005 0.4222222225 0.39791666625 0.42083333375000004 0.37708333375 0.41388888875 0.36458333375 0.40138888875 0.35833333375000004 0.381944445 0.35833333375000004 0.3222222225 0.36770833375 0.29583333375 0.378125 0.2652777775 0.37916666624999995
10 0.20972222250000003 0.41770833375000005 0.2375 0.41145833375 0.243055555 0.39791666625 0.2625 0.38958333375000004 0.2652777775 0.38020833375 0.26388888875 0.35 0.24444444499999998 0.328125 0.23472222250000002 0.328125 0.20972222250000003 0.353125 0.20277777749999998 0.40729166624999996 0.20972222250000003 0.41770833375000005
10 0.2902777775 0.378125 0.31111111125 0.37604166624999996 0.34861111125 0.36354166624999995 0.29861111125 0.31979166625 0.2722222225 0.31458333374999997 0.25416666625 0.328125 0.25416666625 0.340625 0.2902777775 0.378125
10 0.08611111125000001 0.34791666624999995 0.0902777775 0.35833333375000004 0.1152777775 0.359375 0.155555555 0.33020833375 0.1847222225 0.32395833375000005 0.18611111125000002 0.31354166625 0.17777777749999998 0.290625 0.15833333375 0.2875 0.08194444499999999 0.328125 0.07638888875 0.34166666625 0.08611111125000001 0.34791666624999995
10 0.1527777775 0.27916666625000003 0.16666666625 0.284375 0.218055555 0.284375 0.28333333374999997 0.265625 0.269444445 0.25104166625 0.1625 0.246875 0.14583333375000002 0.25625 0.14583333375000002 0.26979166625 0.1527777775 0.27916666625000003
10 0.35416666625 0.28229166625 0.35694444500000005 0.29791666625 0.41388888875 0.2875 0.44027777749999997 0.26041666625000004 0.4472222225 0.246875 0.44583333375 0.228125 0.431944445 0.21979166625000002 0.41666666625 0.21875 0.39305555499999995 0.23333333374999998 0.3597222225 0.26979166625 0.35416666625 0.28229166625
10 0.21666666625 0.25 0.2652777775 0.253125 0.28333333374999997 0.26354166625000003 0.3402777775 0.259375 0.3347222225 0.24583333375 0.3277777775 0.24166666625000002 0.30138888875 0.23854166625 0.26388888875 0.225 0.225 0.221875 0.21388888875 0.234375 0.2125 0.24791666625 0.21666666625 0.25
