13 0.66263829375 1 0.57699968 0.971791335 0.008282313749999999 0.8570314 0.00261354875 0.88010635375 0.5717342325 0.99712464875 0.580411895 1 0.66263829375 1
13 0.74923858625 1 0.7505142512499999 0.9948073475 0.564833 0.93941469 0.014533635 0.82768505125 0.006332958749999999 0.8532661025 0.56225631375 0.96550352375 0.677237315 1 0.74923858625 1
13 0.018006575 0.80184805625 0.014533635 0.82768505125 0.585043505 0.9429486687499999 0.7657185275 0.9875187725000001 0.7707919225000001 0.962967215 0.60041420625 0.9193823437499999 0.018006575 0.80184805625
13 0.02441474375 0.7757633262500001 0.01776010625 0.8028513162500001 0.5741763962499999 0.91308222125 0.76032024875 0.9548915975 0.76702760875 0.927589 0.6044697 0.88727395625 0.02441474375 0.7757633262500001
13 0.031562315 0.7466688175 0.02441474375 0.7757633262500001 0.5809206525 0.8817293549999999 0.76029949 0.9237754675 0.76749809 0.8944732500000001 0.6063966037499999 0.8599300200000001 0.031562315 0.7466688175
13 0.0386202675 0.72183918625 0.03310835375 0.7481757575 0.60509703375 0.85741982125 0.7806920925 0.87586719875 0.78575917625 0.85134132625 0.61011601125 0.8330897675 0.0386202675 0.72183918625
13 0.04984578875 0.6917455225000001 0.0400094575 0.72008451 0.60816665875 0.8293244675 0.7841664925 0.85002425625 0.78907526875 0.8222427125 0.60332685125 0.8022241649999999 0.04984578875 0.6917455225000001
13 0.18771089750000003 0.04085771875 0.7754288812500001 0.19527716125000003 0.9784302512499999 0.27376939875 0.9905415449999999 0.243970235 0.791538985 0.16870105875 0.1906535825 0.01271023875 0.18987294625 0.01265819625 0.18771089750000003 0.04085771875
13 0.7768405887500001 0.26753232125 0.96574831 0.298091245 0.97084473375 0.26954586625 0.7802462987500001 0.2341688325 0.18880883874999999 0.06368903875 0.18085463375 0.08826682875 0.7768405887500001 0.26753232125
13 0.18963786249999998 0.056414385 0.18840552249999998 0.06143068 0.65167878125 0.19589724249999999 0.76698173875 0.22186146874999998 0.8042882825 0.2377069175 0.94371061375 0.26299414 0.7760786675 0.19653225875 0.18963786249999998 0.056414385
13 0.755644275 0.3109119825 0.96572598625 0.35278322125 0.9710659562499999 0.323246475 0.7595429225 0.27554197625 0.18110110250000003 0.0872635725 0.17355021375 0.11409972125 0.755644275 0.3109119825
13 0.964140185 0.36313836875 0.16767982125 0.1574957975 0.1622351375 0.19135886375 0.958556025 0.39366909749999995 0.964140185 0.36313836875
13 0.942604805 0.411798295 0.9520357862500001 0.3929094725 0.1536759225 0.191098815 0.146035415 0.22219984125 0.7412819 0.36157450249999995 0.942604805 0.411798295
13 0.7491017737500001 0.40774493375 0.9323407337499999 0.4613788125 0.941819165 0.43839675749999996 0.75161123375 0.374129605 0.14722297625 0.24076628625000002 0.14375003625 0.26660328125 0.7491017737500001 0.40774493375
13 0.72647143 0.43356140625 0.92299733625 0.48771128124999996 0.9291357050000001 0.46272478499999997 0.7275917 0.401700755 0.134989195 0.28666435375 0.13019429625 0.32178252 0.72647143 0.43356140625
13 0.7232449575 0.4583951425 0.93222879 0.5203356625 0.93836552125 0.49535583000000005 0.7289137225000001 0.43532018875 0.1240773725 0.3232812525 0.12468238 0.34811909125 0.7232449575 0.4583951425
13 0.90701741875 0.5176575325 0.7291826437500001 0.465426165 0.12094051875 0.34385011249999997 0.11509251625 0.37545481875 0.8962666575 0.52631827875 0.90701741875 0.5176575325
13 0.11849829125 0.38499193499999995 0.497142825 0.48173573374999995 0.70975644875 0.521100875 0.7939370125 0.537247415 0.9006359125 0.54363373 0.9029163237500001 0.53045114875 0.11957378375 0.3767140225 0.11849829125 0.38499193499999995
13 0.112627835 0.3854874075 0.1059732 0.4125753975 0.7015333837500001 0.55847329625 0.9047065550000001 0.5738649487499999 0.90209233375 0.5494055462499999 0.7052527925 0.53163304125 0.112627835 0.3854874075
13 0.08966147 0.45947262125 0.08365661875000001 0.48781571 0.6731894337500001 0.58804686 0.88182793375 0.60069205375 0.8864751662499999 0.5739751275 0.6733238312500001 0.5601992437500001 0.08966147 0.45947262125
13 0.6791495725 0.626187115 0.84587504625 0.66123812875 0.8504568 0.6347877425 0.6521499075 0.59178753375 0.07494055625 0.48429404374999996 0.07341697 0.51389633875 0.6791495725 0.626187115
13 0.65701216375 0.6499970712500001 0.8121535787499999 0.68930065125 0.8175396875 0.66737625375 0.6652128399999999 0.6244160200000001 0.07137799625 0.51439591625 0.06709842125 0.53571619375 0.65701216375 0.6499970712500001
13 0.660216315 0.67985531125 0.8513647012500001 0.7324941375 0.86172337625 0.7098290875000001 0.66238968375 0.65150811625 0.06774820625 0.53697129125 0.07131083 0.54977002375 0.660216315 0.67985531125
