3 0.5859375 0.21666666625 0.6 0.45416666624999996 0.625 0.45416666624999996 0.628125 0.4375 0.6375 0.45208333375000004 0.6984375 0.44791666625 0.753125 0.45416666624999996 0.7703125 0.43333333375000005 0.7828125 0.37291666625 0.7875 0.28958333375 0.765625 0.1125 0.759375 0.0875 0.70625 0.0875 0.659375 0.1 0.6234375 0.14583333375000002 0.5859375 0.21666666625
3 0.2703125 0.31458333374999997 0.2375 0.39791666625 0.2359375 0.41666666625 0.359375 0.52708333375 0.375 0.54791666625 0.371875 0.5875 0.3859375 0.61041666625 0.478125 0.625 0.5140625 0.56875 0.5859375 0.48333333375000004 0.5859375 0.47291666624999995 0.48125 0.35833333375000004 0.384375 0.275 0.3296875 0.2375 0.3140625 0.26666666625 0.290625 0.28541666625 0.2703125 0.31458333374999997
3 0 0.76041666625 0.0640625 0.83541666625 0.0796875 0.8375 0.13125 0.7770833337499999 0.2015625 0.67291666625 0.271875 0.58541666625 0.3140625 0.50833333375 0.3125 0.49166666625 0.2953125 0.48333333375000004 0.23125 0.42291666624999996 0.184375 0.39791666625 0.1625 0.39583333375 0.1171875 0.45833333375 0.0359375 0.5416666662499999 0 0.64583333375 0 0.76041666625
10 0.1921875 1 0.2109375 0.9708333337499999 0.2796875 0.9041666662500001 0.2953125 0.86041666625 0.3046875 0.80625 0.334375 0.73541666625 0.3421875 0.62708333375 0.3421875 0.60833333375 0.321875 0.56666666625 0.3078125 0.55625 0.290625 0.55625 0.2796875 0.56041666625 0.234375 0.61666666625 0.15625 0.7375 0.0859375 0.82083333375 0.06875 0.8770833337499999 0.0671875 0.93125 0.0609375 0.95208333375 0.0671875 1 0.1921875 1
15 0.8765625 0.48333333375000004 0.896875 0.5104166662499999 0.921875 0.51666666625 0.975 0.5125 1 0.53333333375 0.9984375 0.45416666624999996 0.946875 0.42083333375000004 0.909375 0.41875 0.88125 0.4375 0.8703125 0.4625 0.8765625 0.48333333375000004
15 0.815625 0.78958333375 0.8359375 0.80208333375 0.8703125 0.8083333337499999 0.9125 0.80416666625 0.9234375 0.79583333375 0.9265625 0.7770833337499999 0.9140625 0.74375 0.8453125 0.70833333375 0.796875 0.7479166662500001 0.796875 0.7625 0.815625 0.78958333375
15 0.475 0.64375 0.490625 0.66458333375 0.5296875 0.6875 0.571875 0.6875 0.6078125 0.67291666625 0.6109375 0.65625 0.5921875 0.6125 0.5703125 0.59791666625 0.528125 0.58958333375 0.4859375 0.61041666625 0.4734375 0.62708333375 0.475 0.64375
15 0.159375 0.1125 0.153125 0.13541666624999998 0.1546875 0.1625 0.1828125 0.16875 0.1875 0.2 0.1984375 0.2125 0.2265625 0.22291666625 0.2328125 0.24375 0.315625 0.25625 0.3265625 0.23541666625000002 0.325 0.21875 0.290625 0.13541666624999998 0.2484375 0.09583333375 0.221875 0.09375 0.190625 0.11666666625 0.178125 0.10625 0.159375 0.1125
10 0.265625 0.10625 0.2921875 0.1375 0.2984375 0.16041666625 0.315625 0.18541666625 0.3296875 0.23541666625000002 0.3546875 0.25208333374999997 0.3734375 0.25416666625 0.4203125 0.24791666625 0.4375 0.23125 0.4921875 0.20416666625000002 0.5515625 0.15833333375 0.5828125 0.11875 0.628125 0.09583333375 0.6484375 0.07708333375 0.7296875 0.04583333375 0.7703125 0.0020833337499999998 0.26875 0 0.25625 0.03958333375 0.2578125 0.08333333375 0.265625 0.10625
10 0.65625 1 0.6921875 0.97708333375 0.6828125 0.9125 0.6875 0.8770833337499999 0.703125 0.85208333375 0.759375 0.79791666625 0.7546875 0.76666666625 0.74375 0.75 0.7078125 0.74375 0.6828125 0.7541666662500001 0.6859375 0.7875 0.6515625 0.78958333375 0.559375 0.775 0.4421875 0.79791666625 0.2671875 0.91666666625 0.2 1 0.65625 1
10 0.0765625 0 0.009375 0.02291666625 0 0.01875 0 0.13125 0.0046875 0.14583333375000002 0 0.175 0.015625 0.2 0.0296875 0.24791666625 0.0375 0.25208333374999997 0.0875 0.24166666625000002 0.1265625 0.2125 0.1609375 0.17083333374999998 0.1796875 0.1625 0.1828125 0.1375 0.2 0.10208333375 0.2359375 0.0875 0.2515625 0.06458333375 0.2546875 0 0.0765625 0
