13 0.49093571124999996 0.25783175375 0.51625075 0.28466064125 0.5289025675 0.28439290875 0.48747135625 0.236809015 0.46231714125 0.194667015 0.42794125125 0.09172243375000001 0.41367397375000003 0.09407368375000001 0.45284643125 0.20499353875 0.49093571124999996 0.25783175375
14 0.65657084 0.36661791875 0.785992585 0.37671759375 0.8919979925 0.36886882 0.925681365 0.34808463625 0.93250894875 0.28121635 0.9498961224999999 0.27578535625 0.9534849925000001 0.26124354375 0.9502120687500001 0.2314769575 0.92981031375 0.22521822875000003 0.92309793875 0.16731599 0.902271315 0.14461133125 0.85678796 0.13671349375 0.7311387175 0.1514876025 0.7267172137500001 0.17418408249999998 0.7396081737500001 0.2127883025 0.736352355 0.22406824625 0.62507570375 0.22172163874999998 0.61447561875 0.26371614 0.5940909675 0.2985039425 0.59695613125 0.35287113 0.58384104 0.3782831075 0.65657084 0.36661791875
14 0.7320334862500001 0.49304391000000003 0.6881235787500001 0.449128935 0.62715955125 0.40738308500000003 0.6085148775 0.40452281874999996 0.38965936999999995 0.44604212125 0.33742314125 0.48367383750000004 0.324141525 0.51071674875 0.33133637374999997 0.52267965625 0.372472935 0.53193524375 0.3341844275 0.5360003125 0.33335179625 0.54415498 0.38852789625 0.53955172 0.45666966625 0.55221394625 0.49838051875 0.53523799875 0.7229321375000001 0.52036000625 0.7320334862500001 0.49304391000000003
14 0.7065612274999999 0.55705192875 0.69359555875 0.5397864425000001 0.67545046375 0.5320333737499999 0.6129129875 0.5263046625 0.50724063125 0.53089156875 0.46636241125 0.539712845 0.45023274 0.5534351012500001 0.45224816375000004 0.574910425 0.48764811625 0.660956495 0.52552886125 0.68149202625 0.5605615475 0.6887069025 0.6852116325000001 0.683718395 0.7222426375000001 0.67136206625 0.7285877475 0.65043311 0.7065612274999999 0.55705192875
14 0.8067895274999999 0.72942543 0.8122101912499999 0.69694334625 0.73673043875 0.529470825 0.7271124037500001 0.5206331925 0.69994067 0.5188574874999999 0.6592289762500001 0.52604783125 0.7044710937499999 0.55691533625 0.7125156812500001 0.601770105 0.70535504375 0.67190025875 0.6811978925 0.68181427625 0.62184152375 0.68614435125 0.6473650999999999 0.745275925 0.67303809625 0.7617300337499999 0.6937729025 0.76472689375 0.7708494962499999 0.751703955 0.79049332875 0.7447786200000001 0.8067895274999999 0.72942543
14 0.13985333875 0.6464367912500001 0.14395889625 0.6680487075000001 0.16787481125 0.68110435625 0.18768516999999998 0.67254808625 0.2213856475 0.6928104325 0.24713335375 0.6879258075 0.27454632375 0.66673184625 0.333851375 0.53926217875 0.33207718999999997 0.4948171875 0.37628593875 0.45337723625000004 0.40736249125 0.39630273000000005 0.36824135124999996 0.40852246625 0.3347992175 0.40633698500000004 0.28789183375 0.3917788175 0.2667492625 0.41338255875 0.26508399875 0.429691895 0.21943411625 0.42342498999999995 0.16860480875 0.42667050375000004 0.17062023125 0.4481458275 0.08366097249999999 0.61977912375 0.07581712624999999 0.6553864825 0.08251239375000001 0.6722421900000001 0.09396222 0.66313955125 0.09805066999999999 0.6437049387499999 0.11368076249999999 0.6348754825 0.13985333875 0.6464367912500001
0 0.3465883825 0.20844762374999998 0.320199475 0.2127430725 0.30431674000000003 0.21717783875 0.24919614750000002 0.22123745625000002 0.18025235124999997 0.22329916625 0.12027968625 0.21992715499999999 0.11108651875 0.22753545375 0.11402639125 0.26056390749999997 0.11770707749999999 0.26572989375 0.14939213125 0.26451691499999996 0.17798789375 0.27295294625 0.18936301 0.28518904 0.20575102375 0.28954364875 0.3220234675 0.24296224125 0.34024327249999997 0.22937657875 0.3465883825 0.20844762374999998
9 0.85575283375 0.66202712875 0.85601117625 0.6801039925000001 0.84489440375 0.68594476625 0.8520892512499999 0.69790767125 0.860449785 0.6984540425 0.87741208875 0.6765771175 0.9107624074999999 0.6590548012499999 0.91760709625 0.633233045 0.9131684875 0.614882995 0.8977796325 0.60074278375 0.902775425 0.55181477 0.8635453649999999 0.50328017875 0.8339504437499999 0.50462974875 0.8217598024999999 0.541594855 0.8059631825 0.552055245 0.7934223825 0.55123568875 0.777867 0.53872641125 0.76640006875 0.50678252 0.73454848875 0.5096264337499999 0.7399115462499999 0.53952961125 0.7763106575000001 0.61579007875 0.8072548962499999 0.6424395675 0.85575283375 0.66202712875
11 0.62858986625 0.22851856 0.62524223125 0.220090705 0.539380235 0.2161213425 0.507953525 0.235411185 0.46321098374999997 0.19965087874999998 0.45668224125 0.18116423625 0.4460650475 0.18211220874999998 0.44874657874999996 0.1970637975 0.439386885 0.20630302875 0.44933797249999996 0.21187879375000002 0.45586671625 0.23036543625 0.48492155750000004 0.33734045875 0.51745635 0.36901934249999996 0.56987621125 0.37080322375 0.5992127899999999 0.35137678875 0.62858986625 0.22851856
11 0.45556787374999996 0.315720365 0.44569149625000004 0.2888058675 0.42821250749999995 0.27452906375 0.39208884374999997 0.2573919925 0.35688963 0.25180805125 0.3033040825 0.26144070625 0.27237695 0.2758377475 0.25291675 0.32217868000000005 0.26179396875 0.35887878 0.28948238875 0.39680821250000003 0.32384897 0.41054682375 0.35921471125 0.41449983125 0.39348947875 0.408530645 0.4250827175 0.3876098675 0.44931458 0.35635711625 0.45556787374999996 0.315720365
14 0.73149667625 0.141112825 0.7206211387499999 0.12398393125 0.5240873875 0.09800569375 0.49901719 0.12373093375 0.48492214250000004 0.13813342875 0.45801445375 0.16811676625 0.4701225875 0.20064983125000002 0.5543442212499999 0.21381562250000002 0.67758168125 0.22953114249999998 0.72796691625 0.23063478624999997 0.7427892825000001 0.22284709125 0.74907888375 0.20246178 0.7428276850000001 0.181256915 0.73149667625 0.141112825
14 0.41460773250000005 0.194832785 0.439578315 0.19755918625 0.44391940625 0.18251925875000002 0.42863016625 0.139927405 0.412230745 0.10820844125000001 0.40949370875 0.09380049874999999 0.22635049625 0.10153367875000001 0.15697403124999998 0.1353088975 0.15318802874999998 0.1449123775 0.14477769000000001 0.15859182875 0.12991692125 0.20796969875 0.1169932625 0.2246378325 0.17306320374999998 0.225018435 0.3110618175 0.219807725 0.34048451 0.20640691125 0.38178189625000003 0.20034939000000002 0.41460773250000005 0.194832785
