14 0.83106959375 0.278819425 0.75317204125 0.27619668375 0.6642295 0.29966576624999997 0.53948164125 0.3307778075 0.39015511375 0.374964745 0.346523685 0.41320761625 0.32039899624999996 0.42451309875 0.34721951500000003 0.49888641499999997 0.3715341625 0.59429071 0.40109704625 0.70971130375 0.42247048875 0.79268429 0.44926700625000004 0.87691935125 0.47161747499999995 0.876952215 0.5322859600000001 0.89858912875 0.59454846875 0.9022719650000001 0.7292066262500001 0.88662271875 0.8842887275 0.8663291325 0.96147327625 0.8434128062499999 0.964627205 0.84033231875 0.9731319374999999 0.6489758474999999 0.97267262375 0.64773279875 0.973217205 0.64705733875 0.9760974837499999 0.5822510725 0.971040945 0.5749926475 0.9658407149999999 0.53525286 0.95894362375 0.50263614 0.9690527625 0.4894829625 0.95919047 0.45429667875 0.91879509125 0.43690790999999995 0.88185860875 0.325409785 0.83106959375 0.278819425
17 0.59991341125 0.66200585375 0.6344812075 0.685086505 0.66020139 0.6807349775 0.6909881412500001 0.6648759900000001 0.70732936625 0.6390769762499999 0.7004871075 0.6370147525000001 0.6646029575 0.62396496 0.60497998 0.6504983937500001 0.59991341125 0.66200585375
5 0.7086217175 0.63890786375 0.68371737375 0.67962946625 0.66319742375 0.7237207812500001 0.67903813375 0.7443227025 0.7217645450000001 0.75943471875 0.7753130975000001 0.78693262625 0.8526553075 0.80540180375 0.92282275875 0.79917748 0.96772240625 0.7706903075 0.9726314 0.66023795875 0.971229435 0.65679439375 0.9289795375 0.6051431887500001 0.8917722087500001 0.5518462675 0.8491178050000001 0.5071490175000001 0.8405375112500001 0.5822113375 0.80468418875 0.60957778625 0.76870403 0.63597497125 0.7086217175 0.63890786375
5 0.677722005 0.38268416875 0.62790649125 0.41384938875000005 0.5862015875000001 0.45676946375 0.56335060625 0.5031375324999999 0.59546053625 0.5275256724999999 0.62447842625 0.54837498625 0.64338717625 0.5823774775 0.66693398875 0.6216882075 0.6988142525000001 0.6342760775 0.73497607375 0.6394026512500001 0.7772431475 0.63091412625 0.800807135 0.61008512625 0.8323788987499999 0.59017997125 0.84509674125 0.566826825 0.8472941125 0.5133028225 0.847770625 0.47676363375 0.857903765 0.45374871375 0.8640570212500001 0.42041012375000003 0.8722876362499999 0.38285625500000003 0.8573827725 0.34931568875 0.8304970749999999 0.3548055925 0.80094784375 0.33994096999999995 0.75001481875 0.3525210775 0.677722005 0.38268416875
17 0.61630263875 0.61648335125 0.61136290375 0.6289600750000001 0.592865485 0.638281615 0.5688661625 0.62564833 0.5445171612499999 0.65052349625 0.52670192125 0.6449678625 0.5019415899999999 0.62651899875 0.475103895 0.6122854125 0.4643605825 0.62059227375 0.48886724375 0.63710261125 0.54018759875 0.6777082799999999 0.546196845 0.7035401575 0.530006455 0.7204466912499999 0.5452129925 0.7362022937499999 0.58137481375 0.7413288687499999 0.5989123825 0.7548077212500001 0.6289449512499999 0.78341114 0.65793884 0.81412219875 0.66168905625 0.81264559625 0.6724323699999999 0.8043387362500001 0.6502807425 0.7756899 0.6198676675 0.7441786912499999 0.6272892725 0.72053273375 0.6074446725 0.69946889 0.61370076125 0.6769613074999999 0.63701107875 0.6541937812499999 0.69448469 0.6614608599999999 0.6961815475 0.6543377925 0.6620970862500001 0.64499593875 0.62644260375 0.64374641625 0.63718591875 0.63543955625 0.6271247824999999 0.6288692425 0.61630263875 0.61648335125
17 0.52729491875 0.7198156525 0.5566864862500001 0.6932947712499999 0.538792415 0.667046385 0.5112725425 0.6676899737499999 0.48750288750000004 0.66685695875 0.48433884125 0.6929033662499999 0.490855425 0.7226122975 0.5080673175 0.76373785625 0.54106509375 0.7949108375 0.5688146337500001 0.80606752125 0.597976535 0.7677463675 0.5817313175000001 0.7540984025 0.54392064125 0.7363714075 0.52729491875 0.7198156525
17 0.7052416549999999 0.75370997125 0.6687233312499999 0.7358138624999999 0.66707447625 0.7232134425 0.64887873125 0.71475002 0.6270356025 0.7185942075 0.62077951375 0.74110178875 0.634566865 0.7560572425 0.65197759875 0.7685668325 0.6677154762499999 0.7783377437500001 0.6887495925 0.7884014675000001 0.70930037125 0.78472639125 0.7289393049999999 0.78412822125 0.73915127625 0.78180605125 0.7544058149999999 0.77783816625 0.7052416549999999 0.75370997125
17 0.6155792825 0.701362 0.62561641625 0.7177940562499999 0.6500442475 0.7136116425 0.6782462975 0.6980908825000001 0.694611525 0.6624301237500001 0.66253242125 0.678458225 0.6155792825 0.701362
7 0.49334764375 0.6010253474999999 0.49226095875 0.6228564750000001 0.540005935 0.64618452 0.54456516625 0.63080000625 0.561033225 0.60597025625 0.58302719125 0.5932335875 0.6273236237500001 0.6002532724999999 0.6441001824999999 0.607916545 0.6489130837499999 0.59447055875 0.62303523875 0.5574365812500001 0.60499033 0.5400806775 0.5826878637499999 0.5203243225 0.56368310625 0.52576881 0.54660487375 0.53589050125 0.53933410625 0.55064397625 0.523040885 0.55671950125 0.51551644875 0.5695344525 0.51328825 0.5826422125 0.49334764375 0.6010253474999999
7 0.40999618875000005 0.55672429 0.415775765 0.5707558975 0.43280599375 0.5803576975 0.44813936624999995 0.597082565 0.48381785 0.5884703425 0.51189306625 0.5719803175 0.51409726125 0.56873430125 0.508825025 0.55857974625 0.5402459525 0.547567075 0.54647803875 0.5349212375 0.55980605375 0.5262761512499999 0.58281469875 0.52129358625 0.55250445875 0.500613385 0.52483375 0.51014945375 0.50222961 0.5081780637500001 0.4697700025 0.521298375 0.43786573875 0.51857225 0.41424692 0.50884675375 0.41148738 0.52793920625 0.4082205 0.54315460625 0.40999618875000005 0.55672429
7 0.46048022625 0.41012592499999995 0.45166343875000003 0.4231099875 0.41225873874999996 0.42333707 0.39903355625000003 0.44281316375 0.38190732125 0.47265834375 0.38431718375 0.4910743425 0.39579750500000005 0.49844480500000005 0.41373958 0.50496970125 0.4363197175 0.5168028375 0.46680479750000003 0.5187288125 0.4970602075 0.50885451625 0.52316089375 0.5074107787500001 0.5578006975 0.50090619625 0.5650714649999999 0.48615271875 0.5903563125 0.448338905 0.61820186 0.42004861 0.63634277625 0.39795753625 0.613207295 0.40197083624999996 0.585457755 0.390814155 0.5519834674999999 0.39618035999999995 0.51810467375 0.40850052249999996 0.48954612 0.41125174999999997 0.46048022625 0.41012592499999995
5 0.31724507750000003 0.71181118125 0.26806374 0.7478227162500001 0.27217046 0.7591156462499999 0.25106433875 0.77863715875 0.2652801975 0.7767769124999999 0.288875015 0.79636415375 0.27795003625 0.7731472549999999 0.29771580375 0.7735183462499999 0.29837398125 0.76850291625 0.30761927624999996 0.7387031550000001 0.31724507750000003 0.71181118125
5 0.21640758125 0.47361208125 0.2563436225 0.46740030875000005 0.2462824875 0.46082999625 0.25768397625 0.44750770625 0.27825875875 0.43397088625 0.28813822875 0.40901744 0.24500731250000002 0.40085937875 0.22701723375 0.41405797125 0.22390119125 0.42038089 0.21123135125 0.4240105475 0.18883288 0.4437011725 0.1916232475 0.46502496125 0.19007722625 0.46325554875 0.18761935999999999 0.46456303749999994 0.19458845375 0.46759452500000004 0.21640758125 0.47361208125
5 0.23576531750000002 0.64163283 0.254039895 0.670789005 0.27677086875 0.67372965875 0.3190379425 0.6652411337499999 0.32182148374999997 0.6362869375 0.3146467225 0.611593435 0.2871508525 0.60237527875 0.2756705325 0.59500481625 0.24516145125000002 0.60294058625 0.23852485874999999 0.62254037875 0.23576531750000002 0.64163283
5 0.175926325 0.756921965 0.21173164374999998 0.7492790062500001 0.225464165 0.73367996375 0.20868760625 0.72601669 0.21170081625 0.7088627637499999 0.21250983 0.69495485375 0.18759866 0.68539847 0.15310969375 0.6830105725 0.13048155375 0.69090092625 0.11869955875 0.701315425 0.11659819499999999 0.71539245 0.1334775875 0.7338867299999999 0.14277771250000001 0.73464146375 0.13913032875 0.746949075 0.175926325 0.756921965
5 0.19592528375 0.6083976249999999 0.19620295625 0.600474405 0.17980690249999998 0.5957189225 0.14747413 0.6098084975 0.12692335 0.6134835725 0.11681421125 0.62663674875 0.11045529 0.6383133225000001 0.13280575875 0.63834618625 0.12279945375000001 0.6623303712499999 0.1324560825 0.6758546387500001 0.160507295 0.66922635875 0.18817800625 0.65969029 0.19377591625 0.6421981375 0.1810272475 0.62513504375 0.19592528375 0.6083976249999999
5 0.22850490125 0.54596859 0.21241734625 0.57370612875 0.21558821875 0.59793770875 0.23624183124999998 0.60509364125 0.25925047625000003 0.6001110775 0.2832978025 0.59302087375 0.29783933749999997 0.56351392125 0.2843296575 0.54063524875 0.26134501374999997 0.5357560674999999 0.22850490125 0.54596859
5 0.21152597750000002 0.7276169912500001 0.23114090874999998 0.7368805625 0.25957262625 0.7331600725 0.27910872625 0.7217308925 0.2850871425 0.7071465299999999 0.29468894125 0.6901163 0.27738104125 0.68843772 0.25583958500000004 0.674496945 0.22958806124999998 0.68483316375 0.21367534625 0.6938164775 0.21053529999999998 0.7100011399999999 0.21152597750000002 0.7276169912500001
5 0.21719941875 0.5198439025 0.20605159874999998 0.5351047175 0.20587676 0.55385894375 0.21502605 0.56350615875 0.23200144875 0.54255346125 0.26496839625 0.5333102025 0.28318814375 0.53191188 0.27545804 0.523064815 0.26942479375 0.50709468125 0.24887401625 0.510769755 0.23169295 0.5100604387500001 0.21719941875 0.5198439025
5 0.142647575 0.5226985125 0.1331726125 0.54069800375 0.13312460874999998 0.56042149375 0.14936982625 0.5740694587499999 0.16578988249999999 0.5689631975 0.18403363125 0.55770313 0.18925103875000002 0.53730318875 0.20805013 0.51019668625 0.207162285 0.503411845 0.18237795125 0.49482472375000003 0.16235851375 0.4925151075 0.1468263025 0.50440621 0.142647575 0.5226985125
5 0.1905090375 0.6574135375 0.17122660750000002 0.6707812425 0.17791803 0.6817359487500001 0.1961377775 0.680337625 0.19624061 0.6911686324999999 0.21250983 0.69495485375 0.23062674375 0.6827255237500001 0.2511775225 0.67905045 0.25094785375 0.66725018 0.23330745125 0.64294032 0.23685200250000002 0.61980170125 0.22534768 0.62229298375 0.21047364500000001 0.6291686575 0.19952466624999998 0.61581350375 0.18738616875000003 0.61345846875 0.177150195 0.62564238375 0.1949414325 0.64105976 0.1905090375 0.6574135375
5 0.0578082325 0.7181562287500001 0.0367261125 0.7278159949999999 0.0186092 0.74004532375 0.021296732500000002 0.75053810625 0.04131617125 0.7528477225 0.05472301625 0.7648953875 0.0520903125 0.7849571025000001 0.07160241 0.7833896687499999 0.052042307499999996 0.8046805925 0.08944165124999999 0.7790835575 0.10101798000000001 0.7470070412500001 0.08041237000000001 0.72012761875 0.0578082325 0.7181562287500001
5 0.26275737374999997 0.48627823124999997 0.253100745 0.472753965 0.23655385375000001 0.47689096124999997 0.21536890125 0.47571972 0.1884832025 0.48120962375 0.18275845624999998 0.49773251375 0.2082009675 0.501304205 0.19664864 0.52351897625 0.18714967500000002 0.55138021375 0.21102216250000003 0.56304423625 0.2050129175 0.53721235625 0.2229001625 0.5131827575 0.2512050475 0.5084930025 0.27162899125 0.50384866625 0.2781147475 0.493141355 0.26275737374999997 0.48627823124999997
5 0 0.7277448074999999 0.019394210000000002 0.7359991587499999 0.054058015 0.71963283125 0.08028553625000001 0.71915835625 0.08852297999999999 0.73188247375 0.11231663624999999 0.72285374375 0.1167490325 0.70649996875 0.12414663375 0.6927157549999999 0.14677477375 0.68482540125 0.17003709 0.68178136375 0.16463801875 0.670657545 0.18559330375 0.66002851625 0.12340962625 0.6770384312500001 0.102756015 0.6698824975 0.10706157499999999 0.65255945875 0.06286797625 0.65637078125 0.04664676 0.6328610725 0.0434587125 0.668769225 0.021972085 0.6853829462500001 0.02828300375 0.6934298624999999 0 0.7006380412500001 0 0.7277448074999999
5 0.19159924625 0.47488670624999996 0.18815069999999998 0.45857834625000005 0.1849558275 0.4442085125 0.15652410875 0.4479290025 0.12890140375 0.43774158375 0.11268701375 0.46450986 0.13602815875 0.48215857375 0.14543111749999998 0.493744315 0.162104845 0.49057658125000003 0.17928591000000002 0.49128589875 0.18782502625 0.48622505250000003 0.19159924625 0.47488670624999996
5 0.12912754625 0.61023755625 0.1510975125 0.6073626325 0.17851455000000002 0.59588803625 0.19323775 0.5979048425 0.1950134375 0.6114745275 0.21100498625 0.623183965 0.23272127999999997 0.6183705150000001 0.23365712875 0.6054318675 0.21186200374999997 0.58955256625 0.21269501875 0.56578291125 0.1858573225 0.55154932625 0.17820605125 0.5633950125 0.148077475 0.57423857125 0.13142775125 0.5675445625 0.11341367 0.59060489875 0.12912754625 0.61023755625
5 0.13189743625 0.4807273875 0.11149749375000001 0.47550998125 0.07723819625 0.4849223525 0.08727532874999999 0.50135441 0.0784585425 0.51433847375 0.08824200624999999 0.5288320037500001 0.08717932375 0.5408013875000001 0.0898668575 0.5512941687499999 0.09967432375 0.55592595625 0.08931151375 0.5671406062500001 0.0964074425 0.5711413562500001 0.12988173125 0.56577514875 0.1288910525 0.5481593 0.1183225775 0.537711935 0.1328641125 0.50820498125 0.13189743625 0.4807273875
5 0.26384736 0.6754207925 0.28191627 0.68291495125 0.29610812875000003 0.69091645125 0.28833002125 0.70179287375 0.3145575425 0.7013184 0.3253248575 0.6831497950000001 0.32975725375000003 0.6667960175000001 0.26384736 0.6754207925
5 0.058737255 0.654939595 0.07591831874999999 0.6556489125 0.1029308525 0.6511282724999999 0.10992394875 0.644298015 0.114863685 0.63182129 0.12938121625000001 0.6121760825 0.10966345375 0.5920815025 0.12896988375 0.5688520512499999 0.09265722500000001 0.57261795875 0.10051416375000001 0.58243428625 0.09119003625 0.5915412975000001 0.051507664999999994 0.59969159625 0.05328335375 0.61326128 0.043301049999999994 0.62738372 0.058737255 0.654939595
5 0.02441630125 0.583519485 0.04661593375 0.59244483 0.0652641875 0.57423080875 0.049145804999999994 0.5615521075000001 0.02978454375 0.55422706125 0.01696386875 0.56674920125 0.02441630125 0.583519485
5 0.053276527500000004 0.562983295 0.0905010325 0.55614048625 0.08768666250000001 0.54467844 0.06472602 0.52993751625 0.07833170625000001 0.51336921125 0.066066375 0.51004491375 0.055679565 0.5311213075 0.05991312125000001 0.5433835025 0.053276527500000004 0.562983295
