2 0.5255754475 0.38144329875 0.54347826125 0.38050609125 0.61253196875 0.35707591375 0.6253196925000001 0.3420806 0.6381074175 0.33458294250000004 0.6598465475 0.30365510749999997 0.6547314575000001 0.27741330875 0.6329923275 0.25023430125 0.59462915625 0.22867853749999997 0.54859335 0.21555763875 0.51918158625 0.216494845 0.49488491 0.22586691625 0.45396419375 0.2596063725 0.44117647 0.28678538 0.443734015 0.31958762875 0.46291560125 0.3552015 0.4936061375 0.37300843499999997 0.5255754475 0.38144329875
2 0.265984655 0.477038425 0.32736572875000003 0.48172446125 0.3746803075 0.45454545500000004 0.40025575500000005 0.41893158375 0.40025575500000005 0.37675726375 0.3887468025 0.34957825625 0.36061381124999997 0.324273665 0.3184143225 0.30646672875000003 0.27493606125 0.304592315 0.23657288999999998 0.3167760075 0.2084398975 0.340206185 0.190537085 0.37769447 0.19181585625 0.41143392749999996 0.20460358 0.43767572625 0.2352941175 0.4648547325 0.265984655 0.477038425
2 0.2109974425 0.6588566075 0.23657288999999998 0.6701030925000001 0.25831202000000003 0.67385192125 0.30306905375 0.6710402999999999 0.35933503875 0.64948453625 0.38491048624999996 0.62511715125 0.3964194375 0.59325210875 0.3913043475 0.55482661625 0.3746803075 0.52764761 0.34398977000000003 0.5060918462499999 0.30434782625 0.49297094625 0.24936061375000002 0.49297094625 0.2135549875 0.503280225 0.17774936 0.52764761 0.15984654750000002 0.55014058125 0.15601023 0.5641986875 0.1547314575 0.59231490125 0.16240409249999999 0.6148078725 0.17902813250000002 0.62230553 0.2109974425 0.6588566075
2 0.43222506375 0.7338331775 0.470588235 0.73664479875 0.5818414325 0.7338331775 0.59590792875 0.7253983125000001 0.6086956525 0.7010309275000001 0.61253196875 0.659793815 0.5882352937499999 0.6185567012500001 0.56010230125 0.59418931625 0.50895140625 0.57638238 0.46547314624999997 0.5773195875 0.43350383625 0.58669165875 0.42071611249999996 0.5970009375 0.40537084375 0.59793814375 0.38618925875000004 0.62980318625 0.37979539625000003 0.653233365 0.37851662374999995 0.6719775075 0.38618925875000004 0.69728209875 0.40792838875000004 0.7207122775000001 0.43222506375 0.7338331775
2 0.34398977000000003 0.48172446125 0.34398977000000003 0.490159325 0.35166240375 0.5014058112499999 0.39258311999999995 0.5267104025 0.42838874625 0.5632614812500001 0.46803069 0.57638238 0.5012787725 0.57357075875 0.5447570337500001 0.5407685099999999 0.556265985 0.5220243674999999 0.54219948875 0.44798500500000005 0.524296675 0.41799437625 0.48849104875000005 0.38331771375 0.43989769875 0.366447985 0.4258312025 0.35801312125 0.416879795 0.35707591375 0.41048593375000003 0.36176195 0.41048593375000003 0.41424554874999997 0.40409207125 0.4339268975 0.38491048624999996 0.45923149 0.34398977000000003 0.48172446125
2 0.663682865 0.47610121875 0.69565217375 0.4601686975 0.7710997437499999 0.4582942825 0.8120204599999999 0.47328959750000005 0.8427109975 0.49859418875000006 0.846547315 0.49484536125 0.83887468 0.46391752625000005 0.81713555 0.4358013125 0.7851662399999999 0.415182755 0.739130435 0.40393627000000004 0.70460358 0.40674789125 0.67519181625 0.41705717 0.64322250625 0.441424555 0.62915601 0.47235239 0.6278772375 0.490159325 0.6329923275 0.50046860375 0.6381074175 0.5014058112499999 0.663682865 0.47610121875
2 0.54092071625 0.538894095 0.51918158625 0.55576382375 0.49232736625 0.56888472375 0.49488491 0.5726335524999999 0.5281329925 0.57919400125 0.5549872125 0.5904404875 0.5882352937499999 0.58106841625 0.61508951375 0.56044986 0.62148337625 0.55107778875 0.6304347825 0.5126522962500001 0.62404092125 0.48734770374999997 0.6086956525 0.46766635375 0.5831202050000001 0.45454545500000004 0.56905370875 0.4582942825 0.57161125375 0.477038425 0.56649616375 0.49484536125 0.5549872125 0.503280225 0.54092071625 0.538894095
2 0.72122762125 0.6326148075 0.79028133 0.6232427362499999 0.81713555 0.61293345875 0.8427109975 0.5913776949999999 0.8606138112499999 0.5576382375 0.85933503875 0.52952202375 0.8375959075 0.48734770374999997 0.80562659875 0.46298031875 0.7595907925000001 0.45173383375 0.7058823525 0.45267104 0.685421995 0.4582942825 0.64066496125 0.49859418875000006 0.626598465 0.5332708525000001 0.626598465 0.5641986875 0.64322250625 0.59325210875 0.67519181625 0.61668228625 0.72122762125 0.6326148075
2 0.6508951412499999 0.6785379575 0.6726342712500001 0.67385192125 0.7135549874999999 0.64854732875 0.7135549874999999 0.640112465 0.72250639375 0.640112465 0.7378516625 0.62980318625 0.734015345 0.62511715125 0.67519181625 0.60449859375 0.64322250625 0.58013120875 0.626598465 0.56138706625 0.6112531975000001 0.5632614812500001 0.57033248125 0.5904404875 0.56905370875 0.5970009375 0.6086956525 0.626991565 0.6253196925000001 0.66166822875 0.6508951412499999 0.6785379575
2 0.53836317125 0.43767572625 0.54603580625 0.4582942825 0.54347826125 0.48828491125 0.56521739125 0.48828491125 0.56777493625 0.45923149 0.5882352937499999 0.43767572625 0.604859335 0.43767572625 0.61508951375 0.44423617625 0.6381074175 0.44423617625 0.69693094625 0.408622305 0.69693094625 0.38800374875000004 0.690537085 0.37582005625000003 0.69565217375 0.3739456425 0.69565217375 0.36363636374999997 0.7020460362500001 0.35613870625 0.67647058875 0.340206185 0.6393861887500001 0.3298969075 0.61253196875 0.35707591375 0.59335038375 0.36832239875 0.54092071625 0.37863167750000004 0.51023017875 0.37582005625000003 0.48849104875000005 0.37863167750000004 0.48849104875000005 0.38331771375 0.51278772375 0.40206185625 0.51278772375 0.408622305 0.53836317125 0.43767572625
2 0.40792838875000004 0.37019681374999996 0.41048593375000003 0.36457357125 0.42838874625 0.36457357125 0.46419437375 0.37582005625000003 0.48849104875000005 0.37769447 0.49104859375 0.37019681374999996 0.4795396425 0.36176195 0.47826087 0.34957825625 0.46291560125 0.3364573575 0.45396419375 0.3214620425 0.44629156000000003 0.28303655125 0.40792838875000004 0.291471415 0.37595907875 0.30740393625 0.35805626625000003 0.32521087125000003 0.38235294125 0.34864105 0.39769821 0.37113402 0.40792838875000004 0.37019681374999996
