7 0.52201838875 0.11564888625 0.5491348337499999 0.14586604125 0.56181138625 0.14963757875 0.5986087225 0.19509748500000001 0.6763816675 0.30271352875 0.7052614475 0.35560476625 0.71243537875 0.36082978 0.72302279625 0.35625320125000004 0.7353238412499999 0.4366634525 0.7893938300000001 0.504260745 0.84871151125 0.56157195625 0.8880655212499999 0.554736855 0.91365239625 0.5319583637499999 0.9036954162499999 0.4687288375 0.88108304125 0.44088194125 0.87931970375 0.4182078575 0.8518774625000001 0.4023166725 0.8287055212500001 0.4191173075 0.80525749125 0.3879311675 0.7950667425 0.35502320125 0.69273402875 0.16489499500000002 0.6927837375 0.10258225 0.68400936875 0.06752016625 0.66107119625 0.053999240000000004 0.62905401625 0.05889637125 0.56933966625 0.03906970875 0.5436607625 0.045852606250000004 0.5254107175 0.066693125 0.52201838875 0.11564888625
7 0.43084541000000004 0.5170892425 0.45601445625 0.49264112875000005 0.48385336625 0.47104777 0.51970186 0.45801867 0.518937075 0.4315208475 0.506005595 0.41891670374999995 0.44870617875 0.39311218625 0.4170645075 0.32137060125 0.4025114275 0.23977522 0.42162567875 0.12080703375 0.420605965 0.0854766025 0.395996485 0.06527718375 0.35538899375 0.0671034175 0.34689071125 0.08002811250000001 0.34107605874999997 0.27558281125 0.37217932249999996 0.431126095 0.361379295 0.50517840375 0.36815655999999997 0.5478879649999999 0.41043535875000003 0.55274022375 0.43084541000000004 0.5170892425
7 0.46151809625 0.030170232499999998 0.44224833875 0.01568032125 0.40642100375 0.06786359 0.4137789925 0.10507978874999999 0.39875098375 0.22474861375 0.4047634625 0.24096035125 0.43127802125000003 0.23751669875 0.4517801 0.21786130875 0.46740999375000003 0.13185329125 0.49724601 0.10261245375 0.5063250175 0.08419439875 0.5034710975 0.04934846125 0.48478206625 0.02936518875 0.46151809625 0.030170232499999998
7 0.57826215 0.3482109725 0.567398645 0.304800775 0.55902094375 0.23225414749999998 0.564686465 0.223637685 0.55006251625 0.16520088125000001 0.51301025125 0.11090836625 0.50133225125 0.10331309250000001 0.4866585925 0.10718903375 0.4639965075 0.141654885 0.46209142999999997 0.16529795375 0.49013555750000004 0.21484994749999997 0.50726646875 0.28330448874999997 0.49040425249999997 0.40345780625000005 0.49699745624999997 0.4141761825 0.52376694375 0.4195651375 0.60523685375 0.42474528 0.61032164875 0.42162218 0.59838872125 0.40519429875 0.5982046625 0.37320311375000004 0.57826215 0.3482109725
7 0.36851090875 0.43209508 0.33022632125 0.4119478675 0.12277682375 0.43470435875 0.053657668750000005 0.44762172125 0.04750345 0.4777271375 0.050010412500000004 0.48774487499999997 0.0608527575 0.4920009025 0.1295540875 0.47741391875 0.19525975625 0.47429814875 0.2535365675 0.45712476 0.2941440575 0.45529852750000005 0.3045685775 0.4578849325 0.3130880175 0.48411440749999995 0.33493560875 0.48546348 0.36669786000000004 0.47173374125 0.36851090875 0.43209508
7 0.37884238000000003 0.87970331125 0.39100907749999997 0.8658096325 0.3953999575 0.8130301312500001 0.41464855624999997 0.7883658749999999 0.4446263125 0.71280788375 0.48370423500000004 0.65798600625 0.56146341125 0.5858267975 0.61581687875 0.56078978625 0.6700783174999999 0.51975718125 0.67832167125 0.49799987875 0.6741434 0.48130364875 0.64210506125 0.44704661 0.5829714374999999 0.42172658625 0.548284395 0.42376896375 0.50995009625 0.46593449375 0.435554695 0.59060485625 0.42556916375 0.6288422425 0.37734136375 0.7252407525 0.3707693175 0.75367654625 0.37738368125 0.8035490912500001 0.363800605 0.8195968862499999 0.3720651175 0.8369937525000001 0.36765307875 0.8506190837500001 0.34931100375 0.8554640125 0.35216492375 0.89030994875 0.37884238000000003 0.87970331125
7 1 0.45180656625 0.95047828375 0.47595135624999996 0.93956506875 0.49485390500000004 0.91179703 0.49328868875 0.9074770187500001 0.52290961125 0.8621316899999999 0.552687145 0.81376954125 0.554781725 0.79661007875 0.5877940975 0.7733884262499999 0.66690747875 0.9256773524999999 0.5643818375 0.96544919 0.55921636 1 0.56514053125 1 0.45180656625
7 0.6873076337499999 0.92460365 0.70005505625 0.90521660875 0.70693174 0.8233006775 0.79203514 0.60858241375 0.8050163312499999 0.55887381125 0.80325299375 0.53619972875 0.79157499375 0.5286044525 0.7571005612499999 0.46117109999999994 0.73123759875 0.43596281374999996 0.721648735 0.436715655 0.71649307 0.4629973325 0.72317830375 0.4897113 0.71834843625 0.50166701 0.7101759525 0.5002657337499999 0.70186173 0.5451816125 0.70292376 0.65882038 0.6489595687499999 0.78699393 0.6083023675 0.8511329075 0.64895217625 0.92761501375 0.657960315 0.9323555337499999 0.6873076337499999 0.92460365
7 0.20465079500000002 0.26177887375000003 0.1387610675 0.2329034575 0.136254105 0.22288571999999998 0.11008650375000001 0.25115757125 0.08568224125 0.30210350625 0.0795280225 0.332208925 0.12644523875000002 0.43373537375 0.17113897250000001 0.43260977875 0.19823425625 0.423672765 0.2017894825 0.36755401875 0.20745500374999998 0.35893755624999996 0.22071228375000002 0.35721573 0.23095274375 0.32781095 0.21800010375 0.27605263874999997 0.20465079500000002 0.26177887375000003
7 0.18667582 0.7916235875 0.20127861 0.8109062225 0.23055505875 0.82631291625 0.2584859975 0.8207151475000001 0.292479125 0.7690163712499999 0.27599980875 0.67190989125 0.28338635 0.607659175 0.2793709775 0.58379996125 0.24440784875 0.53785556125 0.22695113875 0.48372698875 0.21218545 0.47160733875 0.18625161875 0.46955762874999996 0.15548791874999998 0.4794636275 0.12165768999999999 0.52399942 0.11241578375 0.54958046 0.08383324874999999 0.5838301662500001 0.07185061 0.62971503 0.08515020749999999 0.7063015425 0.11470274500000001 0.76969501125 0.13004915875 0.77632130125 0.17281665624999998 0.75968460625 0.18491248250000003 0.7689495037499999 0.18667582 0.7916235875
7 0.2737773425 0.1082404275 0.24384929875 0.12148567249999999 0.21159834875000003 0.15670436499999998 0.18703118624999998 0.214813285 0.19030293375 0.25132884499999997 0.23819754499999998 0.3098773875 0.2750445925 0.29302454875 0.32266311375 0.30358631625 0.33975170749999994 0.29373251875 0.34291765875 0.134477235 0.334653145 0.11708036875 0.31847107625 0.1071148325 0.2737773425 0.1082404275
7 0.27416560125 0.672394385 0.29772681875 0.75873028625 0.32981486875 0.73067457875 0.3520591275 0.69453910375 0.38212891125 0.6349767075 0.39002530874999997 0.58839120625 0.374586865 0.56576932375 0.35457348250000004 0.56393576 0.323462825 0.54901355875 0.27602836125 0.5704429775 0.27416560125 0.672394385
7 0.49804470375 0.8090571175 0.5906965249999999 0.98394257125 0.662230615 0.9650473562499999 0.65805234375 0.948351125 0.57141300125 0.78967740875 0.5022303674999999 0.6851322625 0.5016284812499999 0.6514714562499999 0.49162179 0.6505546737500001 0.44012224250000004 0.7104376225 0.42730395 0.7529832412499999 0.44056122875 0.751261415 0.45674329874999997 0.76122695 0.49804470375 0.8090571175
7 0.6338469225 0.7500460787500001 0.64719623125 0.7643198449999999 0.6592000287499999 0.75758915125 0.6796100787500001 0.7219381687499999 0.702343035 0.6643137412500001 0.6975417187499999 0.574802535 0.70683333625 0.48690875 0.715749445 0.47565367999999997 0.7124776975 0.43913811875000003 0.71812206 0.3913674875 0.72703816875 0.380112415 0.72344062375 0.357922825 0.71243537875 0.36082978 0.6969969362499999 0.3382079 0.681069795 0.3370749725 0.63521461 0.34918729 0.6093019375000001 0.38629175 0.62100109625 0.4330411925 0.6525295787500001 0.44963301625 0.6804816775 0.4831894175 0.67815877125 0.50516286375 0.66541134875 0.524549905 0.63007271125 0.5552442212500001 0.6441868049999999 0.59601580875 0.63652417625 0.61227974875 0.6310638725 0.6920415637499999 0.6338469225 0.7500460787500001
7 0.55985659875 0.2355933925 0.56665502 0.31745712125000003 0.5757551875 0.33819323500000004 0.58801391375 0.34029514624999996 0.6031762700000001 0.3149302525 0.6385149075000001 0.2842359375 0.65135435875 0.28084448875 0.65084450375 0.2631792725 0.62430878625 0.22746875500000002 0.58535144375 0.19681931 0.57127967 0.23435606 0.55985659875 0.2355933925
7 0.3996786675 0.2440834525 0.4016969325 0.27559014375 0.43127062875 0.37813778124999997 0.4561350375 0.4071698075 0.4933290425 0.41514516625 0.50533284 0.4084144725 0.5131372075 0.34583337999999997 0.50232341375 0.24011043625 0.45628417 0.22023157125 0.42860815875 0.23466194625 0.40209360125000004 0.2381055975 0.3996786675 0.2440834525
7 0.8000161724999999 0.7186135887499999 0.79558297375 0.69308475125 0.7753146624999999 0.6824185787499999 0.7624752112500001 0.68581002875 0.7353302162500001 0.75705978625 0.710671025 0.799173115 0.69346185125 0.8944982337499999 0.6946444624999999 0.92266568 0.70181839375 0.9278906925 0.75501040875 0.91384040375 0.7800165575 0.8965552750000001 0.7913476 0.87932234875 0.796503265 0.85304067125 0.7785578587499999 0.8204010537499999 0.7674394250000001 0.76815825 0.7790962662500001 0.7365993537500001 0.8000161724999999 0.7186135887499999
7 0.63456938875 0.698235565 0.643974195 0.66549153875 0.64476753 0.5905224475 0.62015805 0.57032303 0.5936434912499999 0.57376668125 0.5691471987500001 0.60871702625 0.518625045 0.6256220675 0.49345599749999997 0.65007018125 0.51441822375 0.71039275125 0.53802915125 0.7344159087500001 0.5592960149999999 0.74125834125 0.5526319399999999 0.75369854375 0.57106604375 0.76484920875 0.586759415 0.79630369625 0.59634828 0.7955508575 0.6206816725000001 0.7677634975 0.6386059199999999 0.76124894625 0.63456938875 0.698235565
7 0.4163833425 0.9125068725 0.39711358500000005 0.8980169625000001 0.38569051375 0.8992542950000001 0.37661150499999996 0.91767235 0.34050808375 0.9218688450000001 0.33384400875 0.934309045 0.34436055625 0.9528910424999999 0.37229149375 0.9472932749999999 0.43509353375000004 0.971644315 0.45757883125 0.99322105375 0.5613922800000001 0.9916830775 0.56868603625 0.98975648375 0.57718431875 0.97683179 0.5746773550000001 0.9668140525 0.54872236375 0.9256101750000001 0.533885805 0.93664910125 0.50836980125 0.93626901375 0.45740866124999996 0.9123502637500001 0.4163833425 0.9125068725
7 0.48861873875 0.8026469737499999 0.4799575575 0.8227346525 0.41534247 0.838022275 0.40050591249999995 0.8490612 0.40653955 0.90442710625 0.4579185175 0.93001547875 0.48301669500000005 0.9287259425000001 0.5067693624999999 0.906431945 0.5382058162500001 0.90702817625 0.5475397525000001 0.8974427275 0.53502609875 0.8865082087499999 0.51081328625 0.828824245 0.48861873875 0.8026469737499999
7 0.34814955249999996 0.8664507349999999 0.3452956325 0.83160479625 0.35319202875 0.78501929625 0.437063105 0.60444633375 0.47635363750000004 0.48014872500000005 0.42759482125 0.5197278525 0.34722926 0.7064948137499999 0.29473115875 0.7702015025 0.29774797875000003 0.79788445375 0.28866897 0.81630251 0.26533412875 0.8402661299999999 0.2437414675 0.84774966625 0.23749522125 0.8618594912499999 0.21265197125000002 0.871981635 0.21299892875 0.89680983375 0.24787002875 0.9267586412500001 0.31849759375000003 0.9276827575 0.33458763374999995 0.9216526987500001 0.33208067125 0.91163496125 0.34814955249999996 0.8664507349999999
7 0.31780469624999996 0.4170089375 0.35866711500000004 0.42401531374999996 0.36816395125 0.40726688000000005 0.33975170749999994 0.29373251875 0.28704838875 0.28629385375 0.26037093250000004 0.29690049125 0.2051321 0.3809110025 0.19456584124999998 0.42464175 0.24501712625 0.43089528375 0.31780469624999996 0.4170089375
7 0.28803215875 0.5637122825 0.29709000625000004 0.5061400575 0.3321028475 0.48977171124999996 0.3262532675 0.46639699 0.30006450749999997 0.4555146725 0.19767469 0.468320295 0.2227019975 0.49018933625000005 0.2372339175 0.53263054875 0.27219704624999996 0.57857494625 0.28803215875 0.5637122825
