17 0.5060022175000001 0.4535766975 0.5197727249999999 0.4521383175 0.5235547337500001 0.4470118125 0.52920282 0.3949672225 0.53183484125 0.33554904874999997 0.52254586625 0.32764783000000003 0.5163975162500001 0.35904453625000005 0.5098734625 0.40171770500000004 0.50478997625 0.44660613125 0.5060022175000001 0.4535766975
17 0.5123835862499999 0.6881819862499999 0.5223936725 0.69234100125 0.5374224975 0.6881688825000001 0.54672018125 0.6767884937499999 0.54935513125 0.670007505 0.54910167625 0.65376958625 0.54459895875 0.6412283962499999 0.53606846 0.62650562125 0.52528889625 0.6269810100000001 0.51351837375 0.63796912 0.506383 0.6536776787499999 0.5074219212500001 0.67633931 0.5087257025 0.6833594587499999 0.5123835862499999 0.6881819862499999
17 0.550636045 0.60156325625 0.54640047875 0.594849345 0.54133606875 0.59147488625 0.5416169150000001 0.58689152 0.53393124875 0.5798874075 0.52760873 0.5811983937499999 0.524366415 0.58544052 0.51511211 0.58705774125 0.50847906125 0.5923046175000001 0.50260179375 0.60332773125 0.48243549625 0.61324108375 0.45309024999999997 0.637124725 0.43715951750000004 0.6537519912499999 0.43711614 0.66351515875 0.44190199625 0.69294174125 0.44533839999999997 0.7036425850000001 0.4484482875 0.7072212 0.46396574375 0.7029980425 0.50725980875 0.6835125762500001 0.508666335 0.6820645075 0.50629394875 0.65173525375 0.5084402687499999 0.64500530375 0.52192784625 0.62863323625 0.53552046125 0.62526171 0.55013371875 0.61202493875 0.56027623375 0.6083632125 0.56049771375 0.60248489625 0.5553739375 0.59781548875 0.550636045 0.60156325625
17 0.43127537250000003 0.600368825 0.43502230750000004 0.6071337775 0.41220506999999995 0.61277 0.4016926575 0.619072665 0.39890928875 0.6226162775 0.39645243874999997 0.63328211625 0.39355492249999996 0.6771733475 0.41782435749999997 0.68179464875 0.43941316999999996 0.681491345 0.43886287875 0.658778675 0.44103888124999996 0.6526962025 0.4658974 0.6273294875 0.48723275625 0.6107882662499999 0.48706835 0.59649277125 0.48441741125 0.5922156425 0.4784944725 0.5915331625 0.46848667874999994 0.6088429075 0.464607315 0.6098986962499999 0.45761806499999996 0.6073758699999999 0.44987303124999994 0.5990768074999999 0.43195579875 0.593791995 0.43127537250000003 0.600368825
17 0.37809683374999997 0.6826914562499999 0.38724609875 0.6680736912499999 0.389095585 0.65486899 0.38193734125 0.5951131512500001 0.37259169375 0.57331918625 0.36946581875 0.558682455 0.3647416225 0.55201958125 0.35445068874999996 0.55244393125 0.35593257 0.56334893 0.35463108374999996 0.5777975425 0.36732867124999996 0.6512874424999999 0.37605326 0.6809531875 0.37809683374999997 0.6826914562499999
17 0.48541518375000003 0.5068859987500001 0.50075454 0.49877799 0.5237772675 0.47620533375 0.52738948 0.4693222675 0.52789180625 0.45886058625 0.51816256625 0.45011820375 0.5069834212500001 0.45258705875 0.5037548000000001 0.44641854125 0.49550744125 0.44858116000000003 0.48620975875 0.45996154875 0.46866471750000005 0.47350455625000004 0.45962048875 0.5011228637499999 0.47857435125000003 0.50760054875 0.48541518375000003 0.5068859987500001
17 0.4169152775 0.43804198875 0.42788560124999997 0.43393893624999996 0.434467795 0.431477105 0.44125133375 0.42367134874999995 0.428435665 0.41672993750000004 0.42195932625 0.40202917125 0.43298361999999996 0.399103345 0.41268280375000005 0.38466373 0.40141564375 0.38229203125 0.37951860000000004 0.42065663999999997 0.39178420375 0.44480704875 0.4041432125 0.46125908125000004 0.41207048749999997 0.44919383125 0.4169152775 0.43804198875
17 0.48936093375 0.42160328874999997 0.49106926875 0.41018762875 0.5026457125 0.40956985875 0.48732460875 0.38692147374999997 0.48529036875000003 0.37175671125 0.48092714000000003 0.35446949250000004 0.487575755 0.34372066875 0.4710050625 0.342494375 0.45656201375 0.34873446375 0.44106863500000004 0.35153566875000003 0.45630878375 0.372418215 0.46514109750000004 0.38983005374999996 0.4693694025 0.404174205 0.47338182625 0.413809445 0.44504370875 0.38956356999999997 0.43904064875000004 0.39492207125 0.44723985874999994 0.40826001375 0.46759464625 0.42387685750000004 0.48217470375 0.44009689125 0.4866043525 0.4490971175 0.47073527 0.46317478375 0.4515014025 0.48174394125 0.43757106874999996 0.49916769250000004 0.43374962375000004 0.51316980375 0.44692646125 0.49878192 0.46247381125 0.49715794375 0.46750541 0.47060934375 0.4934024275 0.45134419625 0.50659380125 0.44700914625000004 0.49773450124999996 0.4290086925 0.48936093375 0.42160328874999997
17 0.54872732625 0.45088819999999996 0.53828216625 0.45671069625 0.52338037375 0.45294435125 0.52505135875 0.46992135124999995 0.5153742287499999 0.48276081374999996 0.49992237125000005 0.49620346625000006 0.4908098425 0.50188676375 0.4830299425 0.5074308625 0.45774941124999996 0.50120001875 0.4455938325 0.49892111875 0.45162596125 0.513668285 0.4754264875 0.5265594775 0.5169808775 0.5275418625 0.548129545 0.52547113625 0.5750789762499999 0.52916192625 0.58729061 0.5521351087499999 0.60167968875 0.54471779125 0.59972640375 0.5313188725 0.60641653875 0.531211495 0.6075312025 0.50684633375 0.58962788 0.5057592375 0.60404394375 0.498930535 0.60853792875 0.48012671500000004 0.59866982 0.46932882374999996 0.58407731125 0.46257301125 0.56673858875 0.45432975124999997 0.54872732625 0.45088819999999996
17 0.5864851725 0.446944255 0.6108108637499999 0.46155489125000004 0.59226198625 0.46585811875 0.62570020625 0.47478545625 0.6431614037500001 0.49543600625000006 0.64766992375 0.48668501999999997 0.6433731149999999 0.46111080625 0.63240070625 0.44569680624999997 0.60461474 0.42375898624999997 0.5864415675 0.41678575375 0.56154919125 0.38981422875 0.528822945 0.36720957499999995 0.5043498774999999 0.35912009125 0.5001381925 0.37434583000000005 0.50948113625 0.38342427749999997 0.53398119 0.392102375 0.5471206775 0.40610715249999996 0.559089445 0.42378281 0.57399123875 0.42754915625 0.5864851725 0.446944255
17 0.60785913625 0.42637726 0.62180608875 0.43852339749999997 0.6117719 0.38515971625 0.6044092249999999 0.39006880125000004 0.604048055 0.41139809624999996 0.6088264250000001 0.40853324874999997 0.60785913625 0.42637726
17 0.6078716424999999 0.5434795862499999 0.61967850125 0.5576235625 0.61467388625 0.58476077375 0.60837607625 0.60316157875 0.5957368525 0.609804685 0.5947820125 0.61818447625 0.5833674787500001 0.62233392875 0.5937067825 0.63367403125 0.60866046125 0.61910055125 0.6233173037499999 0.59805231875 0.63318124375 0.5698160987499999 0.63718949875 0.54041723 0.63560155375 0.54472312375 0.6087455275 0.533333955 0.6078716424999999 0.5434795862499999
17 0.4565330025 0.4551953425 0.46190295625 0.44576294375000003 0.47953643 0.44096390125 0.48034389375000003 0.43910526 0.48081445875 0.439210395 0.46908918624999996 0.42726934125 0.44913917249999996 0.42048170625 0.43916520875000004 0.42684641624999997 0.43032253 0.43841585 0.43107810999999996 0.45489703625 0.44125550375000006 0.4627054575 0.4565330025 0.4551953425
17 0.601112945 0.40579035500000005 0.6019183275000001 0.38441465999999996 0.5953485825 0.37741227125000004 0.58291070375 0.37871145375 0.573138085 0.37973223875 0.57136332875 0.39943489125 0.57709862375 0.40770730625 0.5864415675 0.41678575375 0.601112945 0.40579035500000005
17 0.5333543375 0.44657964125 0.5387533624999999 0.45725291 0.55065154125 0.4441814525 0.53530136875 0.40142739749999995 0.52970099875 0.39609805125 0.52594805875 0.421330225 0.5333543375 0.44657964125
17 0.5539499625 0.57454350125 0.5681916662500001 0.57364733625 0.5670728325000001 0.5589783887499999 0.55630385375 0.55773751875 0.55212951875 0.54457059625 0.549678055 0.5300408475 0.54327022125 0.52657014125 0.53707826625 0.52780834625 0.53757644625 0.528939175 0.53476381125 0.5357387225 0.539760145 0.55709984 0.5439884500000001 0.57144399 0.5539499625 0.57454350125
17 0.458457275 0.57505514125 0.45451126875 0.55713290875 0.44682477624999994 0.55497862875 0.44570802625 0.55982673625 0.4349245125 0.5485330325000001 0.42979533875000003 0.54374590125 0.42238906 0.518496485 0.41452612 0.5027576874999999 0.40764709125000004 0.4987447675 0.40230412125000004 0.5087657800000001 0.40604878125 0.53203193625 0.413037835 0.5579163662500001 0.42820947750000005 0.56756885 0.44118705625 0.5780419437500001 0.45909038 0.57912903875 0.45859219875 0.5779982100000001 0.458457275 0.57505514125
17 0.5900620125 0.60270881875 0.58548499 0.6002297437499999 0.581580505 0.59294895875 0.57128480625 0.6117673575 0.579214165 0.6192191625 0.591652045 0.61791998 0.5990369050000001 0.607787655 0.59579730875 0.61098123375 0.5900620125 0.60270881875
17 0.5947594275 0.59807813 0.6000505125 0.60639694375 0.5990369050000001 0.607787655 0.60049472375 0.6063505450000001 0.6103337625 0.5970427675 0.6151640175 0.5758380912500001 0.6174639362500001 0.55785488125 0.6045424125000001 0.5680760699999999 0.6000608775 0.57741567 0.59022183875 0.58672344875 0.5947594275 0.59807813
17 0.6104209125 0.5307932237499999 0.62129783125 0.53438855 0.634194455 0.54309580375 0.636199625 0.53815489625 0.63518873125 0.525840405 0.637893425 0.5166864025 0.63514512625 0.4956819025 0.63657116 0.48784432625 0.6295032375 0.47971110875 0.62265119375 0.4762868025 0.6178728225 0.47915165125000003 0.6149667825 0.49364957750000005 0.6129076437500001 0.49741325625 0.6126668625 0.51163278625 0.61157709875 0.51706950875 0.6104209125 0.5307932237499999
17 0.5445490550000001 0.34013532875 0.55244934375 0.32748146499999997 0.55071194 0.318791455 0.538379915 0.30292803875 0.52727466625 0.3040880225 0.5185669125 0.31860052625 0.5203043175 0.327290535 0.532513865 0.33074666375 0.53344380625 0.3412953125 0.5445490550000001 0.34013532875
17 0.4658616425 0.39566911625 0.45974855750000004 0.3791561075 0.44190957124999997 0.350264965 0.45800906875 0.35094904499999996 0.4719788375 0.32464968624999996 0.449849295 0.32873549375000005 0.43679284625000003 0.33601361375000005 0.4286621425 0.33390573375000004 0.4276512475 0.3215912425 0.40997833875 0.3352658925 0.40944072499999995 0.34301067 0.39172629625 0.3460438725 0.37640936375 0.36242959375 0.36288380375 0.38868255375 0.38100092125 0.3749615025 0.40606348875000003 0.35696638125 0.4215298825 0.35357656374999996 0.42831550625 0.3652878625 0.437847345 0.37848660625 0.471920755 0.41100489625000003 0.4658616425 0.39566911625
17 0.48515787625 0.5829119500000001 0.5047301000000001 0.5814589925 0.5124830137499999 0.5753262812500001 0.51736723875 0.55529883375 0.51024534375 0.54598838875 0.503540675 0.53604293125 0.48583869625 0.5296119125 0.47352329374999996 0.54331838375 0.47152020875 0.567776345 0.48515787625 0.5829119500000001
17 0.44416600125 0.5552563475 0.454907995 0.55590860375 0.46520577875 0.5566072612499999 0.47336138375 0.5397867012500001 0.46536352000000003 0.521104835 0.4517403875 0.51602206375 0.44416600125 0.5552563475
17 0.4666380675 0.6073208462499999 0.4712545275 0.60092431625 0.471223375 0.5613015925 0.47543505875000003 0.546075855 0.48278319750000004 0.53111393625 0.48006396875 0.53021510375 0.46492348 0.5601853437500001 0.46271904875 0.5899872275 0.4666380675 0.6073208462499999
17 0.5883514787499999 0.34147432875 0.5719406125 0.32426266499999995 0.56125258625 0.324787635 0.55931592375 0.340958605 0.56121523625 0.35318029625 0.5674092762499999 0.37145914625000004 0.5714217 0.3810943875 0.59064311875 0.37198945 0.5883514787499999 0.34147432875
17 0.5952928737500001 0.5512992437500001 0.58308332625 0.547843115 0.5757061175 0.54269936625 0.58079377125 0.53684504875 0.5724202025 0.529439645 0.55146137875 0.5298545725 0.55179973375 0.54697077375 0.55633732375 0.558325455 0.5661908975 0.5590705100000001 0.5725447625000001 0.5613639887499999 0.57678551625 0.56624391875 0.58655813625 0.5652231325 0.58058206 0.57117024875 0.58090588 0.5782336137499999 0.59175581375 0.58124032625 0.6023089125 0.5777722875 0.5952928737500001 0.5512992437500001
17 0.55082416375 0.61331311375 0.5531407025 0.6248997924999999 0.5543820125 0.65197602875 0.561948115 0.6612400725 0.56229892 0.6688920525000001 0.5709942250000001 0.6638437687500001 0.577333555 0.6560844124999999 0.57087175 0.65143648 0.569686495 0.64505452625 0.57782965 0.6376981875 0.579511 0.62569391375 0.5880983624999999 0.618291175 0.5773833549999999 0.61822753125 0.57661532625 0.611210565 0.582522895 0.59403338875 0.5692900025000001 0.5877269900000001 0.57576634125 0.6024277575 0.56770414125 0.6115499387500001 0.5575412825 0.6137943525 0.55082416375 0.61331311375
