8 0.39817232375000006 0.71614583375 0.3350739775 0.71614583375 0.3350739775 0.69010416625 0.24586597125 0.6363932287499999 0.21975631 0.64778645875 0.22410792000000002 0.67057291625 0.19582245375 0.6640625 0.18059181875 0.67708333375 0.1370757175 0.64778645875 0.1087902525 0.67545572875 0.08920800749999999 0.73079427125 0.1174934725 0.74381510375 0.14577893749999998 0.7861328125 0.19147084374999998 0.82682291625 0.22628372500000002 0.84798177125 0.25239338624999996 0.88541666625 0.29155787624999996 0.89680989625 0.3111401225 0.9130859375 0.34377719749999996 0.9228515625 0.446040035 0.80891927125 0.43951262 0.79427083375 0.46562228 0.79752604125 0.48955613625 0.771484375 0.39817232375000006 0.71614583375
1 0.5874673625 0.6070963537499999 0.64621409875 0.6038411462500001 0.8006962575 0.5794270837500001 0.8442123587499999 0.5322265625 0.8268059187500001 0.517578125 0.75282854625 0.5224609375 0.83986074875 0.5045572912499999 0.8137510874999999 0.46223958375 0.8246301125 0.44596354125 0.82027850375 0.37760416625 0.7985204525 0.34993489625 0.71583986125 0.3759765625 0.5657093125 0.42154947875 0.45691906000000004 0.45247395875 0.45256745000000004 0.5094401037499999 0.50913838125 0.537109375 0.5417754575 0.5826822912499999 0.5874673625 0.6070963537499999
1 0.8028720625 0.5973307287499999 0.7832898174999999 0.5826822912499999 0.6984334200000001 0.595703125 0.59834638875 0.6070963537499999 0.665796345 0.64615885375 0.691906005 0.71126302125 0.7441253262499999 0.70149739625 0.7441253262499999 0.68359375 0.7811140125 0.6331380212500001 0.8028720625 0.5973307287499999
8 0.3546562225 0.6363932287499999 0.3263707575 0.65266927125 0.3416013925 0.66243489625 0.3328981725 0.68684895875 0.3372497825 0.7080078125 0.37859007875000006 0.7080078125 0.40252393374999995 0.70638020875 0.41340295875000005 0.69010416625 0.40905134875000004 0.66080729125 0.446040035 0.66569010375 0.43733681500000005 0.7177734375 0.51566579625 0.712890625 0.6179286337500001 0.69498697875 0.665796345 0.673828125 0.63533507375 0.6282552087500001 0.5570060925 0.5989583337500001 0.50696257625 0.5452473962500001 0.41122715374999996 0.5224609375 0.38294168874999995 0.5533854162499999 0.3742384675 0.595703125 0.3459530025 0.6282552087500001 0.3546562225 0.6363932287499999
11 0.72236727625 0.36783854125 0.7745865974999999 0.35970052125 0.7919930374999999 0.3466796875 0.7702349875 0.30436197875000004 0.74630113125 0.2880859375 0.71583986125 0.30110677124999996 0.700609225 0.31575520874999996 0.65491731875 0.32877604125 0.60704960875 0.33854166625 0.60487380375 0.35807291625 0.60704960875 0.38899739625 0.62445604875 0.400390625 0.691906005 0.3759765625 0.72236727625 0.36783854125
3 0.25021758 0.32552083375 0.29590948625 0.29134114624999996 0.27632724124999997 0.26692708374999996 0.19799825875 0.24739583375 0.14577893749999998 0.224609375 0.04786771124999999 0.263671875 0.0043516100000000005 0.31575520874999996 0.02610966 0.34993489625 0.06744995625 0.36946614625 0.14577893749999998 0.4345703125 0.17188859874999998 0.40201822875 0.2154047 0.3515625 0.25021758 0.32552083375
3 0.200174065 0.25227864624999996 0.14795474375 0.28157552124999996 0.07397737124999999 0.322265625 0.11314186250000001 0.35481770875 0.16971279375 0.3955078125 0.21975631 0.34505208375 0.256744995 0.32389322875 0.200174065 0.25227864624999996
8 0.60704960875 0.39388020875 0.60052219375 0.33854166625 0.62228024375 0.32877604125 0.60487380375 0.3125 0.46127067 0.341796875 0.450391645 0.3857421875 0.41775456875000005 0.43782552125 0.5417754575 0.4248046875 0.62228024375 0.40201822875 0.60704960875 0.39388020875
8 0.0913838125 0.71126302125 0.1000870325 0.68033854125 0.03698868625 0.6298828125 0.015230635 0.64453125 0.02393385625 0.66731770875 0.04786771124999999 0.69010416625 0.02393385625 0.7177734375 0.019582245 0.75520833375 0.04569190625 0.74544270875 0.08485639625 0.74381510375 0.08703220125 0.72102864625 0.0913838125 0.71126302125
3 0.15448215875000001 0.43131510375 0.02175805 0.34993489625 0.0021758050000000003 0.39225260375 0.0021758050000000003 0.43131510375 0.034812880000000004 0.44759114625 0.04455529125 0.43010047375 0.18276762375 0.48502604125 0.21105308999999997 0.498046875 0.20887728500000002 0.48502604125 0.14142732875 0.4541015625 0.15448215875000001 0.43131510375
3 0.034812880000000004 0.6331380212500001 0.0913838125 0.5745442712500001 0.08485639625 0.546875 0.1109660575 0.5485026037499999 0.13489991375000002 0.5126953125 0.0913838125 0.498046875 0.01305483 0.47200520875 0 0.6396484375 0.017406440000000002 0.64453125 0.034812880000000004 0.6331380212500001
