3 0.08823015625 0.33364631250000004 0.1071328325 0.37998850875 0.15757312125 0.41396310999999997 0.23302218875000003 0.44842830624999996 0.46659310249999997 0.42418074625 0.46312284499999995 0.39917903875 0.44616113875 0.3967685 0.4593217275 0.38676751875 0.44673099374999997 0.32600452750000003 0.44533777874999997 0.27104529 0.42229207125 0.25474995875 0.36064321374999997 0.24483979625 0.27735291375 0.243725345 0.10478018374999999 0.2731952475 0.08085585999999999 0.280517685 0.08823015625 0.33364631250000004
3 0.31884887500000003 0.6475032125 0.28925223 0.70380246375 0.32034501 0.71817785125 0.34219229125 0.74081294375 0.373935745 0.7598761525000001 0.4611300825 0.7891175250000001 0.47994088875 0.7898761224999999 0.57230400125 0.6616954800000001 0.590794995 0.64517607125 0.6304826 0.646603935 0.65125647875 0.6315577975 0.6529218400000001 0.53873866375 0.5921515975 0.5052107325 0.4974689925 0.43699352750000003 0.48713903875 0.43744019875 0.388041255 0.54704822875 0.31884887500000003 0.6475032125
3 0.86437284625 1 0.9190630274999999 0.9438066825 0.9189601075 0.92809128125 0.8518889749999999 0.8791159525000001 0.7388293425000001 0.8132653625 0.6422976375 0.7467000975000001 0.55999992625 0.7078150825 0.54368889125 0.7100923625 0.53781073 0.7276383725 0.486789535 0.7942959399999999 0.46850437874999995 0.84224615125 0.46947486374999997 0.86421198 0.537744425 0.9068475475 0.6316623849999999 0.9845297275 0.68488998875 1 0.86437284625 1
10 1 0.76240246 0.9573097525 0.72521893 0.9117550362500001 0.7114688800000001 0.8567379350000001 0.70441593 0.7823733224999999 0.67776376625 0.67385735375 0.6745961125 0.6552634387499999 0.67540012 0.6167632075 0.6975006912499999 0.608385275 0.71201082125 0.6107710762499999 0.72919949625 0.616421295 0.739959075 0.67849288375 0.782862645 0.809164895 0.855811595 0.90156462 0.92255552875 0.95973216875 0.9373321775 1 0.93676467625 1 0.76240246
15 0.48389326250000003 0.09960374 0.47238698625 0.04665378 0.48893169125 0.0217302975 0.48029493625 0.02134644125 0.41128588 0.02571603875 0.38538743625000005 0.07871140625 0.38852683125 0.1163033025 0.41102478625000005 0.14362621375 0.43733491125 0.15349245125 0.45712725374999996 0.1463486825 0.4811655475 0.12487345 0.48389326250000003 0.09960374
15 0.78028936 0.13866297125 0.77030131875 0.09665125875 0.76051912 0.08607034875 0.74149142125 0.0837491425 0.71017069875 0.09767934375 0.6845920649999999 0.16795272 0.73056951 0.2146961775 0.7450314450000001 0.21407083875000002 0.76928663 0.1941582125 0.7788629912499999 0.17330832125 0.78028936 0.13866297125
15 0.690440535 0.52454046 0.70774415375 0.48449261625 0.70188809625 0.44230223375 0.68243766625 0.40698762 0.66547595875 0.40457708125 0.62469284875 0.42520437875 0.6132673875 0.4477062125 0.610859485 0.49025393125 0.63737544875 0.53155096875 0.65563850375 0.5433371487499999 0.6719495375 0.54105986875 0.690440535 0.52454046
15 0.16004320249999998 0.79113273875 0.16166436 0.81778638625 0.1887280775 0.84805584375 0.18013325375 0.8610033687499999 0.1889339175 0.8794866450000001 0.21252737875000002 0.8847543975000001 0.23916836625 0.882030445 0.2414623 0.85363552125 0.27180148625 0.8476076887499999 0.28267919124999996 0.83613343625 0.28910510500000003 0.807559845 0.30889744875 0.80041607625 0.30979816625 0.71706191625 0.28762002124999997 0.70701701125 0.2713089875 0.70929429125 0.193440965 0.7472450075 0.16004320249999998 0.79113273875
10 0.28718624 0.7038917975 0.30024390749999996 0.6781754175 0.299707205 0.6593348025 0.28700250125 0.61272460375 0.268088775 0.5962506037499999 0.23363970875 0.5427207137500001 0.17994605375 0.48530701125 0.13635441 0.45575222875 0.1073386725 0.41141931 0.08592517375 0.3919094325 0.0436569775 0.31199389624999996 0.01500304375 0.28934441375 0.026401300000000003 0.5091679325 0.0621880475 0.774928225 0.10317699875000001 0.7857317275 0.14634591125 0.7822931037499999 0.16798735374999998 0.77349739375 0.195290065 0.7455930662500001 0.2171483975 0.7383599624999999 0.23955448375 0.72009927875 0.28718624 0.7038917975
10 1 0.34442727625 0.97236018375 0.3095640625 0.9096158200000001 0.32170906375 0.8738433062500001 0.31853992625 0.8468825074999999 0.30398586875 0.7853586712499999 0.2500547175 0.7550194849999999 0.25608255125 0.7400097975 0.26773547125 0.73880032 0.30394342875 0.75260053 0.32849846499999996 0.78522259875 0.32394390375 0.7920601937499999 0.35823191625 0.79039483125 0.45105105125 0.8293875575 0.5672638775 0.97144082375 0.7371837775 1 0.756939985 1 0.34442727625
10 0.34251276625000004 1 0.34427279499999996 0.9953845762500001 0.32700232625 0.9458278325 0.29265618125 0.908013345 0.246564765 0.8754226812500001 0.23569811000000002 0.8570287375 0.21047243875 0.8549755349999999 0.1729647975 0.83930554375 0.1535143675 0.8039909287499999 0.12861956 0.78934753875 0.06414006750000001 0.78899168625 0.08886564999999999 0.96712884875 0.10477869000000001 1 0.34251276625000004 1
