3 0.9672650875 0.4204679525 0.6254252112500001 0.14700019749999998 0.59619370875 0.1279257575 0.57766034375 0.12698414624999999 0.5641957587499999 0.10660005 0.5109944675 0.11515424125 0.41962350875 0.14920847375 0.3720229025 0.15171506875000002 0.3292876925 0.16642957500000002 0.3100190375 0.183743475 0.29591563125 0.21468766625000002 0.29901059750000003 0.2619842225 0.38120088875 0.35832791625 0.5603523675000001 0.51236573125 0.68057673125 0.6043096450000001 0.72460780875 0.62835742625 0.84150515 0.6610322737500001 0.8694807525 0.659380305 0.898673835 0.65510171 0.9235973900000001 0.6436746212500001 0.9592446975 0.61072843375 0.9737157487499999 0.57065648625 0.96838624125 0.53450355125 0.9564209075 0.521231345 0.934328465 0.44904815374999996 0.9662299475 0.437301085 0.9672650875 0.4204679525
3 0 0.51867150625 0.0199149625 0.5144581425 0.05061704375 0.49702156125 0.0652523575 0.47947226 0.11635469999999999 0.4609614225 0.14832397625000002 0.43866422 0.38449923875 0.37397407250000003 0.38456703374999995 0.36342394 0.31943953125 0.30453288 0.539123035 0.161611945 0.57952723875 0.12496828125000001 0.6008270499999999 0.12816116 0.6654226475 0.17365733125 0.66469780875 0.09411688874999999 0.6448685775 0.054412987499999996 0.6251358125 0.04778186500000001 0.489530395 0.0894387175 0.406294515 0.1077241125 0.38776115 0.10678250125 0.3612960925 0.08995932875 0.35076221500000004 0.09434914624999999 0.34659298499999996 0.11805876375 0 0.2085203 0 0.322034535 0.0084346425 0.32953904875 0.02179230875 0.41464632375 0.03368984875 0.43846866375 0 0.46831913000000003 0 0.51867150625
3 0.5996773787499999 0 0.62886960375 0.04375013375 0.65413526 0.05488379375 0.67809459875 0.1250511175 0.73435173625 0.21796652875 0.74451797 0.2227044675 0.77342095125 0.19673361875 0.7753556412499999 0.18416761999999998 0.79232196 0.18854747375 0.80569007875 0.17585879375000002 0.8114263537499999 0.14871093 0.79266093375 0.1357968075 0.8246588825000001 0.15712251625 0.88493143875 0.1060097075 0.8954653175 0.10161989249999999 0.90316495375 0.10552894125 0.924600355 0.08762155375000001 0.90612893875 0 0.5996773787499999 0
3 0.657065965 0.07965770625 0.6844305749999999 0.10074801000000001 0.723132145 0.08864285625000001 0.77405977375 0.14540533125 0.77005480375 0.19163759375 0.73645068625 0.22792317374999999 0.7416159337499999 0.241553465 0.8879377087500001 0.35944830625 0.89937113875 0.35932562375000004 0.904536385 0.37295591625 0.9374338837499999 0.39854875624999997 0.97293356875 0.4038702225 0.98533434125 0.39746454124999997 0.99011724 0.40027974625 0.99015484 0.39858775 0.9243005049999999 0.086199175 0.82562622625 0.15083951625 0.7933284275 0.12809143 0.8013670387499999 0.07924981375 0.77833592125 0.056972535000000005 0.6934365287500001 0.045623395000000004 0.6615350474999999 0.05737046375 0.657065965 0.07965770625
3 0.9085595750000001 0.46814251625 0.85918853875 0.5057377525 0.7264460312500001 0.58271865 0.7071773775 0.60003255 0.68954356375 0.6033580725000001 0.59018357125 0.53428492625 0.40946504625 0.38368535375 0.3811330925 0.36887804875 0.33713068749999997 0.38845317749999997 0.28672451250000003 0.4428815475 0.20990017125000002 0.6655285200000001 0.22469974374999999 0.67050186125 0.29270061125 0.6669210124999999 0.42430106 0.671496425 0.81993416 0.7000399275 0.9306702375 0.68174457125 0.9845000724999999 0.65305229375 0.98612625875 0.57987389 0.973348105 0.5797842425 0.9555787012499999 0.60421003125 0.9413110324999999 0.61263158 0.9230775174999999 0.613112345 0.91664507625 0.60434267375 0.9357885924999999 0.5103330875000001 0.92865998375 0.46564588375 0.9085595750000001 0.46814251625
3 0.983578955 0.694502555 0.9844749125 0.65418449625 0.9371704737500001 0.6799641099999999 0.9003358 0.6900533975 0.8063339875 0.7007560975 0.5382676937499999 0.67939735875 0.444033825 0.6781275474999999 0.440764145 0.7061042999999999 0.46835035750000004 0.8369630725 0.983578955 0.694502555
3 0.98354142 0.6961916375 0.52528544125 0.82437715 0.52381486125 0.8608881700000001 0.98173821125 0.77733606375 0.98354142 0.6961916375
3 0.46595155624999995 0.8255840487499999 0.4505522825 0.81776595 0.45882294625 0.780896845 0.43260039624999996 0.6782502300000001 0.3016674425 0.6659694412499999 0.21729995625 0.66801519125 0.1745647475 0.68272969875 0.167696865 0.6936379175 0.22215490249999997 0.77801905875 0.32774395375 0.887512275 0.39186828875 0.9815959775 0.52820459125 0.97553658625 0.646273765 0.941688465 0.6854498975 0.8557323787500001 0.6793851 0.83783495375 0.6497181575000001 0.8384384025 0.53308154375 0.86135897625 0.523718395 0.8278153937499999 0.4711168025 0.83921434125 0.46595155624999995 0.8255840487499999
3 0 0.60561528125 0.06517142875 0.92482911875 0.17508620125 0.79392054125 0.20302183750000002 0.77423269125 0.20172597125 0.7354704025 0.1698636125 0.69304442875 0.17299770125 0.68616794125 0.20803327375 0.667544385 0.21907038624999997 0.63292654875 0.21390514 0.61929625625 0.20127231125 0.6137294275 0.06590940125 0.5695628349999999 0 0.5792519775 0 0.60561528125
3 0 0.20699748625000003 0.34442624 0.1186522525 0.3617315325 0.07028144124999999 0.30799833374999996 0.06544074250000001 0.26180051 0.04198645 0.2178659 0.051011445 0.23460016374999998 0.0434187875 0.2334007625 0.0377292775 0 0.1016594675 0 0.20699748625000003
3 0.23221421625000002 0.84748017625 0.18188628874999999 0.79356245625 0.0645717275 0.92198436375 0.08005981875 0.9954541312499999 0.12252397125 0.99356683625 0.23581241875 0.86454871125 0.23221421625000002 0.84748017625
3 0.37114541500000003 0 0.31140360125 0.01636372375 0.27906668 0.04778868125 0.278399185 0.05549405875 0.29873165125 0.06496993625 0.3617315325 0.07028144124999999 0.36316298750000003 0.087943465 0.40412776875 0.10831759875 0.5759003662500001 0.06427683499999999 0.6270027075 0.045766 0.6005771325 0 0.37114541500000003 0
