3 0.24455825874999998 0.2040816325 0.26760563375 0.26020408125 0.259923175 0.29081632625000003 0.35979513500000004 0.594387755 0.38668373875 0.64795918375 0.47631242 0.7627551025 0.48527528750000004 0.75765306125 0.51856594125 0.6454081637500001 0.54161331625 0.63265306125 0.546734955 0.6862244900000001 0.5825864275 0.80357142875 0.5825864275 0.8545918362499999 0.57618437875 0.86479591875 0.5633802812500001 0.8596938774999999 0.5275288087500001 0.7933673475 0.50320102375 0.7321428575 0.498079385 0.74489795875 0.5569782325 0.86734693875 0.57618437875 0.87755102 0.5877080662499999 0.8622448975 0.594110115 0.83928571375 0.5889884762500001 0.78571428625 0.56594110125 0.721938775 0.55185659375 0.66071428625 0.5531370037500001 0.62755102 0.57234315 0.6122448975 0.56466069125 0.52551020375 0.54161331625 0.4183673475 0.51728553125 0.346938775 0.47887324 0.27551020375 0.42893726 0.219387755 0.3713188225 0.19132653000000002 0.358514725 0.19387755125000003 0.34955185624999996 0.21173469375 0.34058898875 0.20918367375 0.311139565 0.16326530625 0.2970550575 0.10459183625 0.28297055 0.0765306125 0.2471190775 0.05867347 0.23303457125000002 0.10204081625 0.23047375125 0.13010204125 0.24455825874999998 0.2040816325
15 0.14212548 0.44897959125 0.1792573625 0.41326530624999996 0.20870678625 0.39795918375 0.22023047375000002 0.38010204125 0.20614596625 0.36224489749999994 0.21895006375 0.346938775 0.213828425 0.33673469375000004 0.15877080625 0.3316326525 0.10243277875000001 0.34948979625 0.1075544175 0.42857142875 0.14212548 0.44897959125
15 0.72606763625 0.6737695075000001 0.7335994575 0.61074429875 0.7027189875000001 0.592737095 0.6786171575000001 0.6002400975 0.6718385175 0.60924369625 0.67409806375 0.6212485 0.64171123 0.6152461 0.6266475862499999 0.61674669875 0.64321759375 0.6737695075000001 0.622881675 0.7052821125 0.61610303625 0.7307923162500001 0.6673194250000001 0.69477791125 0.70045944125 0.6842737087499999 0.7057317175 0.69477791125 0.72606763625 0.6737695075000001
15 0.49559388499999996 0 0.49107479125 0.054021610000000005 0.4797770575 0.07352941125 0.46019432125000004 0.08103241374999999 0.45492204625 0.11554622 0.44814340625 0.14705882375 0.43533930875000004 0.160564225 0.43157339875 0.18457382875 0.4180161175 0.19957983124999998 0.43006703375 0.219087635 0.43307976125000003 0.2040816325 0.4880620625 0.13355342125 0.52572117125 0.06302520875 0.5445507275 0 0.49559388499999996 0
15 0.06552685125 0.35264105625 0.05347593625 0.30612244875 0.001506365 0.31662665 0 0.41866746624999995 0.02184228375 0.37965186 0.0301272875 0.39015606124999996 0.040671838749999994 0.340636255 0.06552685125 0.35264105625
15 0.19356782500000003 0.69327731125 0.16193417125 0.66326530625 0.13858552375 0.6662665074999999 0.11824960375 0.6677671075 0.08812231625000001 0.68277311 0.08586277125000001 0.6962785100000001 0.08812231625000001 0.70078031125 0.10996460000000001 0.712785115 0.170219175 0.7232893162499999 0.18754236625 0.720288115 0.19356782500000003 0.69327731125
15 0.025608195 0.77581032375 0.03389319875 0.7593037225 0.03991865625 0.8253301325 0.05196957125 0.88235294125 0.06402048625 0.95138055125 0.087369135 0.93337335 0.07757776625 0.88085234125 0.0798373125 0.8553421375000001 0.0677863975 0.778811525 0.04895684250000001 0.712785115 0.03163365125 0.712785115 0.0233486475 0.71428571375 0.01506364375 0.73679471625 0.01732319125 0.77731092375 0.001506365 0.78481392625 0 0.80582232875 0.013557278749999999 0.8043217300000001 0.025608195 0.77581032375
15 0 0.07202881125 0.00301272875 0.06602641125 0.029374104999999998 0.08103241374999999 0.05196957125 0.07052821125 0.07079912625000001 0.05102040875 0.08586277125000001 0.090036015 0.10921141875 0.11404561749999999 0.1574150775 0.12004801999999999 0.18151690875 0.10054021625000001 0.20411237499999998 0.12755102000000001 0.2033591925 0.0840336125 0.16720644624999997 0.03301320375 0.12352188 0.00300120125 0.08360322375000001 0.00300120125 0 0 0 0.07202881125
15 0.04443774875 0.5822328925 0.0384122925 0.55972389 0.0301272875 0.5612244900000001 0.02108910125 0.54771908625 0.01506364375 0.55672268875 0.008285003749999999 0.52671068375 0.0022595462499999997 0.55072028875 0 0.6437575025 0.001506365 0.71578631375 0.001506365 0.72178871375 0.02410183 0.66926770625 0.03389319875 0.63925570125 0.0248550125 0.57322929125 0.04443774875 0.5822328925
15 0.046697296250000006 0.93337335 0.0436845675 0.903361345 0.02711456 0.8883553412499999 0.0022595462499999997 0.87785114 0.00376591 0.9453781499999999 0.032386835 0.9468787525000001 0.06025457625 0.9963985587499999 0.06552685125 0.96638655375 0.046697296250000006 0.93337335
15 0.17850418 0.22358943625 0.16193417125 0.24759904124999998 0.1468705275 0.2716086425 0.13858552375 0.2941176475 0.14084507000000002 0.2941176475 0.15364916750000002 0.31212485 0.1807637275 0.2641056425 0.19808691625000002 0.19057622999999999 0.17850418 0.22358943625
15 0 0.25960384125 0.02862092375 0.28361344625 0.06628003375 0.2941176475 0.087369135 0.24759904124999998 0.07155230875 0.2340936375 0.06251412125 0.24309724 0.040671838749999994 0.2340936375 0.02711456 0.21008403375 0.01581682625 0.2115846325 0 0.21458583375 0 0.25960384125
15 0.06477366875 0.76080432125 0.07757776625 0.8223289312500001 0.08059049375 0.7653061225000001 0.07833094874999999 0.6452581025 0.0384122925 0.67226890875 0.03991865625 0.712785115 0.049710023750000006 0.7037815125 0.06477366875 0.76080432125
15 0.66882578875 0.99039615875 0.66129396625 0.94237695125 0.64547714125 0.909363745 0.63267304375 0.8883553412499999 0.59652029875 0.8658463387499999 0.55660164125 0.88985594125 0.5641334637500001 0.91386554625 0.55886118875 0.9528811525 0.571665285 0.99489795875 0.6176094 0.99489795875 0.6733448825 0.99789916125 0.66882578875 0.99039615875
15 0.7320930937500001 0.94087635 0.7358590037499999 0.93187275 0.732846275 0.9168667475 0.7396249149999999 0.89885954375 0.75544174125 0.8388355337500001 0.77351811375 0.81782713 0.7795435712500001 0.79081632625 0.7795435712500001 0.7623049212499999 0.7870753924999999 0.7472989187500001 0.78255630125 0.71728691625 0.77502447875 0.7082833137500001 0.7644799287499999 0.6962785100000001 0.7524290125 0.70978391375 0.74263764375 0.7427971200000001 0.7185358137500001 0.7668067225 0.70648489875 0.81632653 0.7185358137500001 0.840336135 0.6974467125 0.8733493387500001 0.70121262375 0.9003601425 0.71175717375 0.91986794625 0.7049785337500001 0.9258703475 0.7072380812500001 0.9633853550000001 0.7079912625 0.98889555875 0.7072380812500001 0.99489795875 0.73736536875 1 0.7381185499999999 0.95888355375 0.746403555 0.9453781499999999 0.7320930937500001 0.94087635
15 0.4556752275 0.17256902749999997 0.44663704125000003 0.18607442875 0.44513067749999996 0.20258103375 0.44513067749999996 0.22659063499999998 0.45190931624999997 0.24309724 0.46697296 0.25660264 0.48354296875 0.27611044375 0.4812834225 0.2115846325 0.4933343375 0.165066025 0.4797770575 0.14555822499999999 0.4556752275 0.17256902749999997
15 0.6243880399999999 0.39915966375000006 0.6243880399999999 0.36164465874999996 0.61610303625 0.32112845125 0.6048053025 0.26260504125 0.59727348 0.20108043124999997 0.59275438625 0.17707082875000002 0.59501393375 0.16206482625 0.58672893 0.13355342125 0.56563982875 0.12755102000000001 0.5701589225 0.17857142875 0.57693756125 0.20708283375 0.5776907437500001 0.25960384125 0.58371620125 0.27611044375 0.57467801375 0.2896158475 0.5791971075 0.31812725000000003 0.5791971075 0.34813925500000004 0.57844392625 0.38415366125 0.5754311975 0.43517406875 0.57844392625 0.469687875 0.59275438625 0.46518607375000004 0.6063116675 0.46368547499999996 0.61384348875 0.40366146375 0.6243880399999999 0.39915966375000006
15 0.78632221125 0.35414165500000006 0.78556903 0.3196278525 0.78029675375 0.28511404625000003 0.7787903887500001 0.23259303875 0.7818031175 0.1980792325 0.79385403375 0.1380552225 0.7923476687500001 0.10654261749999999 0.7885817575 0.06752701 0.7795435712500001 0.028511405 0.7780372074999999 0.00450180125 0.7674926562500001 0.0015006 0.7546885600000001 0.060024009999999996 0.746403555 0.1440576225 0.7456503725 0.19357743125 0.7396249149999999 0.25960384125 0.7584544699999999 0.30612244875 0.763726745 0.37214886 0.784062665 0.4171668675 0.78481584625 0.42016806625 0.7870753924999999 0.42466986749999996 0.78632221125 0.35414165500000006
15 1 0.5087034825 0.97536808125 0.4861944775 0.96105761875 0.4831932775 0.9399685175000001 0.47268907624999995 0.92942396625 0.47418967625 0.91210077625 0.45168067375 0.8842330350000001 0.44267707125 0.8503398362500001 0.44267707125 0.81268072625 0.43967587 0.7833066212500001 0.43967587 0.7938511712499999 0.475690275 0.84130164875 0.51020408125 0.86239075 0.49819927999999997 0.8729353025000001 0.51920768375 0.8962839499999999 0.53421368625 0.9354494237500001 0.589735895 0.9587980712499999 0.6212485 0.97687444375 0.60924369625 0.9949508174999999 0.589735895 1 0.56422569125 1 0.5087034825
15 0.57844106375 0.5492196887499999 0.592751525 0.58073229375 0.6161001724999999 0.60174069625 0.63267018125 0.61074429875 0.650746555 0.6152461 0.650746555 0.60174069625 0.6733420200000001 0.598739495 0.68765248125 0.5822328925 0.6831333875 0.5447178875 0.661291105 0.49369748 0.650746555 0.5087034825 0.59199834375 0.49819927999999997 0.59501107125 0.4861944775 0.5626242375 0.46518607375000004 0.57015605875 0.48919567875 0.5746751525 0.5222088825 0.57844106375 0.5492196887499999
15 0.84883347125 0 0.86239075 0.058523408750000006 0.88046712375 0.10654261749999999 0.891011675 0.13505402 0.9023094075 0.17857142875 0.92867078375 0.21608643375 0.93695578875 0.19207683125 0.9301771487499999 0.1500600225 0.9188794162499999 0.14105642375 0.9143603225 0.11854741875000001 0.9023094075 0.11104441874999998 0.9015562250000001 0.09453781624999999 0.89327122125 0.0765306125 0.8872457625 0.0465186075 0.88046712375 0 0.84883347125 0
15 0.8141870912500001 0.24009603875 0.7938511712499999 0.24909963999999998 0.81719982 0.282112845 0.83753573875 0.2956182475 0.8480802887500001 0.28511404625000003 0.853352565 0.32563025250000005 0.8616375687500001 0.35264105625 0.8714289375 0.37965186 0.88498621625 0.39915966375000006 0.9015562250000001 0.38265306125000004 0.90306258875 0.42016806625 0.91737305125 0.43067226750000004 0.9188794162499999 0.4531812725 0.92867078375 0.4606842725 0.9287084425000001 0.4606842725 0.9301771487499999 0.40216086500000003 0.92867078375 0.34363745375 0.9105944112500001 0.282112845 0.870675755 0.24009603875 0.8352761925 0.22208883624999998 0.8141870912500001 0.24009603875
15 0.96482352875 0.38265306125000004 0.97838080875 0.44417767124999996 0.9881721775 0.4546818725 0.9881721775 0.40216086500000003 1 0.4171668675 0.99645718125 0.38865546125 0.99946991 0.2641056425 0.96783625875 0.24759904124999998 0.95352579625 0.27611044375 0.9505130675 0.2641056425 0.9512662500000001 0.23259303875 0.9490067025000001 0.1965786325 0.93394305875 0.20258103375 0.9301771487499999 0.21308523499999998 0.8970371325000001 0.17106842875000003 0.8563652937499999 0.14255702250000002 0.8209657300000001 0.11704681875 0.85561211125 0.18157263 0.8367825562500001 0.17106842875000003 0.83753573875 0.22208883624999998 0.8729353025000001 0.24309724 0.9105944112500001 0.28061224500000004 0.92716442 0.3391356525 0.9346962424999999 0.39765906375 0.94674715625 0.41416566625 0.95201943125 0.400660265 0.963317165 0.415666265 0.96482352875 0.38265306125000004
15 0.87594772875 0.69927971125 0.8556118100000001 0.7082833137500001 0.84883317 0.7307923162500001 0.85711817375 0.7427971200000001 0.8510927175 0.7713085225 0.83753543625 0.74879952 0.82247179375 0.7352941175 0.8187058825 0.74879952 0.77803404375 0.712785115 0.78481268375 0.7247899162500001 0.7908381412500001 0.75330132125 0.7840595025 0.75630252 0.77878722625 0.8028211275 0.7825531375 0.82082833125 0.78707223 0.82983193375 0.781799955 0.8538415362499999 0.79008495875 0.8553421375000001 0.7946040525 0.86884753875 0.7840595025 0.9108643475 0.79535723375 0.9258703475 0.7983699625 0.95138055125 0.8217186112500001 0.9348739487500001 0.8345227075 0.9528811525 0.847326805 0.94387755125 0.85862453875 0.97238895625 0.867662725 0.9558823525 0.87142863625 0.967887155 0.87896045875 0.9453781499999999 0.884985915 0.9468787525000001 0.8872454625 0.9168667475 0.89477728375 0.94237695125 0.90607501625 0.9258703475 0.8992963775 0.89735894375 0.90607501625 0.8868547425 0.90833456375 0.85984393875 0.89402440375 0.8253301325 0.90004986 0.7878151250000001 0.887998945 0.774309725 0.88799864375 0.7728091225 0.8887518262499999 0.7277911175 0.87594772875 0.69927971125
15 0.9181259325000001 0.7653061225000001 0.9271641175 0.76080432125 0.93695548625 0.7277911175 0.93921503375 0.7052821125 0.9429809450000001 0.68127251 0.9452404912500001 0.67226890875 0.94825322 0.6197478975 0.9399682149999999 0.6197478975 0.936202305 0.60174069625 0.93093003 0.6077430975 0.9249045725 0.585234095 0.9166195675000001 0.59573829625 0.9166195675000001 0.57172869125 0.90833456375 0.58073229375 0.9030622875000001 0.57172869125 0.8940241025 0.57773109125 0.8857390975 0.58673469375 0.8774540937499999 0.585234095 0.87896045875 0.6002400975 0.8691690900000001 0.589735895 0.8729349999999999 0.6122448975 0.8638968137499999 0.6077430975 0.86464999625 0.6317527012499999 0.8654031775 0.6452581025 0.87067545375 0.65576230625 0.867662725 0.68577430875 0.87971364 0.7082833137500001 0.8872454625 0.73229291875 0.88950500875 0.75330132125 0.8925177375 0.75180072 0.89327091875 0.7578031224999999 0.8992963775 0.7668067225 0.90607501625 0.76830732375 0.912100475 0.77581032375 0.9181259325000001 0.7653061225000001
15 0.9565382237500001 0.9693877550000001 0.9527723125 0.9528811525 0.94599367375 0.92136854875 0.9490064024999999 0.88985594125 0.94373412625 0.8943577425 0.94222776125 0.8703481399999999 0.93469594 0.8553421375000001 0.92791730125 0.8718487399999999 0.91737275 0.8643457375 0.90984092875 0.8868547425 0.8977900124999999 0.88985594125 0.91059411 0.93187275 0.9068282000000001 0.9243697475 0.91887911375 0.95888355375 0.93695548625 0.98139255625 0.94448730875 0.967887155 0.9565382237500001 0.9693877550000001
15 0.9964540175000001 0.99489795875 0.99946674625 0.68277311 0.97084582375 0.69327731125 0.9587949087500001 0.718787515 0.9474971750000001 0.67226890875 0.940718535 0.6842737087499999 0.95276945125 0.73679471625 0.95578217875 0.78331332625 0.97235218875 0.81782713 0.98139037375 0.8013205275 0.9806371925 0.8373349337499999 0.96933946 0.8883553412499999 0.9776273249999999 0.88985594125 0.9813932375000001 0.9348739487500001 0.98967824125 0.976890755 0.9926881075 0.9693877550000001 0.9934412887499999 0.97388955625 0.9964540175000001 0.99489795875
15 0.9331867149999999 0 0.9286676212499999 0.030012004999999998 0.94674399375 0.058523408750000006 0.954275815 0.08103241374999999 0.961054455 0.12004801999999999 0.978377645 0.1680672275 0.9911817424999999 0.18907563 1 0.21008403375 0.9979603825 0 0.9331867149999999 0
15 0.66053475875 0.43367347 0.65526248375 0.408163265 0.66128794125 0.36014405875 0.6477306625 0.3391356525 0.64321156875 0.31062425 0.6341733825 0.25960384125 0.62664156125 0.27611044375 0.61986292 0.3016206475 0.6236288325 0.3196278525 0.6153438274999999 0.31512605125 0.6236288325 0.35414165500000006 0.62664156125 0.38265306125000004 0.6334202 0.40366146375 0.63643293 0.43817527 0.6658070349999999 0.47418967625 0.66053475875 0.43367347
15 0.59952700125 0.6497599024999999 0.610824735 0.658763505 0.6160970100000001 0.6422569025 0.63191383625 0.68577430875 0.64095202125 0.664765905 0.62513519625 0.6197478975 0.621369285 0.6062424974999999 0.5980206375 0.589735895 0.58145062875 0.55972389 0.57467199 0.531212485 0.5656338025000001 0.53421368625 0.5709060775 0.6122448975 0.56111470875 0.61674669875 0.56337425625 0.63325330125 0.58295699375 0.6227490999999999 0.58822926875 0.6362545025 0.59877382 0.61074429875 0.59952700125 0.6497599024999999
15 0.87217895625 0.70078031125 0.86540031625 0.6842737087499999 0.86690668125 0.6527611050000001 0.8623875875 0.6272509000000001 0.864647135 0.60324129625 0.8661534974999999 0.585234095 0.8435580337499999 0.5582232887499999 0.8390389399999999 0.5387154875 0.8156902925 0.5132052837500001 0.7855630037500001 0.5237094849999999 0.79761391875 0.5612244900000001 0.80966483375 0.6137454975 0.8254816599999999 0.6422569025 0.8300007524999999 0.6962785100000001 0.8412984862499999 0.7232893162499999 0.84581757875 0.73679471625 0.8548557662499999 0.7037815125 0.87217895625 0.70078031125
15 0.796107555 0.31362544875000004 0.7870693675 0.3871548625 0.7915884612499999 0.43217287 0.8315071175 0.44117647 0.81493710875 0.35264105625 0.796107555 0.31362544875000004
15 0.8443112150000001 0.44117647 0.8443112150000001 0.43217287 0.90230624375 0.45018007125 0.91962943375 0.4606842725 0.916616705 0.42767106875000005 0.899293515 0.42466986749999996 0.8789575949999999 0.43817527 0.87971077875 0.41266506625 0.8691662275 0.39765906375 0.8691662275 0.43667467125000003 0.85410258375 0.36164465874999996 0.8262348425 0.37815126 0.84177418 0.4312251225 0.84054530375 0.43367347 0.8412984862499999 0.43367347 0.8428048499999999 0.43517406875 0.8435580337499999 0.43517406875 0.8443112150000001 0.44117647
15 0.442865105 0 0.44135874 0.03451380625 0.44813738000000003 0.060024009999999996 0.44512465125 0.07503001249999999 0.44813738000000003 0.090036015 0.45566920250000004 0.08853541375000001 0.45943511375 0.07803121125 0.47449875625 0.07352941125 0.47148602875 0.04051620625 0.46244784250000004 0 0.442865105 0
15 0.39089553375 0.79081632625 0.37733825375 0.78481392625 0.37281916125000003 0.80582232875 0.37658507125 0.834333735 0.37884461875 0.840336135 0.41123145375 0.8883553412499999 0.43759283000000004 0.9168667475 0.42554191375 0.8568427375000001 0.39089553375 0.79081632625
15 0.6160970100000001 0.160564225 0.5927483625 0.13955582125 0.5965142725 0.1680672275 0.59576109125 0.18157263 0.5980206375 0.20558223250000002 0.60555246 0.1965786325 0.634926565 0.219087635 0.65752203125 0.23859543875 0.64999020875 0.1980792325 0.6160970100000001 0.160564225
15 0.15740905375 0.6452581025 0.16795360375 0.65576230625 0.1860299775 0.60324129625 0.18075770124999999 0.5762304925 0.15590268875 0.55672268875 0.1468645025 0.55972389 0.140839045 0.55072028875 0.125781275 0.55672268875 0.13180085875 0.58673469375 0.17397906124999998 0.5882352937499999 0.16494087624999998 0.60174069625 0.14611132 0.6197478975 0.15740905375 0.6452581025
15 0.430820215 0.18757503 0.43383294375 0.15606242625 0.44588385875000003 0.151560625 0.44663704125000003 0.12454981875 0.45266249875 0.08703481375000001 0.42856066875000004 0.04051620625 0.4232883925 0 0.406718385 0.00300120125 0.39090156 0.013505402500000001 0.38562928375 0.0525210075 0.3728251875 0.099039615 0.37960382625 0.11554622 0.3818633725 0.1365546225 0.3886420125 0.12004801999999999 0.38035700875000006 0.18457382875 0.39768019875 0.19957983124999998 0.41650975375 0.20858343375 0.430820215 0.18757503
15 0.54605709125 0.62575030125 0.53174663 0.6272509000000001 0.5189425325 0.6452581025 0.50764479875 0.6752701075 0.50237252375 0.7037815125 0.54003163375 0.7277911175 0.5663930100000001 0.7352941175 0.5483166374999999 0.6752701075 0.54605709125 0.62575030125
15 0.54681027375 0.35414165500000006 0.55132936625 0.36164465874999996 0.5618739162499999 0.33763505375 0.5626270999999999 0.30312124749999997 0.5618739162499999 0.25210083875 0.53249981125 0.2956182475 0.5129170737500001 0.32112845125 0.52572117125 0.36764705875 0.5392784525 0.39765906375 0.54681027375 0.35414165500000006
15 0.49107479125 0.88235294125 0.49258115500000005 0.8958583450000001 0.50237252375 0.89885954375 0.50237252375 0.93637455125 0.5068916175 0.94987995125 0.5242148075 0.9228691474999999 0.53325299375 0.8928571425 0.5392784525 0.88235294125 0.5370189049999999 0.847839135 0.540784815 0.8358343337499999 0.52798071875 0.8268307325 0.52120208 0.8388355337500001 0.5272275362500001 0.80582232875 0.51442343875 0.7818127250000001 0.5001129774999999 0.74429772 0.4918279725 0.73829531875 0.48580251625000004 0.7668067225 0.4865556975 0.76980792375 0.4880620625 0.82082833125 0.48203660374999996 0.81782713 0.48354296875 0.8628451375 0.49107479125 0.88235294125
15 0.34269789875 0.20858343375 0.35098290249999997 0.19207683125 0.351736085 0.17256902749999997 0.3577615425 0.1680672275 0.35550199624999995 0.1380552225 0.36604654625 0.160564225 0.37056564000000003 0.17857142875 0.37809746250000004 0.17857142875 0.3728251875 0.12905162 0.37056564000000003 0.060024009999999996 0.35474881375 0.0765306125 0.338178805 0.11104441874999998 0.35022972125 0.1125450175 0.34119153375000005 0.12905162 0.327634255 0.12454981875 0.31181742875 0.151560625 0.3216087975 0.17256902749999997 0.33215334875 0.18907563 0.34269789875 0.20858343375
15 0.883482715 0.98289315875 0.85787452 0.970888355 0.84582360375 0.9453781499999999 0.8367854187499999 0.970888355 0.8141899524999999 0.93637455125 0.80967085875 0.99039615875 0.82925359625 0.99939976 0.86239361375 0.99789916125 0.887248625 0.99789916125 0.883482715 0.98289315875
15 0.269639225 0.8388355337500001 0.2771710475 0.88085234125 0.296753785 0.9258703475 0.31934925125 0.99489795875 0.33064698375 0.95888355375 0.320855615 0.8958583450000001 0.28169014125 0.82983193375 0.269639225 0.8388355337500001
15 0.5912480225 0.0015006 0.59049484125 0.007502999999999999 0.61233712375 0.030012004999999998 0.63787800875 0.0009341175 0.5912480225 0.0015006
15 0.72531445375 0.03451380625 0.7147699025 0 0.63972140125 0.0009117250000000001 0.6673194250000001 0.025510203749999998 0.69443398375 0.03301320375 0.69895307625 0.06602641125 0.69292762 0.08853541375000001 0.70648489875 0.0765306125 0.72380809 0.07202881125 0.72531445375 0.03451380625
15 0.1483768925 0.5522208875 0.15892144249999998 0.51770708125 0.15138962125 0.4531812725 0.1363259775 0.47268907624999995 0.12653460875 0.49519807875 0.11523687625000001 0.55372149 0.10996460000000001 0.56722689 0.10393914374999999 0.598739495 0.11373051125 0.6272509000000001 0.12653460875 0.592737095 0.12653460875 0.5522208875 0.14009188875 0.54021608625 0.1483768925 0.5522208875
