16 0.29951690875000003 0.47759283 0.24275362375 0.498079385 0.22946859875 0.50832266375 0.17270531375 0.5108834825 0.16425120750000002 0.51600512125 0.16304347875000003 0.50704225375 0.15096618375 0.50832266375 0.1533816425 0.5339308575 0.194444445 0.65044814375 0.20169082124999999 0.6555697825 0.2222222225 0.740076825 0.24154589375000002 0.7900128037499999 0.25241545875 0.90396927 0.26449275375 0.9462227912500001 0.27053140124999997 0.9539052499999999 0.30917874375 0.94494238125 0.3647343 0.9026888599999999 0.42874396124999997 0.8809218950000001 0.46135265750000004 0.86171574875 0.48067632875 0.8437900125 0.44685990375 0.73495518625 0.40942028999999996 0.5877080662499999 0.397342995 0.5582586425 0.3647343 0.42253521125 0.3574879225 0.40076824625 0.3478260875 0.39820742625 0.29951690875000003 0.405889885 0.307971015 0.46606914250000003 0.29951690875000003 0.47759283
16 0.42391304375 0.3815621 0.41908212499999997 0.38668373875 0.374396135 0.402048655 0.37077294625 0.4174135725 0.39975845374999996 0.545454545 0.41545893749999996 0.5889884762500001 0.45652173875 0.75672215125 0.47705314 0.82842509625 0.4842995175 0.8412291937499999 0.48913043500000003 0.8412291937499999 0.51328502375 0.81562099875 0.63768116 0.7759282975 0.67391304375 0.7810499362500001 0.6763285025000001 0.7733674775 0.5676328500000001 0.38924455874999997 0.5531400962499999 0.38540332875 0.47946859875000003 0.39436619749999996 0.47342995125000004 0.355953905 0.4601449275 0.34058898875 0.45048309125 0.33674775875 0.43719806749999995 0.33930857875000003 0.43115941999999996 0.34571062750000003 0.42391304375 0.3815621
16 0.5736714975 0.3815621 0.5724637675 0.39948783624999995 0.6449275362500001 0.64660691375 0.67874396125 0.77976952625 0.7596618362499999 0.77848911625 0.78260869625 0.7669654287500001 0.79347826125 0.74263764375 0.807971015 0.736235595 0.82004830875 0.70806658125 0.82608695625 0.6683738800000001 0.81763285 0.66581306 0.81642512125 0.66069142125 0.82608695625 0.63508322625 0.8272946862499999 0.59154929625 0.8393719812499999 0.549295775 0.8381642512499999 0.5339308575 0.7657004825 0.33418694000000004 0.73671497625 0.35211267625 0.68599033875 0.35339308625 0.6642512075 0.32906530125000005 0.6485507250000001 0.3226632525 0.624396135 0.33162612 0.59903381625 0.37516005125 0.5736714975 0.3815621
16 0.0289855075 0.450704225 0.06763285 0.46991037124999996 0.10024154625 0.47759283 0.13043478249999998 0.49295774625 0.17995169125 0.50832266375 0.20048309125 0.50832266375 0.26690821249999996 0.49295774625 0.29347826125 0.48015364875000005 0.30434782625 0.47247119125 0.306763285 0.46094750375 0.28381642500000004 0.3956466075 0.24275362375 0.33034571125 0.16666666625 0.25352112625 0 0.31370038375 0.0048309175 0.36107554375 0.0289855075 0.450704225
16 0 0.30089628625 0.01328502375 0.30601792625 0.03019323625 0.30345710625 0.17391304375 0.2522407175 0.20772946874999998 0.29449423875 0.2439613525 0.32778489125 0.2439613525 0.2522407175 0.2342995175 0.2253521125 0.17512077250000002 0.1574903975 0.16183574875 0.13572343125 0.13768116 0.11139564625000001 0.13043478249999998 0.11139564625000001 0 0.15364916750000002 0 0.30089628625
16 0.30917874375 0 0.17512077250000002 0.023047375 0.1992753625 0.14724711875000002 0.23067632875000002 0.213828425 0.237922705 0.213828425 0.2330917875 0.1805377725 0.23550724625 0.1549295775 0.3816425125 0.13444302125 0.37801932375 0.0806658125 0.36111111125 0 0.30917874375 0
16 0.41062801875 0 0.37681159375 0.021766965 0.374396135 0.03201024375 0.39492753625 0.09218950124999999 0.41787439625 0.13956466125 0.42874396124999997 0.19846350875 0.466183575 0.19846350875 0.4589371975 0.1549295775 0.46256038625 0.14340589 0.5797101450000001 0.12548015375 0.59903381625 0.03072983375 0.5748792275 0 0.41062801875 0
16 0.24758454125 0.27400768249999996 0.28381642500000004 0.38028169 0.29468599 0.39436619749999996 0.31400966125 0.39820742625 0.37318840625 0.39692701625 0.398550725 0.38924455874999997 0.3816425125 0.36491677375000003 0.34903381625 0.36363636374999997 0.29347826125 0.31754161375 0.29227053125 0.309859155 0.29951690875000003 0.2996158775 0.32004830875 0.29065300875 0.33937198125 0.29193341875 0.35386473375 0.30089628625 0.41062801875 0.3674775925 0.420289855 0.3700384125 0.42512077249999997 0.36363636374999997 0.44082125625 0.262483995 0.4263285025 0.20486555750000002 0.41908212499999997 0.14340589 0.41304347874999997 0.13188220250000002 0.40338164249999997 0.13188220250000002 0.23188405750000002 0.15877080625 0.23550724625 0.22279129375 0.24758454125 0.27400768249999996
16 0.47463768125 0.37772087125 0.48067632875 0.3930857875 0.5845410625 0.37772087125 0.580917875 0.36235595375 0.5712560387500001 0.35083226625 0.5519323675 0.3444302175 0.512077295 0.30345710625 0.512077295 0.28809218999999997 0.5338164249999999 0.27400768249999996 0.5495169087499999 0.27400768249999996 0.57004830875 0.28937259875 0.5954106275000001 0.34571062750000003 0.6111111112500001 0.3469910375 0.62077294625 0.33802816874999997 0.6582125600000001 0.25736235625 0.6388888887499999 0.12676056375 0.63405797125 0.11779769500000001 0.62681159375 0.11779769500000001 0.45772946875000003 0.14596670874999998 0.47584541125 0.28553137 0.47463768125 0.37772087125
13 0.31159420250000003 0.33162612 0.31642512125 0.34186939875 0.35507246375 0.36875800249999996 0.3816425125 0.37387964125000006 0.38405797125 0.38796414875 0.40821256 0.38924455874999997 0.41666666625 0.38284250999999997 0.41666666625 0.3700384125 0.35628019375000003 0.30473751625 0.34299516875 0.2970550575 0.3128019325 0.2957746475 0.29710144875 0.30345710625 0.29347826125 0.31626120375 0.31159420250000003 0.33162612
13 0.52415458875 0.309859155 0.5519323675 0.34186939875 0.56884058 0.34571062750000003 0.58695652125 0.37772087125 0.5954106275000001 0.37644046125 0.5978260875 0.37259923125 0.56038647375 0.30345710625 0.555555555 0.28425096 0.53623188375 0.28040973125 0.512077295 0.29193341875 0.51449275375 0.30601792625 0.52415458875 0.309859155
12 0.58816425125 0 0.59299516875 0.0128040975 0.6111111112500001 0.025608195 0.61231884 0.0601792575 0.62077294625 0.0806658125 0.6147343 0.119078105 0.6304347825 0.11651728500000001 0.63768116 0.12676056375 0.6570048312500001 0.23943662 0.6582125600000001 0.25608194624999997 0.64009661875 0.2957746475 0.6388888887499999 0.309859155 0.670289855 0.33418694000000004 0.68599033875 0.35339308625 0.7342995175 0.3444302175 0.8019323675 0.28297055 0.807971015 0.2368758 0.80917874375 0.1446863 0.84057971 0.049935980000000005 0.8538647337499999 0.03201024375 0.8574879224999999 0 0.58816425125 0
