5 0.29565217374999997 0 0.30289855125 0.06981982 0.301449275 0.2027027025 0.239130435 0.05630630625 0.20579710124999998 0.0022522525 0.07536231875 0 0.17391304375 0.24099099124999998 0.21594202875000001 0.31981982 0.27971014499999997 0.405405405 0.28695652125 0.44369369375 0.3318840575 0.46846846875 0.35942029 0.5067567562499999 0.38115941999999997 0.5067567562499999 0.398550725 0.46171171125 0.4086956525 0.40315315375 0.401449275 0.364864865 0.38985507249999996 0.3581081075 0.39565217375000006 0.344594595 0.39420289875000003 0.24324324375 0.37391304374999995 0.0878378375 0.37681159375 0 0.29565217374999997 0
17 0.046376811250000004 0.24774774749999998 0.050724637499999996 0.32432432375 0.05942029 0.36036036000000005 0.0913043475 0.42792792749999997 0.11739130375000001 0.45270270250000005 0.1507246375 0.46396396375000004 0.18695652124999998 0.38963963999999995 0.1898550725 0.3581081075 0.16231884000000002 0.2680180175 0.14347826125 0.16891891874999998 0.13043478249999998 0.155405405 0.1101449275 0.155405405 0.07681159375 0.17117117125 0.0521739125 0.21171171125000002 0.046376811250000004 0.24774774749999998
5 0.69710144875 0.48423423374999996 0.6797101449999999 0.5067567562499999 0.6507246375 0.5202702699999999 0.64347826125 0.5315315312500001 0.6318840575 0.5225225225 0.61304347875 0.52927927875 0.6173913037500001 0.585585585 0.6275362325 0.61936936875 0.64347826125 0.6328828825 0.65362318875 0.6621621625 0.66666666625 0.6779279275000001 0.6913043475 0.68018018 0.71884058 0.664414415 0.7492753625 0.65990991 0.76521739125 0.6441441437500001 0.78550724625 0.6418918925 0.7869565212499999 0.6621621625 0.81304347875 0.7072072075 0.8231884062500001 0.704954955 0.8304347825 0.7229729725 0.8521739125000001 0.7274774775 0.87391304375 0.71621621625 0.8840579712500001 0.6148648649999999 0.8507246374999999 0.63963964 0.8521739125000001 0.62162162125 0.860869565 0.6081081075 0.8623188399999999 0.57657657625 0.84492753625 0.52927927875 0.82463768125 0.50900900875 0.7478260874999999 0.49549549499999995 0.742028985 0.48873873875 0.7434782612499999 0.46396396375000004 0.73333333375 0.44819819875 0.72318840625 0.44819819875 0.7159420287499999 0.46396396375000004 0.7057971012500001 0.4572072075 0.69710144875 0.48423423374999996
5 0.6695652175 0.33558558499999996 0.69565217375 0.38063063125 0.7159420287499999 0.39414414375 0.7304347825 0.3918918925 0.7623188399999999 0.3423423425 0.7710144925 0.28828828875 0.7492753625 0.254504505 0.7159420287499999 0.225225225 0.698550725 0.19144144125 0.67536231875 0.1824324325 0.6405797099999999 0.1869369375 0.64637681125 0.27027027 0.6695652175 0.33558558499999996
5 0.6681159425 0.14414414375 0.68695652125 0.1824324325 0.70724637625 0.204954955 0.70724637625 0.21621621624999998 0.7275362325 0.23648648625 0.7478260874999999 0.24099099124999998 0.757971015 0.27252252250000003 0.7724637675 0.2927927925 0.79275362375 0.1824324325 0.7695652175 0.17342342375 0.757971015 0.15315315375000002 0.7376811600000001 0.13738738749999999 0.69710144875 0.0675675675 0.68695652125 0.03378378375 0.6681159425 0.05630630625 0.65942029 0.07882882875 0.6681159425 0.14414414375
5 1 0.01576576625 0.98115942 0.004504505 0.83478260875 0 0.84347826125 0.022522522500000003 0.83768116 0.0427927925 0.839130435 0.07657657625 0.84637681125 0.10360360375000001 0.8594202900000001 0.114864865 0.9 0.11711711749999999 0.9333333337499999 0.10135135125 0.9579710149999999 0.07657657625 0.98405797125 0.07657657625 1 0.05630630625 1 0.01576576625
17 0.6188405800000001 0.33783783749999996 0.6188405800000001 0.37612612624999997 0.601449275 0.40090090125000005 0.59420289875 0.44594594625 0.58405797125 0.454954955 0.58695652125 0.47522522500000003 0.6086956525 0.5 0.6101449275 0.5225225225 0.6507246375 0.504504505 0.6681159425 0.48648648625 0.6797101449999999 0.46171171125 0.6884057975000001 0.4076576575 0.68550724625 0.36036036000000005 0.66376811625 0.31981982 0.65362318875 0.28153153124999997 0.6405797099999999 0.2680180175 0.6275362325 0.27927927875 0.6304347825 0.32207207250000003 0.6188405800000001 0.33783783749999996
17 0.21884058 0.75 0.2115942025 0.79054054 0.25942029 0.8243243237500001 0.3 0.83108108125 0.3 0.81081081125 0.30579710125 0.815315315 0.31449275374999996 0.7927927925 0.33623188374999996 0.774774775 0.30434782625 0.7072072075 0.2913043475 0.6981981987499999 0.2492753625 0.7139639637499999 0.239130435 0.73423423375 0.21884058 0.75
17 0.17681159375 0.62837837875 0.17681159375 0.7072072075 0.1913043475 0.76126126125 0.2115942025 0.725225225 0.2492753625 0.7072072075 0.26376811624999996 0.684684685 0.29420289875 0.684684685 0.27101449250000004 0.5495495499999999 0.27971014499999997 0.46396396375000004 0.28405797125 0.46396396375000004 0.28260869625 0.57432432375 0.3 0.6869369375 0.34637681125 0.7770270275 0.38550724625 0.76351351375 0.39565217375000006 0.71621621625 0.35797101499999995 0.56081081125 0.35942029 0.53603603625 0.37536231875 0.55180180125 0.37826087 0.54054054 0.3492753625 0.48873873875 0.3289855075 0.46621621625000004 0.29855072499999996 0.45270270250000005 0.27101449250000004 0.45270270250000005 0.21739130375 0.48198198249999996 0.1898550725 0.52927927875 0.17681159375 0.62837837875
17 0.51449275375 0.28153153124999997 0.5101449275000001 0.32882882875 0.5115942025 0.37837837874999997 0.51884058 0.40315315375 0.5304347825 0.42567567625 0.55507246375 0.44594594625 0.58260869625 0.43918918875 0.601449275 0.39864864875 0.6173913037500001 0.38063063125 0.6188405800000001 0.33558558499999996 0.6304347825 0.32207207250000003 0.6275362325 0.27927927875 0.63623188375 0.2680180175 0.6318840575 0.25 0.6115942025 0.22072072124999997 0.5710144925 0.21171171125000002 0.5492753625 0.22072072124999997 0.5304347825 0.24099099124999998 0.51449275375 0.28153153124999997
17 0.82463768125 0.2274774775 0.7942028987499999 0.28828828875 0.7898550725 0.33108108125 0.76521739125 0.34684684625 0.7376811600000001 0.4369369375 0.7376811600000001 0.454954955 0.7449275362500001 0.46171171125 0.7492753625 0.48873873875 0.7956521737500001 0.5 0.86521739125 0.48873873875 0.88550724625 0.46171171125 0.89275362375 0.38963963999999995 0.88550724625 0.3423423425 0.8985507250000001 0.34684684625 0.9028985512500001 0.33783783749999996 0.9028985512500001 0.26126126125 0.88550724625 0.225225225 0.88115942 0.19369369375 0.8695652174999999 0.19144144125 0.83768116 0.19369369375 0.8289855075 0.2027027025 0.82463768125 0.2274774775
5 0.4898550725 0.84009009 0.4898550725 0.85135135125 0.47826087 0.8648648649999999 0.47826087 0.9121621625 0.4913043475 0.92342342375 0.501449275 0.9121621625 0.49565217375000004 0.934684685 0.50434782625 0.9369369375 0.53333333375 0.89639639625 0.55507246375 0.89864864875 0.5695652175 0.91891891875 0.57681159375 0.954954955 0.56521739125 0.9256756762499999 0.5478260875000001 0.914414415 0.5289855075 0.91666666625 0.52463768125 0.93018018 0.5318840575 0.94369369375 0.52463768125 0.9572072075 0.52608695625 0.9707207212500001 0.5594202899999999 0.9932432437500001 0.60724637625 0.995495495 0.6173913037500001 0.975225225 0.6173913037500001 0.94369369375 0.6043478262499999 0.9121621625 0.58115942 0.914414415 0.58115942 0.9054054050000001 0.601449275 0.87612612625 0.6492753625000001 0.87837837875 0.6507246375 0.82657657625 0.5710144925 0.76576576625 0.4898550725 0.7567567562499999 0.4724637675 0.77027027 0.48115941999999995 0.8243243237500001 0.4898550725 0.84009009
17 0.42463768125 0.48198198249999996 0.4304347825 0.5630630624999999 0.460869565 0.68918918875 0.46376811625000003 0.7229729725 0.47536231875 0.7477477475000001 0.5086956525 0.725225225 0.57391304375 0.7274774775 0.58405797125 0.7027027025 0.5971014487499999 0.7027027025 0.6115942025 0.684684685 0.62318840625 0.65090090125 0.62173913 0.6148648649999999 0.598550725 0.51126126125 0.58260869625 0.47072072125 0.56231884 0.45270270250000005 0.5159420287500001 0.44819819875 0.48260869624999997 0.46396396375000004 0.43623188375 0.47072072125 0.42463768125 0.48198198249999996
17 0.66376811625 0.69369369375 0.66521739125 0.71171171125 0.6913043475 0.76576576625 0.68550724625 0.8243243237500001 0.6768115937499999 0.85135135125 0.6797101449999999 0.8828828824999999 0.6884057975000001 0.89639639625 0.7101449275 0.89864864875 0.7318840575 0.85135135125 0.81449275375 0.80405405375 0.80724637625 0.725225225 0.798550725 0.69369369375 0.7681159425 0.664414415 0.7521739125000001 0.6621621625 0.742028985 0.6756756762499999 0.7115942024999999 0.66891891875 0.66376811625 0.69369369375
17 0.860869565 1 0.8594202900000001 0.95945946 0.84637681125 0.9324324325000001 0.82173913 0.90090090125 0.798550725 0.89639639625 0.79275362375 0.9031531537499999 0.7869565212499999 1 0.860869565 1
5 0.69565217375 0 0.69710144875 0.0427927925 0.7159420287499999 0.09684684625 0.73333333375 0.11036035999999999 0.7565217387500001 0.10360360375000001 0.7710144925 0.0675675675 0.76521739125 0 0.69565217375 0
17 1 0.31981982 0.95652173875 0.30855855875 0.92173913 0.31756756750000004 0.90724637625 0.32882882875 0.9 0.34684684625 0.8884057975 0.34684684625 0.89275362375 0.46621621625000004 0.9521739125 0.50900900875 1 0.5067567562499999 1 0.31981982
17 0.5159420287500001 0.25 0.52608695625 0.22072072124999997 0.51739130375 0.1824324325 0.54057971 0.16216216249999998 0.5681159425 0.11936936875000001 0.63333333375 0.11036035999999999 0.68550724625 0.0022522525 0.42608695625000004 0 0.4086956525 0.08108108124999999 0.41014492750000003 0.11711711749999999 0.5159420287500001 0.25
5 0.40289855125 0.48423423374999996 0.38695652125 0.50900900875 0.36231884000000003 0.51576576625 0.39710144875 0.57657657625 0.43188405750000003 0.58108108125 0.4304347825 0.54054054 0.42173912999999996 0.504504505 0.4289855075 0.4774774775 0.53623188375 0.44144144124999996 0.44637681125 0.41441441500000004 0.4289855075 0.40090090125000005 0.41304347874999997 0.364864865 0.40579710124999996 0.3626126125 0.4086956525 0.4076576575 0.39710144875 0.4572072075 0.40289855125 0.48423423374999996
17 1 0.7477477475000001 0.93768116 0.62612612625 0.9115942025 0.5495495499999999 0.8956521737500001 0.47972973 0.8840579712500001 0.46621621625000004 0.9014492749999999 0.565315315 0.89275362375 0.57882882875 0.88115942 0.6418918925 0.8724637675 0.7815315312500001 0.860869565 0.79054054 0.84347826125 0.87387387375 0.84347826125 0.8896396400000001 0.8492753625 0.89639639625 0.87391304375 0.87387387375 0.86521739125 0.9324324325000001 0.8681159425 1 0.8985507250000001 0.9977477475000001 0.8985507250000001 0.94144144125 0.9188405799999999 0.90990991 0.9333333337499999 0.86936936875 0.92463768125 0.8423423425 0.9333333337499999 0.8175675674999999 0.9304347825000001 0.7972972975 0.96376811625 0.7409909912499999 0.9492753625 0.7477477475000001 0.93623188375 0.69369369375 0.9333333337499999 0.6531531537499999 1 0.76576576625 1 0.7477477475000001
17 0.45652173875 0.39864864875 0.46521739125000006 0.41441441500000004 0.49275362375 0.42792792749999997 0.51884058 0.42792792749999997 0.5086956525 0.37162162125000003 0.4478260875 0.34009009 0.4289855075 0.35585585625 0.439130435 0.39414414375 0.45652173875 0.39864864875
17 0.9257246375 0.91497944875 0.91123188375 0.94031728625 0.90579710125 0.9994389075 0.96286231875 1 0.97373188375 0.9811393574999999 0.9972826087500001 0.9684704387499999 0.99818840625 0.8994952137500001 0.96286231875 0.89386458375 0.95199275375 0.9093488175000001 0.9257246375 0.91497944875
17 0.9800724637499999 0.80940512375 0.95289855125 0.8319276462499999 0.9501811600000001 0.85304251125 1 0.8643037725 0.99818840625 0.7981438625 0.9800724637499999 0.80940512375
5 0.8070652174999999 0.13936007875 0.795289855 0.27731052875 0.8188405799999999 0.2350808 0.83333333375 0.195666385 0.82065217375 0.13936007875 0.8070652174999999 0.13936007875
5 0.90126811625 0.24915737624999998 0.9039855075 0.31672494375 0.9157608700000001 0.31390962875 0.9284420287499999 0.2604186375 0.9193840575 0.18299746625000002 0.8985507250000001 0.11824521375 0.8813405799999999 0.11824521375 0.8759057975000001 0.12809881750000002 0.86684782625 0.13795242124999998 0.88224637625 0.1914434125 0.8867753625 0.2210042225 0.90126811625 0.24915737624999998
17 0.36050724625 0.532096565 0.36050724625 0.5827722412499999 0.40579710124999996 0.75872944875 0.43387681125 0.9192024212500001 0.4710144925 0.89667989875 0.48097826125 0.83615061875 0.46195652125000003 0.7164997187500001 0.43115941999999996 0.62781728625 0.36050724625 0.532096565
