2 0.1502029775 0.61445783125 0.1231393775 0.7301204825000001 0.1163734775 0.8048192774999999 0.1190798375 0.93253012 0.1515561575 1 0.235453315 0.9951807225 0.29228687375 0.93975903625 0.30446549375 0.94698795125 0.32476319375 0.9301204825 0.3491204325 0.891566265 0.35994587250000004 0.824096385 0.3856562925 0.7686746987499999 0.37483085250000003 0.63614457875 0.34370771375 0.52771084375 0.31123139375000003 0.47228915625 0.28281461375 0.45301204875 0.258457375 0.45060240999999995 0.221921515 0.4698795175 0.17997293625000002 0.53253012 0.1502029775 0.61445783125
2 0.54668470875 0.25060241 0.59133964875 0.36626506 0.6441136675 0.43132530125 0.68200270625 0.45301204875 0.734776725 0.46265060249999995 0.761840325 0.457831325 0.765899865 0.42891566249999996 0.80108254375 0.3710843375 0.8078484437500001 0.33975903625000003 0.81055480375 0.17349397625000001 0.80378890375 0.12289156625 0.78349120375 0.08192771125000001 0.7591339650000001 0.05301204875 0.68741542625 0.012048192499999999 0.6156968875 0.009638553749999999 0.5805142087499999 0.03855421625 0.55345060875 0.10120481875 0.54668470875 0.25060241
2 1 0.342168675 0.96075778125 0.28433735 0.93640054125 0.2698795175 0.8741542625 0.16385542125 0.8281461437500001 0.14698795125 0.8064952637499999 0.159036145 0.8078484437500001 0.3204819275 0.79431664375 0.38072289125 0.82408660375 0.3879518075 0.8525033825 0.40963855375 0.9025710425 0.51084337375 0.9039242224999999 0.640963855 0.95940460125 0.64337349375 0.99458728 0.6216867475 1 0.61445783125 1 0.342168675
2 0.68335588625 0.45542168625 0.6657645462499999 0.51084337375 0.66305818625 0.54457831375 0.66441136625 0.6867469875000001 0.67929634625 0.7445783137499999 0.721244925 0.8168674699999999 0.772665765 0.84819277125 0.79025710375 0.84337349375 0.83355886375 0.7710843375 0.8782138025 0.74939759 0.8944519624999999 0.7060240962500001 0.9039242224999999 0.65542168625 0.9052774024999999 0.5204819275 0.9012178625 0.50602409625 0.8579161025 0.4120481925 0.82273342375 0.3879518075 0.79431664375 0.38554216875 0.765899865 0.4216867475 0.751014885 0.457831325 0.68335588625 0.45542168625
2 1 1 0.99594046 0.8216867474999999 0.98511502 0.7734939762499999 0.94722598125 0.7156626500000001 0.92286874125 0.6963855425 0.8958051425 0.6915662650000001 0.8782138025 0.7445783137499999 0.81867388375 0.7855421687499999 0.78349120375 0.85060241 0.745602165 0.89879518125 0.728010825 0.93253012 0.71853856625 1 1 1
2 0.58592692875 1 0.57104194875 0.92771084375 0.53315290875 0.8626506025 0.51691475 0.8096385537499999 0.49526387 0.76626506 0.45196211124999996 0.7277108437500001 0.42625169125 0.7277108437500001 0.39918809250000004 0.7373493975 0.3585926925 0.824096385 0.35047361250000003 0.8650602412499999 0.3531799725 0.9301204825 0.34370771375 1 0.58592692875 1
2 0.56427604875 0.7783132525 0.51285521 0.7951807225 0.52909337 0.8457831324999999 0.5981055475 0.96867469875 0.6008119075 1 0.67388362625 0.9975903612499999 0.71718538625 0.98072289125 0.734776725 0.9253012049999999 0.780784845 0.8530120487499999 0.7293640050000001 0.81927710875 0.69282814625 0.76626506 0.67253044625 0.7108433737500001 0.66441136625 0.63855421625 0.6562922862499999 0.63132530125 0.6319350475000001 0.70120481875 0.5994587275 0.74939759 0.56427604875 0.7783132525
2 0.04194857875 0 0.05142083875 0.028915662499999998 0.07848443875 0.06506024125 0.1393775375 0.12289156625 0.1434370775 0.13975903625 0.17320703625 0.14457831375 0.18132611625 0.13493975875 0.18538565625 0.0867469875 0.17456021625 0.055421686250000005 0.16914749625 0 0.04194857875 0
2 0.16508795625 0 0.18267929625 0.08433735 0.17861975624999998 0.142168675 0.18538565625 0.16867469875000002 0.20297699624999999 0.1879518075 0.223274695 0.240963855 0.23004059500000001 0.2457831325 0.232746955 0.27228915625 0.244925575 0.2795180725 0.248985115 0.3036144575 0.261163735 0.3204819275 0.32341001375 0.32530120500000004 0.33694181375 0.308433735 0.3531799725 0.25542168625 0.3788903925 0.2120481925 0.40730717125 0.18554216875 0.43572395125 0.17349397625000001 0.43437077125 0.11807228875 0.41948579125 0.012048192499999999 0.41271989124999997 0 0.30852503375 0 0.30446549375 0.009638553749999999 0.30311231375 0 0.16508795625 0
2 0.17320703625 0.491566265 0.15696887625 0.53253012 0.16238159625 0.56144578375 0.16644113624999998 0.56385542125 0.21786197625 0.47710843375 0.250338295 0.45301204875 0.30040595375 0.46506024125 0.34370771375 0.5204819275 0.33558863375000003 0.45542168625 0.30581867375 0.38313253 0.274695535 0.34939759000000004 0.238159675 0.33493975875 0.21786197625 0.36144578375 0.17320703625 0.47710843375 0.17320703625 0.491566265
2 0 0.84819277125 0.04465493875 0.89879518125 0.04465493875 0.942168675 0.05142083875 0.94698795125 0.06765899874999999 0.9253012049999999 0.07577807875 0.9012048187499999 0.08930987875 0.824096385 0.08525033875 0.7156626500000001 0.07713125875 0.66024096375 0 0.64819277125 0 0.84819277125
2 0.755074425 0 0.764546685 0.055421686250000005 0.80378890375 0.12289156625 0.82273342375 0.13975903625 0.8619756425 0.15180722875 0.8985115025 0.14698795125 0.94046008125 0.1204819275 0.96752368125 0.07228915625 0.98511502 0.00722891625 0.98511502 0 0.755074425 0
2 0.54533152875 0.14457831375 0.56156968875 0.0795180725 0.5899864687499999 0.03132530125 0.6116373475 0.012048192499999999 0.6508795675000001 0.0048192775 0.41136671125 0 0.42354533125000005 0.01927710875 0.45466847125 0.10602409625 0.49797023 0.14939759 0.54533152875 0.14457831375
2 0.5261482125 0.71155209125 0.5309241425 0.724309 0.5404760012500001 0.7158043949999999 0.55559977625 0.70588235125 0.56674361125 0.6987951812500001 0.5810714 0.7214741325 0.5882352937499999 0.6902905737499999 0.5890312825 0.6690290575 0.59619517625 0.66052445 0.61689087 0.65343728 0.6184828474999999 0.61800141625 0.6224627875000001 0.57973068625 0.61291092875 0.5712260825 0.6224627875000001 0.53295535125 0.6160948825 0.48476258125 0.59619517625 0.4691708 0.57311151875 0.45216158749999996 0.54525193 0.524450745 0.5261482125 0.498936925 0.51818833 0.5159461375 0.50943246 0.53295535125 0.51898431875 0.562721475 0.5150043775 0.59107016375 0.511820425 0.6236711537499999 0.5134124025 0.65201984375 0.5110244375 0.700212615 0.51022844875 0.70304748375 0.51420839 0.7143869587499999 0.5261482125 0.71155209125
2 0.56515163625 0.77817150875 0.63201464625 0.6959603112499999 0.6582822575 0.61233168 0.6606702225 0.5272856125 0.6407705174999999 0.42806520249999996 0.608135 0.3727852575 0.583459365 0.34160170125 0.56037570625 0.28773919249999996 0.5396800125 0.282069455 0.5126164125 0.2962437975 0.4879407775 0.3104181425 0.4616731675 0.3486888725 0.44097747374999996 0.43656981 0.40595399249999997 0.445074415 0.39162620375 0.50318922625 0.3828703325 0.483345145 0.40197405125 0.61091424625 0.44654939125 0.7072997875 0.5086364725 0.77817150875 0.56515163625 0.77817150875
2 0.23720449 0.32175761875 0.2403884425 0.282069455 0.23004059500000001 0.29199149625 0.23083658375 0.24379872500000002 0.22287670125000003 0.24379872500000002 0.20536496125 0.2140326 0.19979304375 0.18001417374999998 0.18546525625000002 0.16867469875000002 0.17830136124999998 0.1459957475 0.14486985625 0.14032601 0.1400939275 0.11906449375 0.12576613749999999 0.10772501625 0.1042744575 0.09496810875 0.0971105625 0.07512402625 0.07959882125000001 0.0708717225 0.06367905875 0.03401842625 0.03820743375 0.04252303375 0 0.126151665 0.0007959874999999999 0.28348688875 0.02626761125 0.36995038999999996 0.08119079875 0.45216158749999996 0.1416859025 0.45924875875 0.19262914875 0.40680368375 0.20536496125 0.39829908 0.226060655 0.3486888725 0.23720449 0.32175761875
2 0 0.41956059500000004 0.011939822499999999 0.460666195 0.0326355175 0.48192771125 0.04218737625 0.47058823625 0.06527103375 0.50318922625 0.07004696375 0.49184975125 0.08676271625 0.51169383375 0.11621428 0.50602409625 0.12974607999999999 0.5159461375 0.15044177375 0.493267185 0.17750537375 0.4663359325 0.20377298375 0.39829908 0.1663615375 0.43656981 0.14248189125 0.45641389125000004 0.11382631500000001 0.457831325 0.08755870375000001 0.45641389125000004 0.07243492875 0.4394046775 0.043779351249999994 0.39121190624999996 0.0302475525 0.37420269375 0.018307728750000002 0.33734939750000004 0 0.28915662625 0 0.41956059500000004
2 0.054127198749999994 0.62650602375 0.0748228925 0.59107016375 0.10109050375 0.5924875975 0.15203375 0.5400425225 0.17113746625 0.49468462125 0.18307729125000002 0.45357902125000005 0.15442171500000001 0.49751948874999996 0.12337817499999999 0.51452870375 0.0907426575 0.5131112675 0.06845498625 0.49468462125 0.058903128750000006 0.498936925 0.04457534 0.4691708 0.03183952875 0.47909284125 0.01512377625 0.45074415375 0.002387965 0.42948263625000005 0 0.42948263625000005 0.0031839525 0.5655563425 0.031043539999999998 0.5811481225 0.015919765 0.60240963875 0.054127198749999994 0.62650602375
2 0.10905038624999999 0.5924875975 0.07243492875 0.58681786 0.04616731625 0.63217576125 0.047759293749999994 0.61800141625 0.031043539999999998 0.5783132525 0.0007959874999999999 0.5542168675 0 0.6435152387499999 0.03422749375 0.65201984375 0.09472259749999999 0.63501063125 0.15601369125 0.534372785 0.10905038624999999 0.5924875975
2 0.38127835750000005 0.42948263625000005 0.3924221925 0.3784549975 0.404362015 0.36286321625 0.4099339325 0.32175761875 0.42346573249999997 0.3160878825 0.42346573249999997 0.28915662625 0.46883706125 0.23104181499999998 0.4998806025 0.20694542875 0.48555281375 0.18568391375 0.45371328499999997 0.17434443625 0.41311788625 0.1842664775 0.3653585925 0.2253720775 0.34943882875 0.26364280749999996 0.3343150525 0.40680368375 0.3478468525 0.445074415 0.36615457999999995 0.4890148825 0.382074345 0.45074415375 0.38127835750000005 0.42948263625000005
2 0.46565310875 0.33876683125 0.4863488025 0.31183557875 0.51022844875 0.30049610125000004 0.54684390625 0.27639971625000004 0.56276367125 0.28915662625 0.547639895 0.25372076625 0.52455623625 0.22395464125 0.50067659 0.20694542875 0.46565310875 0.23104181499999998 0.42107776874999997 0.29057406 0.42266974375 0.31892275000000003 0.40595399249999997 0.32317505250000006 0.40595399249999997 0.37136782375000005 0.39162620375 0.37987243125 0.378094405 0.42948263625000005 0.38127835750000005 0.454996455 0.3749104525 0.47909284125 0.39162620375 0.47767540750000004 0.40834195624999997 0.44365698125 0.44654939125 0.43090007 0.46565310875 0.33876683125
