16 0.40340262125000004 0.80424699 0.4195585975 0.81239153125 0.44043639749999997 0.91539550125 0.50123169 0.9398049275 0.51315812875 0.93737672875 0.480232775 0.7769220950000001 0.48207660625000004 0.7584016425 0.47626321 0.72354370125 0.42190253624999996 0.7229289950000001 0.40370226625 0.732102905 0.40731058124999997 0.75373887 0.39598552875000004 0.7597730625 0.39132531125 0.76880015 0.39493362625000006 0.79043611375 0.40340262125000004 0.80424699
16 1 0.8221101912500001 0.981915305 0.7017495524999999 0.9762626975 0.69743204 0.95423381375 0.6984372050000001 0.94352998375 0.693408175 0.92554009375 0.69644947375 0.6760375949999999 0.79012468625 0.58026483125 0.7778078475 0.5764064625 0.7916429275 0.58221986 0.82650086875 0.61706882125 1 0.69163354625 1 0.88170681625 0.9807809075 0.91044021125 0.953430205 0.93369170125 0.9449678125 0.9430022175 0.9342482475 0.9814272125 0.9132511925 1 0.8980604150000001 1 0.8221101912500001
16 0.5245980112499999 0.54753891125 0.5304114074999999 0.582396855 0.56495037625 0.7451328650000001 0.5715854575 0.7701295825 0.57885168 0.77672847 0.6598716987500001 0.7893147487500001 0.6831132712500001 0.7881869662500001 0.7635814962499999 0.7604942112499999 0.8903621625 0.707340065 0.94555444125 0.69075893875 0.9686153875 0.6737599400000001 0.93328449 0.49888133 0.92885449125 0.48710659 0.9207765012500001 0.48303431875 0.6386007975 0.528678015 0.53087184125 0.5407932 0.5245980112499999 0.54753891125
16 0.53919988375 0.50939443 0.54626564375 0.51479131875 0.6481415300000001 0.49715662250000003 0.93313362 0.46100629125 0.94930943375 0.4544816175 0.9509329662499999 0.44942838375 0.929062775 0.33307981750000004 0.90935799375 0.25929166124999997 0.5848373175 0.23588097875 0.49444727499999996 0.2780219125 0.49181151375 0.28439976375 0.50163415 0.343297665 0.5361830362500001 0.4986990675 0.53919988375 0.50939443
16 0.58261240125 0.23732821625 0.59352661125 0.23622463625 0.7632635512500001 0.248396255 0.7964071075 0.24748950749999998 0.802480475 0.23954179875 0.77563841 0.06380484874999999 0.56583382 0.012574084999999999 0.46941869375 0.01043152625 0.4028502675 0.017162535 0.37027834125 0.0436791 0.38707747249999996 0.17398536625 0.40555964625 0.25523075125 0.4114127175 0.26075026125 0.44960749499999997 0.2605550325 0.513860235 0.2687253825 0.58261240125 0.23732821625
16 0.48960643249999997 0.27117778625 0.48415428624999995 0.26806227125 0.403295055 0.28601642125000004 0.42888475875 0.49121442625 0.49677556625 0.49901691625 0.53518072625 0.49268907749999996 0.48960643249999997 0.27117778625
16 0.48349967624999995 0.75214641375 0.542901655 0.76080724375 0.56493053875 0.75980208125 0.5551178212500001 0.69356956875 0.51591863625 0.53986064625 0.43870739375 0.5501123287499999 0.44211524750000003 0.570546295 0.48349967624999995 0.75214641375
16 0.61060590625 1 0.61432352875 0.9968167275 0.5725877675000001 0.7761395725 0.48409114375 0.76308701625 0.47822815625 0.7649021125000001 0.4814355475 0.7841340812500001 0.522409135 0.9706648124999999 0.54685348 0.97674901625 0.5936420725 1 0.61060590625 1
16 0.47526090000000004 0.71753371125 0.44012054624999997 0.5511917075 0.5745386025 0.52904427 0.5804015925 0.52722917 0.57799604875 0.51280519375 0.533336895 0.51120952875 0.3702251175 0.531369235 0.37159859625 0.56178704625 0.40251933125 0.7102217000000001 0.43524212624999997 0.72158017375 0.46656168875 0.72452466125 0.47526090000000004 0.71753371125
16 0.3337311225 0.31994020500000003 0.33711913875 0.35504338750000003 0.36541403125000005 0.5025212837499999 0.37753101375 0.50862969 0.42158878125 0.50661936375 0.43089929625 0.49589979874999995 0.40528975625 0.30537101125 0.38387217625 0.30264756 0.3337311225 0.31994020500000003
16 0.4061610325 0.25883674500000003 0.38807978249999997 0.17999535625 0.37306497125 0.07517628875 0.3492220125 0.07269807874999999 0.301677045 0.112951305 0.3046641375 0.1456504925 0.3359758775 0.30382375125 0.38025394375 0.28834620375 0.474452765 0.2690432325 0.450820185 0.26043241125 0.4061610325 0.25883674500000003
