8 0.2778881325 0.51553002875 0.3916647 0.52861743625 0.40607639874999996 0.51040887 0.42883171249999996 0.50471869375 0.4546210675 0.50471869375 0.47585935999999995 0.51154690625 0.50240722625 0.52292725875 0.50999233 0.53316957875 0.535781685 0.53430761375 0.5403327474999999 0.53260056 0.5464008312499999 0.5160990475 0.5555029575 0.509270835 0.5562614674999999 0.5052877112499999 0.551710405 0.5041496762500001 0.55322742625 0.48195798625 0.5441252999999999 0.49220030375 0.5342646649999999 0.5024426224999999 0.52364551875 0.48992423375 0.47206680749999996 0.45521415374999996 0.4637231925 0.45521415374999996 0.43338277499999994 0.4654564725 0.39545725249999997 0.4717156675 0.35753173 0.47626780875 0.32870833374999997 0.479681915 0.30519450875 0.472284685 0.29912642625 0.48309602124999995 0.2627794825 0.48025093249999995 0.26347643375 0.49163128624999997 0.26651047625 0.50642574625 0.2778881325 0.51553002875
13 0.7595422675000001 0.6503872225 0.76257630875 0.64526606375 0.7595422675000001 0.63957588625 0.75592815 0.63616178 0.61390826125 0.66119855875 0.61845932375 0.6720098950000001 0.6230103862499999 0.6742859662499999 0.7595422675000001 0.6503872225
13 0.5896359274999999 0.52691038375 0.5858433749999999 0.5172370825 0.49633914249999994 0.45578317125 0.47358382875 0.45123103 0.468274255 0.442695765 0.468274255 0.43928165874999997 0.44096788 0.41936604000000005 0.43565830624999996 0.4210730925 0.43424348125 0.42505621625 0.5244040287499999 0.49049325125000004 0.5380572162499999 0.49902851624999994 0.5797752912499999 0.52691038375 0.5896359274999999 0.52691038375
13 0.32188173875 0.43359148249999996 0.31808918625 0.42903934 0.31361173000000003 0.4261942525 0.09281158375000001 0.4518000475 0.09281158375000001 0.4591972775 0.09736264625 0.4665945075 0.32188173875 0.43359148249999996
13 0.53350615375 0.6207983025 0.54184976875 0.61397009 0.5562614674999999 0.6060038425 0.5744657175 0.60884893125 0.61845932375 0.5974685774999999 0.6230103862499999 0.5906403650000001 0.61390826125 0.5849501875 0.31285304 0.67030284125 0.3120211025 0.67656203625 0.315055145 0.6833902487500001 0.53350615375 0.6207983025
11 0.49027105875 0.5178061 0.46979127624999995 0.51040887 0.45234553624999996 0.50471869375 0.434899795 0.50471869375 0.4212466075 0.50813279875 0.4038008675 0.51325395875 0.3946987425 0.5234962775 0.38938916874999996 0.53316957875 0.39394023125 0.54511895 0.39545725249999997 0.5530851975000001 0.38711363749999994 0.58779527625 0.39545725249999997 0.60145170125 0.40228384624999997 0.607710895 0.4204880975 0.612832055 0.43565830624999996 0.6242124087500001 0.44931149374999996 0.6196602675 0.4872370175 0.5781219750000001 0.501648715 0.56389653375 0.5168189249999999 0.5468260025 0.51466464875 0.53487663125 0.5054412675 0.52577234875 0.5008902049999999 0.52235824125 0.49027105875 0.5178061
11 0.4872370175 0.39660533125 0.47813489124999997 0.40457158 0.47206680749999996 0.41822800375 0.46903276624999996 0.43017737500000003 0.4713082975 0.44155773000000004 0.47889340124999996 0.45293808375 0.49558063124999996 0.45749022500000003 0.54336679 0.4865101275 0.55322742625 0.48195798625 0.55322742625 0.48935521625 0.5646050825 0.49276932125 0.5858433749999999 0.48821718 0.5911529474999999 0.48025093249999995 0.5699146549999999 0.4284703225 0.5774997599999999 0.41652095125000005 0.5744657175 0.405709615 0.568397635 0.4000194375 0.54867636375 0.39660533125 0.54109125875 0.3926222075 0.50935381625 0.38807006625 0.49937318374999995 0.390915155 0.49861467374999996 0.3914841725 0.4872370175 0.39660533125
11 0.2771296225 0.4438338 0.27561260125 0.45293808375 0.2771296225 0.4643184375 0.28395621625 0.47512977375 0.2847147275 0.4813889675 0.3014019575 0.4813889675 0.30595302 0.4717156675 0.32112322875 0.47626780875 0.33856896875 0.47797486125 0.39924980499999996 0.47000861374999997 0.35904875124999996 0.43643656999999997 0.36435832375 0.42960835750000004 0.3605657725 0.42676327000000003 0.347671095 0.4284703225 0.3408445 0.422780145 0.32643280124999996 0.4233491625 0.30754220875 0.4222111275 0.2938168525 0.43131541125 0.28016366375 0.43928165874999997 0.2771296225 0.4438338
11 0.54488381 0.61397009 0.5388157275 0.6207983025 0.52592105 0.6281955324999999 0.451587025 0.642420975 0.44324341124999994 0.649818205 0.43338277499999994 0.6606295412500001 0.434141285 0.67371694875 0.43717532625 0.69021846125 0.44627745249999995 0.69818470875 0.46068915125 0.70785801 0.5365401962499999 0.71411720375 0.54336679 0.7181003275000001 0.5570199775 0.72720461125 0.5797752912499999 0.7289116637499999 0.5957040112499999 0.7203763987499999 0.61239124125 0.71013408 0.61770081375 0.70501292125 0.6305954912499999 0.6890804262499999 0.637422085 0.67542400125 0.635905065 0.6543703462499999 0.6328710224999999 0.64469704625 0.62528591875 0.63217865625 0.6154252825 0.6299025862500001 0.6010135837499999 0.6213673200000001 0.5934284787499999 0.61567714375 0.57535986875 0.610555985 0.56232955125 0.60941794875 0.5600540199999999 0.60941794875 0.54488381 0.61397009
11 0.27257856 0.55991341 0.2778881325 0.57356983375 0.28850727875 0.5741388525 0.30898706125000003 0.57300081625 0.3196062075 0.570724745 0.3780115125 0.5775529575 0.3878721475 0.575845905 0.39545725249999997 0.56332751625 0.39545725249999997 0.5542232324999999 0.39394023125 0.5445499312500001 0.38938916874999996 0.53032448875 0.27940515375 0.516668065 0.270366385 0.51268494125 0.26347643375 0.52747940125 0.25892537125 0.54341189625 0.26271792375 0.5559302862500001 0.27257856 0.55991341
8 0.15652646125 0.75451746 0.17093816 0.7698809375000001 0.19369347375 0.7835373625 0.2081051725 0.77898522125 0.24603069375 0.76475977875 0.281680685 0.74313710625 0.32339875999999995 0.71127211625 0.33250088499999997 0.68794239 0.35449768875 0.6725789125 0.314296635 0.6833902487500001 0.3112625925 0.6714408774999999 0.35829024 0.6589224874999999 0.3605657725 0.64868017 0.37042640749999994 0.64071392125 0.3772530025 0.6344547275 0.32567429124999997 0.64071392125 0.31657216625 0.65209427625 0.3014019575 0.6549393637500001 0.30519450875 0.6634746300000001 0.30519450875 0.69249453125 0.29609238375 0.69135649625 0.2763711125 0.70785801 0.26347643375 0.7175313099999999 0.2346530375 0.72208345125 0.20431262 0.7243595225 0.1747307125 0.7158242575 0.15652646125 0.7033058687499999 0.15349241875 0.6862353375000001 0.15425093 0.68168319625 0.1421147625 0.67826908875 0.1421147625 0.6674577537499999 0.14363178375 0.65949150625 0.13604667875 0.65209427625 0.12618604375 0.63160963875 0.10497191 0.64469704625 0.11784242875 0.68168319625 0.15349241875 0.7380159475000001 0.15425093 0.7465512124999999 0.15652646125 0.75451746
9 0.6146667725 0.53487663125 0.61845932375 0.5502401087500001 0.61845932375 0.56560358625 0.6366635749999999 0.5906403650000001 0.62756145 0.607710895 0.61163273 0.6259194625 0.6161837925 0.6281955324999999 0.6245274075 0.63729981625 0.6328710224999999 0.6560774 0.69734441125 0.64355901 0.7064465362500001 0.6253504437499999 0.70568802625 0.61397009 0.6920348375 0.5900713475 0.71175611 0.58950233 0.70189547375 0.54511895 0.670038035 0.51496101125 0.64804123125 0.51154690625 0.63818059625 0.51154690625 0.61025962125 0.51496101125 0.60556464625 0.52008217125 0.6063231575 0.52918645375 0.6146667725 0.53487663125
