12 0.3148964325 0.04602900375 0.10918167499999999 0.0477993525 0.11036394375 0.36115065625 0.34445315 0.34875823250000004 0.31844323750000003 0.0371772725 0.3148964325 0.04602900375
12 0.53952748875 0.30626992000000003 0.5324338762499999 0.12569459125 0.50760623375 0.00885173125 0.38937936125 0.031866235 0.3162087075 0.03540692625 0.340906345 0.34521753875 0.50760623375 0.30804026624999997 0.5324338762499999 0.29387749500000004 0.53952748875 0.30626992000000003
12 0.55984704625 0.53287425375 0.5253402650000001 0.7559378925 0.72396140875 0.75770823875 0.73105502125 0.54349633125 0.55984704625 0.53287425375
12 0.7277919199999999 0.541725985 0.72750821375 0.7559378925 0.9095775974999999 0.7630192787500001 0.9083953287500001 0.50100801875 0.7277919199999999 0.541725985
12 0.27942837125000003 0.8993359475 0.22267947249999998 0.88517317875 0.19548729125 0.87455109875 0.0039597587499999995 0.8904842162500001 0.0039597587499999995 0.9967049975000001 0.2782461025 0.9984753437499999 0.27942837125000003 0.8993359475
12 0.73295985 0.06988120125 0.717086835 0.050314465 0.6834733887500001 0.06988120125 0.6479925312500001 0.081062195 0.6115779650000001 0.088050315 0.5901027074999999 0.0824598175 0.56582633 0.088050315 0.5564892625 0.12997903624999999 0.5490196075 0.278127185 0.7413632112499999 0.25157232749999997 0.73295985 0.06988120125
12 0.74509803875 0.42907058124999997 0.7441643325 0.354996505 0.7366946775 0.25296995125 0.6619981325000001 0.26135569625 0.5929038275 0.2725366875 0.55088702125 0.28092243125 0.547152195 0.444444445 0.5592903825 0.4626135575 0.6265172725 0.44304682 0.74509803875 0.42907058124999997
12 0.74229691875 0.24598182999999998 0.7488328675 0.247379455 0.843137255 0.22921034124999998 0.9318394025000001 0.21942697500000002 0.93090569625 0.12438853875 0.9225023349999999 0.0237596075 0.9066293175 0.02096436 0.8748832874999999 0.03913347375 0.8356676012500001 0.050314465 0.7787114850000001 0.0545073375 0.72829131625 0.0545073375 0.7366946775 0.12438853875 0.740429505 0.17610062875000002 0.74229691875 0.24598182999999998
12 0.94491129875 0.39832285125 0.93837535 0.3018867925 0.92903828125 0.22082459750000002 0.88328664875 0.2222222225 0.8225957049999999 0.23759608624999998 0.7777777775 0.24039133499999998 0.74323062625 0.25157232749999997 0.7441643325 0.34381551375 0.7469654525 0.43326345250000003 0.8935574225 0.4109014675 0.94491129875 0.39832285125
12 0.19047619000000002 0.63731656125 0.2530345475 0.63871418625 0.29225023375 0.64011180875 0.30625583625 0.4388539475 0.27544351125 0.44863731625 0.25396825375 0.44304682 0.22035480750000003 0.444444445 0.19234360375 0.44304682 0.16246498625 0.44863731625 0.1223155925 0.434661075 0.11764705875 0.46680643000000005 0.12138188625 0.4891684125 0.11484593875 0.5241090150000001 0.1064425775 0.5674353599999999 0.09990662875 0.6289308175 0.1251167125 0.63312369 0.15219421125 0.63312369 0.19047619000000002 0.63731656125
12 0.20074696500000003 0.7547169812500001 0.25396825375 0.7547169812500001 0.29131652625 0.7519217337499999 0.2969187675 0.690426275 0.29878618125 0.6359189375 0.2530345475 0.64011180875 0.17833800125 0.6359189375 0.13538748875 0.634521315 0.09990662875 0.63312369 0.0943043875 0.6876310275 0.08776844125 0.7351502449999999 0.08496732124999999 0.75611460625 0.20074696500000003 0.7547169812500001
12 0.29505135374999997 0.6359189375 0.326797385 0.634521315 0.3688141925 0.63312369 0.44444444375000003 0.6289308175 0.47525676875 0.62054507375 0.47525676875 0.42208245875000006 0.447245565 0.43046820375000006 0.3688141925 0.44164919750000003 0.30999066249999996 0.44304682 0.30438842125 0.49196366249999995 0.30252100875 0.546471 0.29505135374999997 0.6359189375
12 0.37068160624999996 0.75331935625 0.426704015 0.75611460625 0.4715219425 0.75611460625 0.47338935625 0.6876310275 0.47432306250000006 0.62054507375 0.41269841375 0.63312369 0.300653595 0.6359189375 0.29878618125 0.6848357799999999 0.2941176475 0.7519217337499999 0.31372549 0.75611460625 0.33239962624999997 0.75331935625 0.37068160624999996 0.75331935625
