12 0.10386473375 0.60860215 0.06763285 0.66881720375 0.0169082125 0.73333333375 0.01449275375 0.749462365 0.00845410625 0.7569892475000001 0.0181159425 0.76666666625 0.08816425125 0.7881720425000001 0.11352657000000001 0.804301075 0.15096618375 0.8150537637499999 0.19202898499999999 0.83548387125 0.20169082124999999 0.83333333375 0.20531401 0.81935483875 0.2330917875 0.77204301125 0.30434782625 0.67204301125 0.31642512125 0.64408602125 0.33333333375 0.63333333375 0.35628019375000003 0.6021505375 0.34299516875 0.58279569875 0.329710145 0.57849462375 0.329710145 0.56451612875 0.22101449250000002 0.53655914 0.19565217375 0.51075268875 0.17874396125 0.522580645 0.13768116 0.57634408625 0.10386473375 0.60860215
12 0.7886473425 1 0.807971015 0.9827956987500001 0.8357487925 0.9677419349999999 0.8345410624999999 0.959139785 0.852657005 0.93978494625 0.8538647337499999 0.9322580650000001 0.79468599 0.88709677375 0.76328502375 0.85376344125 0.7451690825 0.8462365587499999 0.7101449275 0.82150537625 0.70410628 0.81290322625 0.67874396125 0.80107526875 0.60024154625 0.88172043 0.46739130375000004 1 0.7886473425 1
12 0.9782608700000001 0.6935483875 0.8967391299999999 0.65994623625 0.8167270537500001 0.62634408625 0.69142512125 0.5698924725 0.6808574875 0.56451612875 0.65519323625 0.61693548375 0.6310386475 0.6680107525 0.62198067625 0.6895161287499999 0.7910628024999999 0.7674731187499999 0.932971015 0.8252688175 0.95410628 0.7701612900000001 0.9782608700000001 0.6935483875
12 0.8997584537500001 0.6572580650000001 0.9752415462499999 0.6935483875 0.9993961349999999 0.6223118275 0.99486715 0.55107526875 0.75181159375 0.43951612875 0.68538647375 0.565860215 0.7623792275 0.60080645125 0.8227657 0.62634408625 0.8997584537500001 0.6572580650000001
12 0.670289855 0.53360215 0.5404589375 0.46774193500000005 0.41968598999999995 0.3978494625 0.38496376750000005 0.4435483875 0.341183575 0.49596774250000003 0.35628019375000003 0.49865591375 0.60386473375 0.63172043 0.6627415462499999 0.54435483875 0.670289855 0.53360215
12 0.62650966125 0.5040322575 0.66878019375 0.53360215 0.70803140125 0.48252688125 0.73218599 0.440860215 0.49064009625 0.31989247249999997 0.47403381625 0.33467741875 0.42572463749999995 0.3978494625 0.48611111125 0.4314516125 0.546497585 0.46236559125 0.62650966125 0.5040322575
12 0.8061594200000001 0.30510752750000003 0.7714371975000001 0.3454301075 0.72916666625 0.39381720375 0.8031400962499999 0.4435483875 0.8816425125 0.48790322625000004 0.97977053125 0.53494623625 1 0.5026881725 0.99486715 0.42204301125 0.88315217375 0.35080645125 0.8061594200000001 0.30510752750000003
12 1 0.2540322575 0.892210145 0.20564516125 0.8529589375000001 0.26209677374999996 0.8152173912499999 0.29973118249999997 0.84692029 0.32526881750000003 0.88919082125 0.34811828 0.94051932375 0.3844086025 1 0.420698925 1 0.39650537625 1 0.2540322575
12 0.39100241500000005 0.125 0.3472222225 0.16263440875000001 0.44384058000000004 0.22580645125 0.55102657 0.157258065 0.43780193250000005 0.09005376375000002 0.39100241500000005 0.125
12 0.5902777775 0.177419355 0.55404589375 0.15860215 0.50120773 0.1881720425 0.44384058000000004 0.217741935 0.5570652175 0.28494623625 0.62801932375 0.23387096750000003 0.6597222225 0.19892473125 0.5902777775 0.177419355
12 0.7170893725 0.23252688124999998 0.6989734300000001 0.2271505375 0.6582125600000001 0.197580645 0.620471015 0.24193548374999999 0.5857487925 0.26881720375 0.563103865 0.29032258125 0.67934782625 0.36827957 0.73671497625 0.30107526875 0.7684178749999999 0.27016129 0.7170893725 0.23252688124999998
12 0 0.49865591375 0.00905797125 0.57392473125 0.0679347825 0.5215053762499999 0.0800120775 0.5053763437500001 0.1253019325 0.48655914 0.135869565 0.47580645125 0.09812801875 0.45967741875 0.06038647375 0.4381720425 0.03019323625 0.41263440875 0 0.39247311875 0 0.49865591375
12 0.317028985 0.9301075274999999 0.34571256 0.95295698875 0.38798309125 0.9637096775 0.3804347825 0.9354838712500001 0.42421497625 0.9045698925000001 0.48762077249999997 0.8534946237500001 0.5449879225 0.802419355 0.6023550725 0.7473118275 0.5495169087499999 0.7002688175 0.5057367150000001 0.66935483875 0.48158212499999997 0.6572580650000001 0.48460144875 0.6451612900000001 0.44836956499999997 0.62365591375 0.4045893725 0.66666666625 0.35628019375000003 0.72311828 0.3396739125 0.7419354837500001 0.3019323675 0.75672043 0.2566425125 0.79838709625 0.20682367124999998 0.8454301074999999 0.193236715 0.8588709675 0.1992753625 0.8830645162499999 0.20984299499999998 0.86827957 0.28079710124999996 0.9112903225 0.29589372 0.92876344125 0.317028985 0.9301075274999999
12 0.3306159425 0.74462365625 0.36231884000000003 0.72580645125 0.38647343 0.6881720425000001 0.41968598999999995 0.6451612900000001 0.38647343 0.6155913975 0.37288647374999995 0.6303763437500001 0.34873188374999997 0.61693548375 0.33363526625 0.6344086025 0.31551932375 0.6478494625000001 0.307971015 0.6948924725000001 0.28381642500000004 0.7137096775 0.26419082125 0.75134408625 0.25513285 0.7728494625000001 0.2400362325 0.8064516125 0.2732487925 0.7862903225 0.29589372 0.7594086025 0.3306159425 0.74462365625
12 0.5721618362499999 0.9045698925000001 0.62349033875 0.85618279625 0.68387681125 0.79704301125 0.73671497625 0.83736559125 0.76388888875 0.8602150537500001 0.8001207725 0.88709677375 0.82125603875 0.84408602125 0.7940821250000001 0.83333333375 0.75181159375 0.80376344125 0.7110507250000001 0.7795698925000001 0.670289855 0.7419354837500001 0.65519323625 0.74462365625 0.6431159425 0.7795698925000001 0.6144323675 0.73790322625 0.5797101450000001 0.78763440875 0.563103865 0.8131720425000001 0.54800724625 0.8454301074999999 0.49969806749999995 0.90322580625 0.44987922750000003 0.96505376375 0.45591787500000003 0.9852150537500001 0.47403381625 0.98790322625 0.50120773 0.9677419349999999 0.5283816425 0.94623655875 0.5721618362499999 0.9045698925000001
12 0.30344202875 0.48118279625 0.27173913 0.5295698925 0.2853260875 0.53763440875 0.3351449275 0.4771505375 0.3472222225 0.45026881750000003 0.33665458875 0.440860215 0.30344202875 0.48118279625
12 0.41364734249999996 0.38172043 0.41666666625 0.36290322625000004 0.39553140124999997 0.37365591375 0.37137681125 0.38172043 0.34873188374999997 0.4045698925 0.3351449275 0.42741935499999995 0.34420289875000004 0.4435483875 0.36231884000000003 0.43548387125 0.38647343 0.39650537625 0.39553140124999997 0.38575268875 0.41364734249999996 0.38172043
12 0.41666666625 0.34677419375 0.4272343 0.36827957 0.4589371975 0.33064516125 0.46799516875 0.295698925 0.43780193250000005 0.31989247249999997 0.41666666625 0.34677419375
12 0.25513285 0.45026881750000003 0.23852657 0.474462365 0.24154589375000002 0.532258065 0.2611714975 0.5228494625 0.267210145 0.49193548375 0.267210145 0.4704301075 0.25513285 0.45026881750000003
12 0.33212560375 0.40591397874999996 0.31551932375 0.36290322625000004 0.27626811625 0.413978495 0.2566425125 0.45564516125 0.26871980624999997 0.49596774250000003 0.300422705 0.461021505 0.33212560375 0.40591397874999996
12 0.35628019375000003 0.37903225749999997 0.37288647374999995 0.37903225749999997 0.4045893725 0.36693548375 0.41817632875 0.34274193500000005 0.42572463749999995 0.3185483875 0.34269323625 0.349462365 0.32306763250000003 0.36290322625000004 0.32004830875 0.38306451625 0.33363526625 0.40322580625 0.35628019375000003 0.37903225749999997
12 0.24456521750000002 0.45967741875 0.2611714975 0.43951612875 0.28230676375 0.4045698925 0.25362318875 0.39112903250000003 0.23097826125 0.40860214999999994 0.21588164249999997 0.42876344125000004 0.17210144875 0.47311828 0.20682367124999998 0.5094086025 0.226449275 0.4973118275 0.23701690875 0.47580645125 0.24456521750000002 0.45967741875
12 0.33212560375 0.34811828 0.3592995175 0.34408602125000004 0.35326087 0.31720430125 0.32910628000000003 0.31989247249999997 0.28230676375 0.35752688125 0.25966183625 0.38978494625000004 0.27928744 0.39247311875 0.3019323675 0.36962365625 0.33212560375 0.34811828
12 0.4211956525 0.31720430125 0.415157005 0.29838709625 0.34873188374999997 0.31182795750000003 0.35477053124999997 0.33064516125 0.38798309125 0.32258064500000005 0.4211956525 0.31720430125
12 0.3638285025 0.27284946250000003 0.33816425125000005 0.29166666625000004 0.3396739125 0.31720430125 0.38949275375 0.29838709625 0.40760869624999996 0.29838709625 0.44384058000000004 0.31182795750000003 0.4664855075 0.29166666625000004 0.43478260874999997 0.2862903225 0.3638285025 0.27284946250000003
12 0.27022946875 0.36962365625 0.2566425125 0.35483871 0.193236715 0.40860214999999994 0.20078502374999999 0.43951612875 0.23550724625 0.4045698925 0.2490942025 0.40188172 0.27022946875 0.36962365625
12 0.193236715 0.40994623625000004 0.22795893750000001 0.38172043 0.21739130375 0.3655913975 0.19021739125 0.375 0.16606280250000002 0.39650537625 0.14945652125 0.40591397874999996 0.12832125625 0.41666666625 0.13134057999999998 0.42741935499999995 0.15096618375 0.461021505 0.1977657 0.43548387125 0.18870773 0.42876344125000004 0.193236715 0.40994623625000004
12 0.09359903375 0.36962365625 0.07548309125000001 0.413978495 0.09057971000000001 0.44489247249999997 0.12681159375 0.45564516125 0.10567632874999999 0.434139785 0.11775362375000001 0.38037634375 0.09359903375 0.36962365625
12 0.17361111125 0.282258065 0.1298309175 0.349462365 0.16606280250000002 0.32258064500000005 0.20682367124999998 0.29838709625 0.20833333375 0.27150537625 0.17361111125 0.282258065
12 0.25211352625 0.26881720375 0.25815217375 0.23387096750000003 0.23701690875 0.21370967749999997 0.1992753625 0.26881720375 0.20682367124999998 0.30107526875 0.23550724625 0.288978495 0.25211352625 0.26881720375
12 0.30344202875 0.22580645125 0.32759661875 0.22580645125 0.341183575 0.25 0.3638285025 0.20833333375 0.25362318875 0.20967741875 0.24607487875 0.21908602125 0.25362318875 0.2540322575 0.2777777775 0.25 0.30344202875 0.22580645125
12 0.15700483125 0.3723118275 0.1464371975 0.35618279625 0.12379227 0.37634408625 0.12379227 0.434139785 0.15700483125 0.40322580625 0.14492753625000002 0.39516129 0.15700483125 0.3723118275
12 0.1977657 0.34677419375 0.21135265749999999 0.336021505 0.2490942025 0.31182795750000003 0.2324879225 0.2930107525 0.15700483125 0.32661290375 0.14945652125 0.35483871 0.16304347875000003 0.38575268875 0.1977657 0.36827957 0.1871980675 0.34677419375 0.1977657 0.34677419375
12 0.25362318875 0.35349462375 0.26419082125 0.35483871 0.2732487925 0.336021505 0.30495169125 0.31720430125 0.29589372 0.288978495 0.25362318875 0.33198924750000003 0.22192029000000002 0.35887096749999997 0.21135265749999999 0.36693548375 0.22342995125 0.38306451625 0.25362318875 0.35349462375
12 0.30495169125 0.25268817250000003 0.29287439625 0.27419354875 0.3019323675 0.28763440875 0.32306763250000003 0.27822580625 0.3396739125 0.23924731125 0.32306763250000003 0.22311827999999997 0.30495169125 0.25268817250000003
12 0.30948067625 0.21639785 0.26268115999999997 0.275537635 0.28079710124999996 0.27688172 0.29589372 0.27419354875 0.324577295 0.22311827999999997 0.30948067625 0.21639785
