14 0.39110680999999997 0.82275868625 0.47578536 0.80363668875 0.50384155 0.7581925562499999 0.511952755 0.70418463625 0.497147245 0.6347085025 0.444513205 0.55019601375 0.42274763875 0.53200581 0.389711425 0.5335002974999999 0.35477490500000003 0.577799365 0.33309075125 0.656935955 0.36371836375 0.73079343625 0.39110680999999997 0.82275868625
14 0.51168532 0.7291968325 0.54223320875 0.8554853099999999 0.5513892662500001 0.86866339625 0.62177228625 0.8972756574999999 0.6821155349999999 0.8904196262499999 0.73726447375 0.8296721499999999 0.7443308275 0.7084782275000001 0.6735723862499999 0.62502836625 0.6242855 0.60225790375 0.583217805 0.6053293162500001 0.5372780724999999 0.64430088 0.5151653475 0.7035538662499999 0.51168532 0.7291968325
14 0.8195842 0.55143255 0.81155271875 0.55300947375 0.7699235799999999 0.623582275 0.74711485 0.687963855 0.7352030325 0.8275809325 0.78157133625 0.8084929712500001 0.8278316525 0.7095552150000001 0.84102918125 0.62958894625 0.8195842 0.55143255
14 0.8369062975 0.6254065074999999 0.8301073800000001 0.721588235 0.85537954875 0.696658475 0.8684973524999999 0.6691232012499999 0.87620656125 0.5777546825000001 0.89074295125 0.5224852225 0.88846722375 0.5104522025 0.86758537375 0.51455220625 0.834522585 0.53352369125 0.82507251875 0.5628348 0.82617052 0.59506680875 0.8369062975 0.6254065074999999
14 0.637644165 0.56718743375 0.665781765 0.61907009375 0.7195935287499999 0.683383595 0.7528706037499999 0.67435391 0.77268102625 0.6205449012500001 0.804645815 0.5693414075 0.81530018125 0.5023543125 0.8114447325 0.47315967875 0.7979249325000001 0.4633343525 0.7134872425000001 0.474921155 0.6448450800000001 0.50836630625 0.6287555425 0.52899715125 0.637644165 0.56718743375
14 0.38711342625 0.43167568250000005 0.3938874575 0.50272874 0.40738068374999997 0.53003106375 0.424353935 0.53169042375 0.444513205 0.55019601375 0.46349474874999996 0.5889005875 0.505472735 0.59064238375 0.50480330375 0.57829397875 0.46020074625 0.49220456625 0.46833852625 0.42071964875 0.48954096 0.35665345375 0.4799297575 0.34106876375 0.4579233325 0.3304137575 0.4329186 0.33033132125000003 0.38711342625 0.43167568250000005
14 0.66674351875 0.4391715175 0.65622202625 0.41877361999999996 0.65327686875 0.39439219375 0.6253535525 0.35245133500000003 0.52105060125 0.303043355 0.5065939375 0.30588181875 0.48887153 0.34430504749999996 0.51770513625 0.39105911624999995 0.6220346625 0.42299009624999995 0.6527419987499999 0.44441658500000003 0.66674351875 0.4391715175
14 0.8393414737499999 0.5325775375 0.889618375 0.5077302137499999 0.90552020125 0.4596805675 0.90054017625 0.41573092375000004 0.89299041625 0.40223745375 0.8343597625 0.33887010625 0.813747035 0.46771570250000005 0.8173616225000001 0.50444553125 0.81203444 0.53793907875 0.8248316575 0.5703699975 0.8393414737499999 0.5325775375
14 0.62993158125 0.35904037625 0.6502785625 0.404964765 0.690435965 0.397080145 0.7142629725 0.4173615675 0.73072793 0.45156832 0.7901608874999999 0.43989908125 0.8174944974999999 0.41706054000000004 0.8088201599999999 0.38881206125 0.7733205087499999 0.35085473 0.72205190625 0.2735620525 0.70510522875 0.25442569375 0.6876768325 0.25035973 0.6322870312500001 0.31864240125 0.62993158125 0.35904037625
14 0.79977040375 0.3057259825 0.8057935924999999 0.2671038425 0.7909880800000001 0.19762770750000003 0.76649164125 0.16499787999999999 0.7614850425 0.138525235 0.748634675 0.14104831375 0.7058809599999999 0.19686610625 0.67643275875 0.25256742375 0.6970737487499999 0.25600261875 0.75822098875 0.32386778875 0.79977040375 0.3057259825
14 0.5996777025 0.19026270499999998 0.48825356249999996 0.1472448575 0.5064062275 0.27846301875 0.5215057475 0.30544995875000003 0.55290909 0.32174785375 0.607014865 0.3435721625 0.62101638375 0.338327095 0.6695790037499999 0.23394536124999998 0.5996777025 0.19026270499999998
0 0.49690132249999996 0.19297033625 0.38930605625 0.19662411999999999 0.37782112375 0.2063670125 0.3754922475 0.22928798749999998 0.38004370000000004 0.25335402875 0.39195720375 0.26349474125 0.43805807125 0.26941897375 0.50322020875 0.26161679 0.49690132249999996 0.19297033625
14 0.41886393125 0.37053038625 0.43452489499999997 0.33001593749999997 0.47789489125 0.32150054625 0.47286171875 0.3125049 0.406146435 0.28566847375 0.3956249425 0.265270575 0.35897414 0.23003523375 0.248486865 0.174353595 0.23330762 0.19979765 0.25087057749999997 0.26623641 0.34454573625 0.365154485 0.41886393125 0.37053038625
14 0.25269115875000003 0.27586282749999996 0.25183570375 0.38585340875 0.24562480625 0.39705675 0.24972111375 0.41871618750000006 0.289692495 0.53317055375 0.30572888 0.5474937049999999 0.32018554625 0.54465524 0.38657855625000004 0.48170007249999997 0.38874629874999994 0.41388329874999996 0.39841065 0.39451399000000004 0.38647057125000006 0.4018502775 0.37734109 0.37119519500000003 0.3388165575 0.3612874325 0.282006485 0.30754649875 0.2591163425 0.2746012875 0.25269115875000003 0.27586282749999996
10 0.29555117249999996 0.15013704125 0.27579389875 0.16899205375 0.27416102875 0.18678443625 0.3484260725 0.22711433374999998 0.35806384999999996 0.225222025 0.35420840124999997 0.19602739 0.36001730375 0.14746344875 0.37428626000000004 0.11720618625 0.36676307375 0.0862357175 0.34612208375000003 0.08280052375000001 0.33163884375 0.10311598500000001 0.3089098375 0.11506657 0.29555117249999996 0.15013704125
14 0.6094047825 0 0.58615621625 0.03067959 0.5746181324999999 0.07537647875 0.576385565 0.1199568925 0.58439047125 0.135856965 0.64559086 0.16876813999999998 0.6590575099999999 0.21354746375 0.6994292 0.21560464375 0.73412485875 0.1788407725 0.7534535637499999 0.14010216 0.7478041075 0.08380411125000001 0.75473758875 0.049995178749999994 0.7497309887500001 0.02352253375 0.7343829049999999 0 0.6094047825 0
