7 0.6125 1 0.57916666625 0.95833333375 0.49861111125 0.8947916662500001 0.4097222225 0.7927083337499999 0.3347222225 0.73333333375 0.319444445 0.72708333375 0.25 0.67708333375 0.24166666625000002 0.659375 0.23333333374999998 0.653125 0.230555555 0.640625 0.21388888875 0.621875 0.2152777775 0.60625 0.20972222250000003 0.59479166625 0.18888888874999998 0.58229166625 0.180555555 0.58229166625 0.16388888875 0.60104166625 0.1597222225 0.62083333375 0.21388888875 0.67291666625 0.230555555 0.709375 0.27638888875 0.7697916662500001 0.31111111125 0.8260416662500001 0.38611111125 0.90520833375 0.4152777775 0.9552083337499999 0.47361111125 1 0.6125 1
7 0.119444445 0.75729166625 0.15138888875 0.79791666625 0.17222222250000002 0.85833333375 0.18611111125000002 0.875 0.2222222225 0.896875 0.22777777749999997 0.9041666662500001 0.22638888875 0.91354166625 0.2472222225 0.92708333375 0.25277777749999997 0.9625 0.25833333375 0.97604166625 0.2625 0.97604166625 0.268055555 0.9510416662500001 0.275 0.94583333375 0.275 0.9239583337499999 0.2625 0.9020833337499999 0.2597222225 0.8625 0.2152777775 0.76875 0.21111111125 0.7375 0.17638888875 0.709375 0.1402777775 0.73125 0.12361111125 0.7458333337499999 0.119444445 0.75729166625
7 0.6194444450000001 0.8104166662500001 0.67083333375 0.8395833337499999 0.6819444450000001 0.85416666625 0.725 0.88229166625 0.74166666625 0.88541666625 0.74166666625 0.87395833375 0.718055555 0.86041666625 0.7375 0.859375 0.7625 0.86458333375 0.76388888875 0.86041666625 0.69861111125 0.83541666625 0.643055555 0.79583333375 0.62916666625 0.79375 0.606944445 0.8010416662500001 0.6041666662499999 0.80625 0.6194444450000001 0.8104166662500001
7 0.24583333375 0.628125 0.25 0.63854166625 0.2972222225 0.66458333375 0.33194444500000003 0.6760416662500001 0.35833333375000004 0.69583333375 0.36666666625 0.7229166662500001 0.37638888875 0.7322916662500001 0.47361111125 0.75520833375 0.57916666625 0.7927083337499999 0.59166666625 0.79375 0.6111111112500001 0.7791666662500001 0.61388888875 0.77291666625 0.6097222225 0.76875 0.5777777775 0.753125 0.5472222225 0.73125 0.4652777775 0.69583333375 0.4527777775 0.678125 0.41805555499999997 0.6541666662500001 0.40138888875 0.6520833337499999 0.30138888875 0.61666666625 0.243055555 0.609375 0.23611111125 0.61145833375 0.23472222250000002 0.6197916662499999 0.24583333375 0.628125
7 0.35138888875 0.54583333375 0.45 0.584375 0.5402777775 0.596875 0.6222222225 0.62708333375 0.7166666662500001 0.625 0.7458333337499999 0.60729166625 0.74166666625 0.59479166625 0.6902777775 0.57395833375 0.606944445 0.5520833337500001 0.5763888887499999 0.54791666625 0.5097222225 0.5260416662499999 0.47638888875 0.521875 0.41111111125 0.50416666625 0.3222222225 0.50104166625 0.30833333375 0.50729166625 0.30833333375 0.51145833375 0.35138888875 0.54583333375
7 0.2902777775 0.49270833375 0.3597222225 0.5052083337500001 0.42916666625 0.5260416662499999 0.5402777775 0.540625 0.6347222225 0.5625 0.6611111112499999 0.5625 0.7 0.5520833337500001 0.73333333375 0.53541666625 0.7458333337499999 0.52395833375 0.7208333337499999 0.50833333375 0.70138888875 0.503125 0.580555555 0.50104166625 0.40833333375 0.471875 0.243055555 0.46979166624999996 0.2375 0.48333333375000004 0.25 0.490625 0.2902777775 0.49270833375
7 0.75833333375 0.59479166625 0.7138888887500001 0.62395833375 0.5402777775 0.63958333375 0.47638888875 0.65104166625 0.46805555499999996 0.659375 0.50138888875 0.6697916662500001 0.61666666625 0.684375 0.6652777775 0.69479166625 0.7222222225 0.696875 0.7527777775 0.69375 0.8416666662500001 0.67291666625 0.8513888887500001 0.66666666625 0.9333333337499999 0.6427083337499999 0.95833333375 0.62395833375 0.9666666662500001 0.61145833375 0.9597222225 0.6041666662499999 0.9361111112499999 0.59583333375 0.868055555 0.59166666625 0.82916666625 0.5989583337500001 0.7861111112499999 0.59375 0.75833333375 0.59479166625
7 0 0.30729166625000004 0.011111111250000002 0.31354166625 0.168055555 0.35729166625 0.23611111125 0.3875 0.2972222225 0.42708333375 0.33055555499999995 0.42708333375 0.3347222225 0.4125 0.319444445 0.39583333375 0.31527777749999997 0.36875 0.294444445 0.35416666625 0.19722222250000002 0.32291666625 0.16666666625 0.30520833375 0.14166666625 0.29791666625 0.00416666625 0.29375 0 0.29479166625000003 0 0.30729166625000004
7 0.8388888887500001 0.37916666624999995 0.8736111112499999 0.40520833375000004 0.8902777775 0.4125 0.8972222225 0.42604166624999995 0.91666666625 0.43125 0.92638888875 0.425 0.92638888875 0.41458333375 0.9388888887500001 0.390625 0.9125 0.371875 0.8763888887500001 0.334375 0.86111111125 0.309375 0.8416666662500001 0.24270833374999998 0.8125 0.20520833375 0.8 0.19479166625000002 0.7847222225 0.19166666625 0.7833333337499999 0.32291666625 0.80416666625 0.33020833375 0.8388888887500001 0.37916666624999995
7 0.43888888875 0.35729166625 0.44027777749999997 0.375 0.45694444500000003 0.41041666624999995 0.46111111125 0.46145833375 0.475 0.471875 0.48055555499999997 0.484375 0.543055555 0.49375 0.53611111125 0.43958333375 0.5208333337500001 0.40208333375000005 0.5 0.37395833375000004 0.49861111125 0.35104166625 0.46666666625 0.328125 0.46111111125 0.315625 0.43611111125 0.30416666625 0.42638888875 0.30416666625 0.4152777775 0.30729166625000004 0.41111111125 0.33020833375 0.43888888875 0.35729166625
7 0.2847222225 0.328125 0.31666666625 0.36458333375 0.35416666625 0.39270833375 0.39166666624999996 0.42916666625 0.4277777775 0.45208333375000004 0.44166666624999995 0.475 0.4777777775 0.48020833375000005 0.4777777775 0.47291666624999995 0.45416666624999996 0.45625 0.44583333375 0.43020833375 0.39861111125 0.34479166624999996 0.369444445 0.33229166624999995 0.33333333375 0.28125 0.2902777775 0.26666666625 0.2722222225 0.265625 0.26111111125 0.275 0.2625 0.290625 0.2847222225 0.328125
7 0.07916666625 0.75104166625 0.06527777750000001 0.77083333375 0.026388888750000002 0.80625 0.0277777775 0.815625 0.047222222499999994 0.825 0.06666666625 0.82083333375 0.08333333375 0.7833333337499999 0.1625 0.71770833375 0.19166666625 0.68229166625 0.2 0.659375 0.18888888874999998 0.6375 0.2125 0.628125 0.218055555 0.603125 0.206944445 0.57708333375 0.194444445 0.56979166625 0.18333333375 0.56979166625 0.17222222250000002 0.57604166625 0.11666666625 0.665625 0.07916666625 0.75104166625
7 0.69583333375 1 0.768055555 0.95416666625 0.7625 0.94791666625 0.76388888875 0.93229166625 0.7833333337499999 0.9020833337499999 0.8097222225 0.8322916662500001 0.82083333375 0.78645833375 0.8166666662500001 0.78229166625 0.8 0.78854166625 0.7875 0.80729166625 0.7444444450000001 0.8302083337499999 0.7444444450000001 0.84895833375 0.7375 0.85208333375 0.7458333337499999 0.8572916662500001 0.743055555 0.8625 0.7486111112499999 0.86666666625 0.7402777775 0.871875 0.73888888875 0.88125 0.7222222225 0.87604166625 0.7 0.8791666662500001 0.6847222225 0.88958333375 0.6638888887500001 0.91458333375 0.63611111125 0.97395833375 0.6375 1 0.69583333375 1
7 0.12083333375000001 0.49583333375000005 0.15138888875 0.52395833375 0.15138888875 0.53854166625 0.13055555500000002 0.54583333375 0.131944445 0.553125 0.21388888875 0.571875 0.26111111125 0.59583333375 0.4277777775 0.60520833375 0.43611111125 0.61354166625 0.44027777749999997 0.61145833375 0.4472222225 0.58958333375 0.44166666624999995 0.578125 0.36666666625 0.55 0.3277777775 0.52708333375 0.280555555 0.52291666625 0.25277777749999997 0.51354166625 0.2 0.48229166625 0.194444445 0.475 0.169444445 0.46145833375 0.16111111125 0.46145833375 0.15833333375 0.4875 0.13055555500000002 0.48958333375 0.12083333375000001 0.49583333375000005
7 0.7263888887500001 0.5375 0.6777777775 0.5625 0.66666666625 0.56354166625 0.6652777775 0.5677083337500001 0.70416666625 0.5875 0.74166666625 0.59583333375 0.7597222225 0.58229166625 0.8277777775 0.56145833375 0.86111111125 0.54375 0.9402777775 0.53333333375 0.9416666662500001 0.50625 0.9333333337499999 0.503125 0.875 0.52395833375 0.7555555549999999 0.52916666625 0.7263888887500001 0.5375
7 0.7541666662500001 0.50416666625 0.7597222225 0.52395833375 0.844444445 0.53020833375 0.8652777775 0.5260416662499999 0.855555555 0.5125 0.8597222225 0.49479166625 0.8736111112499999 0.47291666624999995 0.875 0.44895833375000005 0.8694444450000001 0.42083333375000004 0.8513888887500001 0.41979166625 0.80416666625 0.45 0.7625 0.48854166624999995 0.7541666662500001 0.50416666625
7 0.48333333375000004 0.87604166625 0.49861111125 0.89583333375 0.53888888875 0.925 0.5569444450000001 0.92083333375 0.581944445 0.9 0.6375 0.875 0.6777777775 0.85104166625 0.6652777775 0.8375 0.62083333375 0.81354166625 0.593055555 0.80625 0.519444445 0.8416666662500001 0.48194444500000005 0.86666666625 0.48333333375000004 0.87604166625
7 0.644444445 0.78125 0.6347222225 0.7854166662500001 0.6347222225 0.790625 0.6875 0.83125 0.731944445 0.84895833375 0.7402777775 0.834375 0.76666666625 0.81770833375 0.7736111112499999 0.80416666625 0.8513888887500001 0.76458333375 0.8722222225 0.76458333375 0.88611111125 0.771875 0.9527777775 0.7854166662500001 0.980555555 0.7854166662500001 0.9638888887500001 0.7697916662500001 0.919444445 0.7541666662500001 0.918055555 0.740625 0.8986111112499999 0.734375 0.8791666662500001 0.71770833375 0.8722222225 0.7166666662500001 0.8 0.75833333375 0.7375 0.76458333375 0.644444445 0.78125
7 0.58888888875 0.21770833374999998 0.555555555 0.21875 0.531944445 0.21354166625 0.5125 0.215625 0.46666666625 0.190625 0.43472222250000003 0.1875 0.40833333375 0.2 0.40555555499999996 0.22708333374999998 0.41111111125 0.23333333374999998 0.46666666625 0.228125 0.49166666625 0.246875 0.48194444500000005 0.26041666625000004 0.45 0.275 0.444444445 0.29895833374999997 0.46111111125 0.31354166625 0.46388888875 0.32604166625 0.5 0.35520833375000005 0.50138888875 0.37604166624999996 0.525 0.41354166625 0.53996843875 0.47767497625 0.63115773625 0.48138391875000003 0.7027777775 0.49895833375000004 0.7263888887500001 0.50416666625 0.74166666625 0.503125 0.76111111125 0.49375 0.794444445 0.459375 0.844444445 0.42083333375000004 0.85416666625 0.41770833375000005 0.8625 0.40833333375 0.86111111125 0.40208333375000005 0.855555555 0.39166666624999996 0.825 0.36875 0.775 0.31354166625 0.775 0.26354166625000003 0.768055555 0.24895833374999998 0.7722222225 0.23125 0.6638888887500001 0.22083333375 0.64166666625 0.17708333375 0.631944445 0.17083333374999998 0.62083333375 0.17083333374999998 0.6097222225 0.17916666625000002 0.60138888875 0.203125 0.58888888875 0.21770833374999998
