6 0.20341499625 0.559375 0.17743132875 0.59375 0.18040089125000003 0.6171875 0.18411284375 0.6234375 0.22271714875 0.625 0.24498886375 0.6453125 0.2650334075 0.646875 0.275426875 0.6375 0.30734966625 0.63125 0.3474387525 0.609375 0.39643652500000004 0.5703125 0.41648106875 0.521875 0.41648106875 0.4765625 0.41202672625 0.44375 0.3994060875 0.403125 0.38827023 0.3828125 0.37861915375000005 0.375 0.35857461 0.375 0.2420193025 0.4625 0.22271714875 0.4984375 0.20341499625 0.559375
6 0.63697104625 0.621875 0.62212323625 0.64375 0.60282108375 0.725 0.6080178175000001 0.78125 0.62063845625 0.8 0.63622865625 0.8015625 0.6481069037499999 0.784375 0.65478841875 0.7453125 0.66666666625 0.7015625 0.66592427625 0.640625 0.67037861875 0.578125 0.66518188625 0.5625 0.65404602875 0.553125 0.64736451375 0.55625 0.6429101712499999 0.56875 0.63697104625 0.621875
6 0.58203415 0.559375 0.5768374162500001 0.58125 0.58203415 0.66875 0.58203415 0.71875 0.5864884925 0.7296875 0.59836674125 0.7296875 0.60727542625 0.7171875 0.6228656275 0.6375 0.6236080175000001 0.5125 0.619896065 0.4953125 0.60950259875 0.490625 0.6013363025 0.503125 0.59539717875 0.534375 0.58203415 0.559375
6 0.5783221975 0.3890625 0.5805493687500001 0.4765625 0.574610245 0.54375 0.5775798075 0.571875 0.59762435 0.534375 0.60282108375 0.5 0.61395694125 0.4875 0.62435040875 0.45625 0.62212323625 0.4203125 0.61247216 0.396875 0.6087602075 0.375 0.6117297700000001 0.3234375 0.6043058649999999 0.3109375 0.59762435 0.3109375 0.59094283625 0.3203125 0.588715665 0.359375 0.5783221975 0.3890625
6 0.64736451375 0.43125 0.63994060875 0.4390625 0.6354862662499999 0.4703125 0.6317743137499999 0.478125 0.6310319225 0.5234375 0.6354862662499999 0.584375 0.65033407625 0.5625 0.65924276125 0.559375 0.6674090575 0.5671875 0.6718634 0.5890625 0.6911655525 0.5875 0.693392725 0.5078125 0.68671121 0.396875 0.6911655525 0.38125 0.6926503337500001 0.359375 0.6859688199999999 0.3421875 0.6763177437500001 0.340625 0.6681514475 0.359375 0.66295471375 0.396875 0.64736451375 0.43125
6 0.36674090625 0.2859375 0.38233110625 0.3109375 0.40311804 0.3234375 0.41202672625 0.3421875 0.43355604999999997 0.3640625 0.4587973275 0.3671875 0.46325167 0.3609375 0.4669636225 0.3375 0.46325167 0.2921875 0.4669636225 0.2578125 0.45731254625 0.253125 0.40460282124999997 0.2546875 0.35412026750000003 0.234375 0.34966592375 0.2640625 0.35189309625 0.2875 0.36674090625 0.2859375
6 0.28953229375 0.2703125 0.276911655 0.3390625 0.24944320749999999 0.4140625 0.2427616925 0.4453125 0.24350408375000002 0.4546875 0.25463994 0.4578125 0.32590942875 0.3984375 0.3622865625 0.3328125 0.37119524875000004 0.3109375 0.37268003 0.2984375 0.365998515 0.2921875 0.350408315 0.2921875 0.35337787624999994 0.2421875 0.34892353375 0.2390625 0.33036377125 0.2515625 0.29769859 0.2609375 0.28953229375 0.2703125
6 0.39717891625 0.2203125 0.37342242 0.24375 0.40089086875 0.2546875 0.42242019249999996 0.253125 0.43132887875000003 0.2390625 0.43132887875000003 0.2296875 0.42390497375 0.2015625 0.41648106875 0.19375 0.4149962875 0.2 0.40460282124999997 0.20625 0.39717891625 0.2203125
6 0.6711210099999999 0.58125 0.664439495 0.640625 0.66518188625 0.7 0.6599851525 0.7375 0.6763177437500001 0.759375 0.6926503337500001 0.7640625 0.7119524875000001 0.75 0.7178916112500001 0.7375 0.7490720125 0.621875 0.7505567925 0.5828125 0.7431328875 0.5265625 0.7490720125 0.5 0.7498144025000001 0.471875 0.7416481075 0.4546875 0.7275426875 0.4515625 0.7060133625 0.503125 0.6978470675 0.55625 0.6711210099999999 0.58125
6 0.7230883450000001 0.39375 0.7141796587499999 0.3953125 0.7015590199999999 0.4078125 0.69190794375 0.428125 0.7015590199999999 0.5125 0.7156644400000001 0.509375 0.71863400125 0.4875 0.7282850775 0.459375 0.74016332625 0.4578125 0.74684484 0.465625 0.7483296212499999 0.496875 0.7416481075 0.528125 0.7461024500000001 0.5546875 0.75501113625 0.5296875 0.7646622125 0.4796875 0.76169265 0.3859375 0.77134372625 0.34375 0.76688938375 0.3203125 0.7557535262499999 0.315625 0.7483296212499999 0.325 0.73645137375 0.371875 0.7230883450000001 0.39375
6 0.30438010375 0.621875 0.2717149225 0.6203125 0.2657757975 0.628125 0.26354862625 0.64375 0.25241276875 0.6421875 0.24350408375000002 0.6484375 0.23904973999999998 0.6640625 0.23904973999999998 0.68125 0.24721603625 0.696875 0.26800297 0.696875 0.291759465 0.684375 0.31774313249999997 0.684375 0.34075723875 0.6640625 0.37936154375000003 0.64375 0.40089086875 0.615625 0.43355604999999997 0.5921875 0.44246473625 0.5515625 0.42242019249999996 0.54375 0.3845582775 0.56875 0.35931700125 0.596875 0.30438010375 0.621875
