0 0.18561001000000002 0.50078989 0.176225235 0.50868878375 0.17413972875 0.5276461299999999 0.17831074000000002 0.54581358625 0.190823775 0.5576619275 0.21584984375000002 0.56240126375 0.40354536 0.55450237 0.4118873825 0.54818325375 0.41710114750000005 0.5371248024999999 0.4181439 0.5094786725 0.4045881125 0.4826224325 0.38581856125 0.47867298625 0.31386861374999997 0.48025276499999997 0.20333680875 0.493680885 0.18561001000000002 0.50078989
0 0.234619395 0.40758293875 0.22210636125 0.42733017375000004 0.2137643375 0.4557661925 0.21584984375000002 0.47077409125 0.22732012499999998 0.49131121624999996 0.2700729925 0.4905213275 0.33055265875000006 0.48025276499999997 0.339937435 0.43364928875 0.32116788375 0.40995260625 0.30031282625 0.4020537125 0.2898852975 0.4020537125 0.26068821750000004 0.40521327 0.24087591249999998 0.40363349125 0.234619395 0.40758293875
0 0.674661105 0.48420221124999996 0.6903023987500001 0.50789889375 0.7194994787500001 0.5363349125 0.77580813375 0.5671406 0.7935349325 0.5687203787499999 0.81230448375 0.56240126375 0.8321167887500001 0.5505529225 0.84358707 0.5363349125 0.84671532875 0.5221169037500001 0.84358707 0.51105845125 0.74661105375 0.44312796249999997 0.7320125125 0.43759873624999995 0.70907195 0.43443917875 0.6871741400000001 0.44470774125 0.6694473412499999 0.4636650875 0.674661105 0.48420221124999996
10 0.4953076125 0.60821485 0.48383733 0.6232227487499999 0.4608967675 0.7598736175 0.45046923875 0.77488151625 0.459854015 0.8064770937500001 0.49322210624999996 0.81516587625 0.525547445 0.817535545 0.5547445249999999 0.81516587625 0.5672575599999999 0.80252764625 0.5735140775 0.7132701425000001 0.5818561 0.6840442337499999 0.58602711125 0.64770932125 0.58394160625 0.6255924174999999 0.55995829 0.5971563975 0.56308654875 0.5916271725 0.5610010425 0.5758293837499999 0.55265902 0.56951026875 0.5349322212500001 0.5679304900000001 0.52137643375 0.57266982625 0.51303441125 0.59636650875 0.4953076125 0.60821485
16 0.7528675699999999 0.41864139 0.75703858125 0.41864139 0.7716371225 0.40442338125 0.7768508862500001 0.4091627175 0.7851929087499999 0.40679304875 0.79874869625 0.39810426499999996 0.7883211674999999 0.37282780375 0.6934306575 0.29857819875 0.6819603750000001 0.2946287525 0.64337851875 0.317535545 0.6538060475 0.33886255875000004 0.7528675699999999 0.41864139
10 0.18769551624999997 0.5908372825 0.20020855 0.62164297 0.20020855 0.642180095 0.20333680875 0.6445497625000001 0.2356621475 0.6453396524999999 0.249217935 0.63744075875 0.25234619375 0.628751975 0.249217935 0.61927330125 0.26590198125000003 0.60268562375 0.271115745 0.58214849875 0.26903024 0.5631911537500001 0.19603753875 0.5576619275 0.190823775 0.55924170625 0.18873826875 0.5647709325 0.18769551624999997 0.5908372825
10 0.3190823775 0.68720379125 0.32638164750000004 0.70142180125 0.35140771625 0.7164297000000001 0.40041710125 0.7259083725000001 0.4181439 0.7330173775 0.46402502625 0.73538704625 0.474452555 0.72511848375 0.47758081375000005 0.71406003125 0.47758081375000005 0.6951026849999999 0.47340980250000003 0.6840442337499999 0.4754953075 0.6579778825 0.445255475 0.65086887875 0.41605839375000003 0.6500789887499999 0.38790406625 0.641390205 0.3628779975 0.641390205 0.33680917625 0.64691943125 0.32221063625 0.66113744125 0.3190823775 0.68720379125
11 0.22419186624999998 0.66192733 0.22732012499999998 0.6856240124999999 0.25130344125 0.7045813587499999 0.271115745 0.7290679299999999 0.32638164750000004 0.7709320700000001 0.33785192875 0.776461295 0.38060479625 0.7733017375 0.41397288875 0.74170616125 0.41605839375000003 0.73064770875 0.40354536 0.72511848375 0.35974973875000005 0.7180094787500001 0.33785192875 0.709320695 0.325338895 0.6990521325 0.32012513 0.6864139025 0.325338895 0.65639810375 0.32116788375 0.64770932125 0.28571428625 0.62954186375 0.26694473375 0.628751975 0.23983316 0.642180095 0.22940563125000002 0.65323854625 0.22419186624999998 0.66192733
10 0.8029197075000001 0.56635071125 0.79249217875 0.56635071125 0.79144942625 0.57187993625 0.7778936387500001 0.57661927375 0.7716371225 0.5837282775 0.7591240874999999 0.61927330125 0.76120959375 0.6255924174999999 0.77059436875 0.63270142125 0.77059436875 0.6453396524999999 0.7559958287499999 0.65323854625 0.73096976 0.67535545 0.7215849837499999 0.6919431275 0.7205422312499999 0.6998420224999999 0.7320125125 0.7124802525 0.75391032375 0.723538705 0.7820646512499999 0.73143759875 0.8102189774999999 0.72827804125 0.831074035 0.7061611375 0.85088634 0.67061611375 0.87486965625 0.6050552925 0.8790406675 0.5710900474999999 0.87486965625 0.5584518162500001 0.86548488 0.547393365 0.8717413974999999 0.5252764612499999 0.86757038625 0.51816745625 0.8488008337499999 0.51263823125 0.838373305 0.54265402875 0.81751824875 0.55924170625 0.8029197075000001 0.56635071125
10 0.23044838375 0.372037915 0.23149113624999998 0.39099526124999995 0.241918665 0.39968404375 0.2356621475 0.4083728275 0.271115745 0.41074249625 0.2846715325 0.40758293875 0.325338895 0.4083728275 0.36392075125 0.39415481874999997 0.39416058374999996 0.39020537125 0.40563086499999995 0.38388625625000006 0.43587069874999995 0.36018957375 0.44421272125 0.34597156375 0.45464024999999997 0.33886255875000004 0.46193952000000005 0.31911532375 0.44421272125 0.3072669825 0.3899895725 0.304897315 0.35662148125000004 0.31279620874999997 0.241918665 0.358609795 0.23044838375 0.372037915
10 0.44421272125 0.3949447075 0.45568300375 0.41943128 0.4681960375 0.4628751975 0.5119916575 0.5173775675000001 0.5464025025 0.54976303375 0.55787278375 0.5679304900000001 0.56517205375 0.5703001575 0.5901981225 0.5916271725 0.60479666375 0.59320695125 0.6246089675000001 0.5774091625 0.65797706 0.56635071125 0.6517205425 0.54028436 0.62148070875 0.51184834125 0.60375391 0.48420221124999996 0.58602711125 0.46761453375 0.5516162675 0.42259083750000004 0.52241918625 0.40600316 0.49843587125 0.39731437625 0.4827945775 0.384676145 0.48175182499999997 0.37677725125 0.47132429625 0.36492891 0.45464024999999997 0.36334913125 0.43691345125 0.37282780375 0.43482794625 0.384676145 0.44421272125 0.3949447075
10 0.467153285 0.31200631875 0.44942648625 0.33965244875000006 0.38164755 0.4091627175 0.37539103249999994 0.42417061625 0.3774765375 0.43048973125 0.40354536 0.45023696625 0.42022940625 0.45497630375 0.44004171 0.45497630375 0.4608967675 0.44154818375 0.459854015 0.42101105875 0.445255475 0.40521327 0.44316996875000003 0.39415481874999997 0.43587069874999995 0.38546603500000004 0.43691345125 0.37361769375000004 0.44212721625 0.36887835750000003 0.459854015 0.36334913125 0.47028154375 0.36492891 0.48175182499999997 0.37756714 0.4827945775 0.384676145 0.49635036499999996 0.39020537125 0.540145985 0.34755134249999997 0.54223149125 0.29857819875 0.532846715 0.29146919375 0.52137643375 0.290679305 0.5026068825 0.3009478675 0.4807090725 0.304897315 0.467153285 0.31200631875
10 0.5057351412500001 0.398894155 0.5516162675 0.42259083750000004 0.62669447375 0.5173775675000001 0.67778936375 0.5584518162500001 0.69447341 0.5774091625 0.70698644375 0.5774091625 0.74035453625 0.55529225875 0.7393117825000001 0.5489731437500001 0.71220020875 0.5308056875 0.69134515125 0.50868878375 0.66214807125 0.4565560825 0.57247132375 0.3744075825 0.5589155375 0.36571879875 0.54953076125 0.36492891 0.52867570375 0.372037915 0.5057351412500001 0.38625592374999995 0.5057351412500001 0.398894155
10 0.54327424375 0.32227488125000003 0.5464025025 0.32622432875 0.5516162675 0.32622432875 0.5537017725 0.35229067875 0.5818561 0.38625592374999995 0.64963503625 0.4494470775 0.6694473412499999 0.4620853075 0.6955161624999999 0.43996840499999995 0.72679874875 0.43127962125 0.7320125125 0.42338072625 0.7320125125 0.41390205375 0.72679874875 0.4028436025 0.7080291975 0.3823064775 0.6527632950000001 0.33886255875000004 0.6298227325 0.31595576625 0.58915537 0.30568720375 0.57455683 0.29225908375 0.5610010425 0.290679305 0.547445255 0.29778831 0.54327424375 0.304897315 0.54327424375 0.32227488125000003
10 0.7393117825000001 0.41943128 0.73514077125 0.43048973125 0.7372262775 0.43759873624999995 0.78415015625 0.4699842025 0.787278415 0.47630331750000005 0.801876955 0.48104265375 0.82586027125 0.50157977875 0.8425443174999999 0.51105845125 0.86757038625 0.51579778875 0.87278415 0.4968404425 0.86757038625 0.48183254374999995 0.8394160587499999 0.44154818375 0.8029197075000001 0.39968404375 0.79770594375 0.39810426499999996 0.75391032375 0.42733017375000004 0.7486965587500001 0.42733017375000004 0.7393117825000001 0.41943128
10 0.6225234625 0.6319115325 0.5818561 0.67693522875 0.57455683 0.7053712475 0.57247132375 0.76935229125 0.59854014625 0.7669826225 0.62877997875 0.75592417 0.6319082375 0.74170616125 0.65484880125 0.736966825 0.7664233575 0.64612954125 0.7643378525 0.63665086875 0.7247132424999999 0.5979462875 0.7017726799999999 0.58135861 0.69134515125 0.57898894125 0.67674661125 0.58688783625 0.6663190824999999 0.59952606625 0.6225234625 0.6319115325
10 0.34515119875000005 0.6050552925 0.34619395249999996 0.63744075875 0.37643378499999997 0.63586098 0.42544317 0.64849921 0.47653806000000004 0.65718799375 0.48488008375 0.63665086875 0.48488008375 0.62243286 0.49947862375 0.60584518125 0.51511991625 0.59557661875 0.51511991625 0.588467615 0.5057351412500001 0.587677725 0.41293013500000003 0.58925750375 0.3534932225 0.59557661875 0.34515119875000005 0.6050552925
10 0.42335766375 0.5323854662499999 0.51303441125 0.5671406 0.55265902 0.56951026875 0.5547445249999999 0.5639810425 0.5464025025 0.5489731437500001 0.51407716375 0.51895734625 0.4827945775 0.47946287499999996 0.4608967675 0.46761453375 0.44421272125 0.466034755 0.43169968750000004 0.47472353875 0.41710114750000005 0.49842022125 0.42335766375 0.5323854662499999
0 0.33366006249999997 0.5568720375 0.2728328125 0.5621379675 0.29368787 0.6371774625 0.34408759125000005 0.6266456025 0.34756343375 0.60031595625 0.33366006249999997 0.5568720375
