17 1 0.787749735 0.98833333375 0.767749735 0.97 0.752749735 0.9183333337499999 0.675249735 0.8983333337499999 0.6602497350000001 0.86666666625 0.610249735 0.805 0.552749735 0.77666666625 0.542749735 0.7366666662500001 0.567749735 0.75 0.600249735 0.785 0.630249735 0.81 0.672749735 0.835 0.672749735 0.88 0.717749735 0.90666666625 0.767749735 0.95833333375 0.837749735 1 0.872749735 1 0.787749735
17 0.11316345124999999 0 0.116496785 0.0275 0.18483011875 0.1475 0.24316345125000002 0.215 0.26316345125 0.245 0.27483011874999996 0.28 0.30483011875 0.3025 0.331496785 0.3425 0.35316345125 0.325 0.35316345125 0.3025 0.341496785 0.2725 0.30816345125 0.24 0.301496785 0.205 0.28816345125000004 0.1825 0.26983011875 0.1725 0.21483011875 0.1025 0.166496785 0 0.11316345124999999 0
17 0.43666666625 0.405254695 0.48833333375000004 0.442754695 0.53 0.490254695 0.56666666625 0.567754695 0.58166666625 0.667754695 0.5883333337500001 0.677754695 0.59666666625 0.672754695 0.6 0.620254695 0.585 0.525254695 0.57166666625 0.480254695 0.5466666662499999 0.43775469499999997 0.475 0.365254695 0.425 0.345254695 0.34666666625 0.330254695 0.325 0.355254695 0.335 0.372754695 0.43666666625 0.405254695
17 0.19833333374999998 0.48774426750000005 0.27166666625 0.5202442675000001 0.36833333375000005 0.5127442675 0.34166666625 0.47524426750000004 0.3 0.47274426750000004 0.185 0.42024426750000005 0.14666666625 0.41774426750000004 0.13166666625 0.43274426750000006 0.12 0.47524426750000004 0.19833333374999998 0.48774426750000005
17 0.5568364637500001 0.3675 0.52183646375 0.345 0.5151697962499999 0.4 0.55516979625 0.44 0.67350313 0.44 0.7818364637499999 0.4275 0.8151697962500001 0.4125 0.8351697962500001 0.3825 0.85183646375 0.35 0.85183646375 0.34 0.8401697962500001 0.34 0.7001697962500001 0.35 0.59850313 0.37 0.5568364637500001 0.3675
17 0.05016988125 0.7725 0.053503215 0.7825 0.06850321499999999 0.7875 0.198503215 0.78 0.158503215 0.8825 0.153503215 0.93 0.158503215 0.94 0.17016988125000002 0.9375 0.18516988125 0.915 0.22016988125 0.83 0.24183654875 0.805 0.25016988125 0.78 0.238503215 0.755 0.203503215 0.715 0.17016988125000002 0.715 0.073503215 0.7325 0.053503215 0.75 0.05016988125 0.7725
17 0.16333333374999998 0.6977548225 0.185 0.6802548224999999 0.21 0.7252548225 0.24333333375 0.7602548225 0.3 0.8027548225 0.33 0.8052548224999999 0.33833333375 0.7427548224999999 0.32333333375 0.7402548225 0.32333333375 0.7277548225 0.33333333375 0.7002548224999999 0.275 0.7102548224999999 0.2 0.6477548224999999 0.17833333375 0.6027548225 0.145 0.6677548225 0.155 0.6952548224999999 0.16333333374999998 0.6977548225
17 0.49166666625 0.245 0.48 0.2975 0.48166666625 0.37 0.51 0.3975 0.51833333375 0.3925 0.52666666625 0.35 0.54 0.33 0.545 0.23 0.56166666625 0.1875 0.56166666625 0.16 0.545 0.1175 0.53833333375 0.115 0.51333333375 0.145 0.49166666625 0.195 0.49166666625 0.245
17 0.58666666625 1 0.58 0.97 0.58 0.8475 0.59666666625 0.75 0.62 0.69 0.61333333375 0.6525 0.60666666625 0.65 0.59333333375 0.6775 0.5683333337500001 0.6575 0.55333333375 0.6625 0.55333333375 0.7025 0.53 0.7225 0.52333333375 0.8825 0.54 1 0.58666666625 1
17 0.88016649 0.63 0.8934998237499999 0.63 0.9668331562500001 0.585 0.99683315625 0.5475 0.99516649 0.4725 0.97516649 0.465 0.9318331562500001 0.49 0.83349982375 0.585 0.88016649 0.63
17 0.31220674875 0.9166666675 0.34554008125 0.8847222225 0.36683637875 0.8069444450000001 0.37239193375 0.7472222225 0.36220674875000003 0.7458333325 0.34183637875 0.7444444450000001 0.333503045 0.7833333324999999 0.32702156375 0.8583333325 0.299243785 0.9111111099999999 0.26498452624999996 0.8972222225 0.23720674875 0.8736111099999999 0.24183637875 0.9125 0.26128082375 0.92638889 0.31220674875 0.9166666675
17 0.66557102875 0.762245305 0.6785339912499999 0.762245305 0.68501547375 0.7483564174999999 0.7109414 0.738634195 0.72760806625 0.7330786374999999 0.76464510375 0.7039119725 0.78408954875 0.7011341950000001 0.79427473375 0.6830786375 0.8174228812500001 0.6705786374999999 0.80168214 0.65530086 0.77668214 0.6205786375 0.7479784362499999 0.6358564175 0.7470525100000001 0.6539119725 0.7340895487500001 0.6455786375 0.711867325 0.6650230825 0.700756215 0.6650230825 0.67205251 0.66918975 0.66742288125 0.6705786374999999 0.6683488062499999 0.6914119725000001 0.66557102875 0.762245305
17 0.48148148125 0.4333333325 0.47685185124999996 0.4527777775 0.47407407375 0.5041666674999999 0.46666666625 0.55138889 0.46203703625000003 0.58888889 0.45555555499999995 0.6277777775 0.43960295000000005 0.6466690199999999 0.43888888875 0.6541666675000001 0.48796296375 0.6652777775 0.50648148125 0.6597222225 0.519444445 0.618055555 0.52407407375 0.518055555 0.5222222212500001 0.4875 0.48148148125 0.4333333325
17 0.8342592600000001 0.1280320275 0.8351851849999999 0.107198695 0.83240740625 0.0460875825 0.830555555 0.01136536 0.8351851849999999 0.00025425 0.7990740737500001 0.00025425 0.8037037037499999 0.048865360000000004 0.8009259262499999 0.068309805 0.79537037 0.10303202750000001 0.7898148150000001 0.12525425 0.79259259375 0.1974764725 0.7907407399999999 0.2335875825 0.7796296300000001 0.23775424999999997 0.79259259375 0.2530320275 0.81296296375 0.28775425 0.8351851849999999 0.2905320275 0.84074074 0.218309805 0.8342592600000001 0.1280320275
17 0.36574074 0.4375 0.36666666625 0.381944445 0.35 0.375 0.33055555499999995 0.36388888999999996 0.29722222125 0.36111111 0.25740740625 0.34444444500000004 0.23148148124999998 0.33194444500000003 0.19629629625 0.3347222225 0.17037037000000002 0.3333333325 0.15833333375 0.3472222225 0.15462963 0.368055555 0.2 0.3958333325 0.24351851875000002 0.41388889 0.32407407374999997 0.4333333325 0.36574074 0.4375
17 0.29814814875 0.6446987575 0.32870370375 0.5627543125 0.36203703625000005 0.572476535 0.364814815 0.5335876475 0.30462963 0.5446987575 0.31759259375 0.559976535 0.28888888875 0.5905320900000001 0.255555555 0.6516432025000001 0.24907407374999999 0.6766432025 0.260185185 0.6960876475000001 0.27777777875000004 0.7016432025 0.29814814875 0.6446987575
17 0.74629629625 0.33194444500000003 0.769444445 0.34444444500000004 0.82314814875 0.34166666749999997 0.85833333375 0.3375 0.86666666625 0.3027777775 0.8416666662500001 0.29166666750000003 0.77777777875 0.2791666675 0.7092592600000001 0.27638889 0.6962962962500001 0.294444445 0.6888888887500001 0.3527777775 0.72314814875 0.3333333325 0.7342592600000001 0.34166666749999997 0.74629629625 0.33194444500000003
17 0.334429225 0.73888889 0.35202181875 0.7416666675000001 0.37794774375 0.7472222225 0.40665144625000005 0.7347222225 0.43535515125 0.731944445 0.45202181875 0.6652777775 0.4335033 0.6652777775 0.43072552125 0.6819444450000001 0.38257737375 0.6902777775 0.34461441 0.6861111099999999 0.33628107625 0.694444445 0.32794774375 0.7152777775 0.31961441 0.73888889 0.334429225 0.73888889
17 0.37037037 0.8125 0.36296296375 0.8527777775 0.36759259375 0.8958333325 0.35092592625 0.925 0.339814815 0.9472222225 0.36018518499999996 0.98888889 0.38240740625 0.94861111 0.40092592625 0.905555555 0.41388888875 0.8458333324999999 0.42222222125000003 0.7444444450000001 0.39907407375 0.7375 0.37037037 0.7486111099999999 0.37037037 0.8125
17 0.65277777875 0.62247679 0.61759259375 0.5502545675 0.57407407375 0.4710879 0.58888888875 0.5321990125 0.59722222125 0.6071990125 0.62129629625 0.6891434575 0.62870370375 0.8058101225000001 0.6370370362500001 0.8377545675 0.6509259262499999 0.8210879 0.6648148150000001 0.7516434575 0.66666666625 0.6808101225000001 0.65277777875 0.62247679
17 0.35185185124999996 0.6875 0.37222222125000004 0.6916666675 0.37314814875 0.63611111 0.37870370375 0.6041666674999999 0.37685185125 0.5583333325000001 0.36574074 0.5402777775 0.35740740625 0.60138889 0.35277777875 0.6541666675000001 0.35277777875 0.6861111099999999 0.35370370375 0.6847222225 0.35370370375 0.6861111099999999 0.35185185124999996 0.6875
17 0.41111111125 0.079421615 0.380555555 0.0655327275 0.37962963 0.10997717 0.38333333375 0.12525495 0.38240740625 0.13775495 0.385185185 0.17664383749999998 0.380555555 0.216921615 0.38981481500000004 0.2446993925 0.40740740625 0.2530327275 0.42685185124999997 0.2641438375 0.42407407375 0.1585882825 0.41111111125 0.079421615
17 0.6787037037499999 0.2291666675 0.6740740737500001 0.16388888999999998 0.644444445 0.19861111 0.61574074 0.2458333325 0.60462963 0.2902777775 0.62314814875 0.34583333250000003 0.63425926 0.36111111 0.6546296300000001 0.2972222225 0.6787037037499999 0.2291666675
17 0.73611111125 0.273860975 0.76851851875 0.25024986250000003 0.7898148150000001 0.21691653 0.7907407399999999 0.17386097500000003 0.7888888887500001 0.11552764 0.76111111125 0.15719430750000002 0.73148148125 0.1821943075 0.7138888887500001 0.2141387525 0.67962963 0.26552764 0.65925926 0.29191653 0.6462962962500001 0.32663875249999996 0.63796296375 0.35302764000000003 0.6370370362500001 0.3558054175 0.67037037 0.35302764000000003 0.6861111112499999 0.35024986249999995 0.6990740737500001 0.27802764 0.73611111125 0.273860975
17 0.89259259375 0.48888888999999996 0.92314814875 0.4597222225 0.9490740737500001 0.43611111 0.97222222125 0.4097222225 0.98703703625 0.40416666749999997 0.99907407375 0.39444444500000003 0.9981481487499999 0.31388889 0.969444445 0.34166666749999997 0.94259259375 0.3708333325 0.919444445 0.39166666749999995 0.9148148150000001 0.40694444500000004 0.88796296375 0.42083333250000005 0.8537037037499999 0.44861111000000004 0.82685185125 0.4777777775 0.794444445 0.5166666675 0.8 0.52638889 0.7962962962500001 0.5333333325 0.819444445 0.519444445 0.84259259375 0.5291666675 0.855555555 0.5027777775 0.89259259375 0.48888888999999996
17 0.77777777875 0.47942136249999995 0.74166666625 0.436365805 0.7037037037499999 0.5155324725 0.64907407375 0.587754695 0.63796296375 0.5974769175 0.660185185 0.6294213625 0.689814815 0.587754695 0.730555555 0.55581025 0.76666666625 0.5085880275 0.77777777875 0.47942136249999995
17 0.87129629625 0.366921235 0.89907407375 0.2891434575 0.92314814875 0.21692123500000002 0.92222222125 0.1446990125 0.8962962962500001 0.0988656775 0.86759259375 0.0738656775 0.8351851849999999 0.078032345 0.83796296375 0.1558101225 0.87592592625 0.1252545675 0.90740740625 0.13497678999999999 0.90648148125 0.1988656775 0.885185185 0.27803234499999996 0.8351851849999999 0.3821990125 0.78703703625 0.4710879 0.74166666625 0.5335879 0.75370370375 0.5585879 0.79722222125 0.5141434575 0.830555555 0.4696990125 0.87129629625 0.366921235
17 0.57592592625 0.0002498625 0.6027777787499999 0.02802764 0.62962963 0.071083195 0.65370370375 0.1183054175 0.67037037 0.148860975 0.68703703625 0.17802764 0.6861111112499999 0.121083195 0.6685185187499999 0.0752498625 0.639814815 0.00302764 0.57592592625 0.0002498625
17 0.7268518512500001 0.08611110999999999 0.7138888887500001 0.0208333325 0.70185185125 0.0027777775 0.7009259262499999 0.044444445000000006 0.705555555 0.0916666675 0.71574074 0.1277777775 0.73333333375 0.17222222250000002 0.760185185 0.1541666675 0.75092592625 0.13611110999999998 0.7268518512500001 0.08611110999999999
17 0.46759259375 0.531944445 0.45 0.5083333325 0.475 0.494444445 0.47685185124999996 0.43611111 0.45833333375 0.42361111 0.40462963 0.44861111000000004 0.38240740625 0.47361111 0.36388888875 0.519444445 0.36851851875 0.5375 0.385185185 0.53611111 0.40833333375 0.54861111 0.43611111125 0.569444445 0.45555555499999995 0.6027777775 0.45648148125 0.6041666674999999 0.460185185 0.606944445 0.46759259375 0.531944445
17 0.47979934125 0.83914333 0.47887341499999997 0.7863655525 0.44646600875 0.8377544399999999 0.45016971125 0.8710877725 0.42609563875 0.8835877725 0.41220674875 0.9085877725 0.42516971124999997 0.9419211075 0.45294749 0.918309995 0.45479934125 0.9933099950000001 0.47239193375 0.9905322175000001 0.47054008125 0.91414333 0.5205400812500001 0.8738655525 0.52516971125 0.8085877725 0.47979934125 0.83914333
17 0.65370370375 0.131944445 0.62314814875 0.12222222249999999 0.60185185125 0.1375 0.580555555 0.16388888999999998 0.59814814875 0.17222222250000002 0.58611111125 0.21666666750000002 0.6 0.29166666750000003 0.614814815 0.2458333325 0.62129629625 0.2291666675 0.61759259375 0.1902777775 0.6305555549999999 0.1875 0.64166666625 0.14166666749999998 0.65370370375 0.131944445
17 0.38703703625 0.3377449675 0.41759259375 0.34746719 0.44351851875000003 0.35024496749999995 0.46111111125 0.341911635 0.48055555499999997 0.3183005225 0.439814815 0.278022745 0.410185185 0.25441163499999997 0.37685185125 0.2446894125 0.34722222125 0.251633855 0.34351851875 0.2683005225 0.35648148125 0.30857829999999997 0.37037037 0.3321894125 0.38703703625 0.3377449675
17 0.22407407375 0.518055555 0.21759259374999998 0.53611111 0.20092592625000003 0.543055555 0.17870370375 0.5791666675 0.19722222125 0.6152777775 0.225 0.569444445 0.28333333374999997 0.531944445 0.28703703625 0.518055555 0.24537037 0.5083333325 0.22407407375 0.518055555
17 0.43350296 0.736365425 0.42516962625 0.7808098674999999 0.439058515 0.7933098675 0.47516962625 0.6683098675 0.45479925625 0.65442098 0.43350296 0.736365425
17 0.50833333375 0.680555555 0.50185185125 0.6666666675 0.47314814875000005 0.6638888900000001 0.45 0.7666666675 0.444444445 0.794444445 0.44166666624999995 0.819444445 0.41944444500000005 0.85 0.44629629625 0.8416666675000001 0.48333333375000004 0.7763888900000001 0.5 0.730555555 0.50833333375 0.680555555
17 0.8416666662500001 0.22777777749999997 0.8962962962500001 0.2222222225 0.9083333337499999 0.17777777749999998 0.89166666625 0.17916666750000002 0.84259259375 0.17777777749999998 0.839814815 0.180555555 0.8388888887500001 0.180555555 0.8416666662500001 0.22777777749999997
17 0.6833333337499999 0.544444445 0.6685185187499999 0.5166666675 0.68425926 0.530555555 0.72592592625 0.48194444500000005 0.6712962962500001 0.43611111 0.635185185 0.444444445 0.62314814875 0.4847222225 0.61388888875 0.5333333325 0.62592592625 0.5666666674999999 0.63611111125 0.5972222225 0.6833333337499999 0.544444445
17 0.44537036999999996 0.2791666675 0.46666666625 0.2958333325 0.48425925999999997 0.28611111 0.49259259375 0.255555555 0.48888888875 0.2152777775 0.47685185124999996 0.21388889 0.50185185125 0.175 0.50185185125 0.10555555500000001 0.47314814875000005 0.025 0.48888888875 0.11666666749999999 0.47962963000000003 0.16388888999999998 0.45740740625 0.1527777775 0.45092592625 0.1625 0.42870370375 0.1625 0.425 0.206944445 0.42592592625000003 0.2597222225 0.44537036999999996 0.2791666675
17 0.55370370375 0.6602597124999999 0.569444445 0.6560930475000001 0.58703703625 0.6658152675 0.57129629625 0.60192638 0.55740740625 0.5408152675 0.52592592625 0.49081526750000004 0.5222222212500001 0.56442638 0.52037037 0.619981935 0.5055555549999999 0.6602597124999999 0.50462963 0.671370825 0.52685185125 0.6977597125 0.544444445 0.7102597125 0.555555555 0.6991486025 0.55370370375 0.6602597124999999