17 0.40437244375 0.09566219625 0.46020151 0.08435644999999999 0.494320685 0.08160240375000001 0.48441088625 0.0565879925 0.47077727375 0.05420209375 0.4487115925 0.05681615375 0.40085315125 0.063356555 0.34006069250000004 0.08158806625000001 0.2942378925 0.09796713750000001 0.25409367875 0.115288125 0.1892656475 0.14681511625000002 0.04895795125 0.19548137624999998 0.0467415425 0.2178314025 0.06187839125 0.23738041875000002 0.12200349125000001 0.2214805475 0.18160548875 0.19792135625 0.28255141 0.147904635 0.33124413875000003 0.12513208750000002 0.40437244375 0.09566219625
17 0.4869408975 0.1029232275 0.423851565 0.12476893 0.38297162125 0.1404453 0.28979805249999996 0.1791519075 0.12616749875 0.2438205275 0.08202032375 0.2642389975 0.09540256375 0.292878935 0.11451961000000001 0.29076586125 0.2532465875 0.23292845 0.2993543 0.21306034624999998 0.37689253375 0.18244635625 0.47446005999999996 0.13644373625 0.54001253875 0.11154614875 0.524459015 0.09190631625 0.4869408975 0.1029232275
17 0.55947328 0.16880824125 0.530838865 0.17111956875 0.4870320025 0.18974343000000002 0.41079761 0.21475675 0.3148595925 0.25219281375 0.22537500000000002 0.28050015875 0.09334791625 0.3260719875 0.1024904725 0.35347863500000004 0.11299264125000001 0.35678974375000005 0.1756698225 0.340511375 0.17602069 0.33429317249999996 0.235299485 0.3150974575 0.313580175 0.29591541 0.43767769125 0.24353644249999998 0.5745868225 0.19563620375 0.55947328 0.16880824125
17 0.6515336399999999 0.30718388999999996 0.65117234 0.27352821125 0.6245500725 0.26463291 0.57784961125 0.27107151875 0.52077974625 0.281016145 0.44529393874999995 0.296864965 0.33082032624999996 0.32267141625 0.21194424250000002 0.36641193 0.18390297625 0.3826647125 0.194842355 0.40911612124999996 0.22283472875000002 0.41375925125 0.25639099875 0.399914395 0.34407540625000005 0.36817124125 0.4303479675 0.34141990624999996 0.497954175 0.32501066125 0.5710753875000001 0.31100933999999997 0.6515336399999999 0.30718388999999996
17 0.4797297025 0.35346701875000003 0.38777978875 0.35640444375 0.32896978125 0.37698735624999996 0.28538347375 0.39096122 0.39136407875 0.39628939750000003 0.47994387625 0.39577163 0.54810158 0.38081740625000005 0.594921905 0.36827610624999996 0.637737035 0.35156917625 0.671276235 0.33017248125000004 0.7057678 0.31068439875 0.67691992125 0.2909846875 0.6597723974999999 0.3020855125 0.63993077375 0.31213315625 0.59863223375 0.32832266 0.5622531825 0.33865876624999997 0.4797297025 0.35346701875000003
17 0.5484365325 0.39565476125000004 0.4532373375 0.4124762325 0.37175049125000004 0.42490149375 0.26592520125 0.45107822249999996 0.26143018125 0.47108589500000003 0.27639096875 0.48930550375000004 0.2888199725 0.49192097625000003 0.31506596625 0.48741271750000004 0.3848833675 0.46853127499999997 0.45605247624999995 0.4554126125 0.53057520625 0.44229636375 0.58688524125 0.4250514375 0.64507334 0.40424102875 0.6983393737500001 0.38150647499999996 0.707332495 0.3558591775 0.67312575125 0.33800040375 0.65746166375 0.3481408975 0.6168413675 0.36964987125 0.5868702125 0.380740375 0.5484365325 0.39565476125000004
17 0.72572393 0.39058986625000003 0.70728346625 0.39224436249999994 0.67197052 0.4038932725 0.61062131875 0.42536323375 0.55058307125 0.4416640875 0.43817764625 0.46476508375000003 0.34541072375 0.4830437075 0.2744901625 0.49349957875 0.29119916875 0.52253059375 0.322955655 0.519718245 0.42062118 0.5049454375 0.52420159625 0.475667385 0.60799295 0.45388001250000004 0.6866598625 0.43258928249999995 0.7460270412500001 0.4101172425 0.72572393 0.39058986625000003
17 0.73893293125 0.48967206875 0.7006472862500001 0.5175587625 0.6022023925 0.578263245 0.5206081512499999 0.6082388562500001 0.42791761625 0.64350665875 0.37925340375 0.66396565 0.38970487875000004 0.68923731125 0.4207277975 0.69438312125 0.47486041 0.6726913575000001 0.56565067875 0.63282870625 0.63297922875 0.6069062975 0.69868662625 0.57144241625 0.79289236875 0.5093215087499999 0.7775238887499999 0.49464664999999997 0.73893293125 0.48967206875
17 0.76665657375 0.53476437875 0.70267961 0.5673969562500001 0.62831746875 0.60710242625 0.5293614999999999 0.65005806875 0.44380172375 0.69157096125 0.4472973925 0.7082758674999999 0.46256434125 0.71300709 0.49221086125 0.6988676875000001 0.58896827625 0.6555473687500001 0.6929359637500001 0.6024286612499999 0.7679876400000001 0.57016714375 0.8350165862500001 0.5424385500000001 0.82525305 0.5188303224999999 0.7946372037499999 0.5108202025 0.76665657375 0.53476437875
17 0.66622487625 0.71013779 0.50095493125 0.78962848875 0.50978082875 0.8140043925 0.5389020025 0.8222041625 0.5767577825 0.80216022 0.6642224950000001 0.75264943875 0.73989171 0.71331197375 0.83431812375 0.66697757875 0.8897674025000001 0.6424809862499999 0.86866273625 0.61876391 0.84321171625 0.62405283375 0.7492796800000001 0.6619990375 0.66622487625 0.71013779
17 0.7482798125 0.7837752837499999 0.6689923249999999 0.82729856625 0.57264489125 0.878142805 0.59843544 0.8976467800000001 0.6546899 0.8765256487499999 0.7420621850000001 0.82588447625 0.8583378887499999 0.7622738075 0.93575009375 0.706596975 0.92400931125 0.6877316675 0.90371085 0.6843647350000001 0.8857997262499999 0.7067705687500001 0.8221616724999999 0.7452766125 0.7482798125 0.7837752837499999