13 0.909391535 0.41170634874999995 0.907738095 0.49975198374999996 0.9060846562499999 0.83829365125 0.93915343875 0.84201388875 0.93915343875 0.50099206375 0.9623015875 0.02232142875 0.94411375625 0.01612103125 0.93088624375 0.026041666249999998 0.909391535 0.41170634874999995
13 0.8647486775000001 0.41924586374999995 0.85317460375 0.87807522875 0.868055555 0.8805553875 0.889550265 0.87807522875 0.8961640212499999 0.494890705 0.91600529125 0.0621030075 0.8945105825 0.060862927500000004 0.887896825 0.06706332500000001 0.8647486775000001 0.41924586374999995
13 0.8398195175 0.052083333749999995 0.8298988825000001 0.47495039624999996 0.82328512625 0.5729166662499999 0.81832480875 0.8643353175 0.83320576125 0.869295635 0.8563539099999999 0.8630952375 0.8547004699999999 0.56919642875 0.86627454375 0.05084325375 0.8513935925 0.0446428575 0.8348591999999999 0.052083333749999995 0.8398195175 0.052083333749999995
13 0.7954483862499999 0.84223017 0.82024997375 0.84223017 0.84009124375 0.01385715375 0.8169430950000001 0.010136916250000001 0.798755265 0.3982817575 0.7954483862499999 0.84223017
13 0.770502645 0.84821428625 0.791997355 0.84821428625 0.81183862375 0.01116071375 0.7804232799999999 0.012400793750000002 0.7572751325 0.83953373 0.770502645 0.84821428625
13 0.73578042375 0.8519345237500001 0.75892857125 0.8544146825 0.75892857125 0.8457341275 0.7804232799999999 0.01860119 0.7490079362500001 0.013640872500000002 0.74239418 0.28149801625 0.73578042375 0.8519345237500001
13 0.70436507875 0.8607155224999999 0.732473545 0.8607155224999999 0.7473544975 0.01374131625 0.71593915375 0.0100210775 0.7109788362499999 0.35848337999999996 0.70436507875 0.8607155224999999
13 0.70105820125 0.87921627 0.712632275 0.01860119 0.6845238100000001 0.01984127 0.672949735 0.8754960312500001 0.70105820125 0.87921627
13 0.67473529375 0.86185515875 0.6830024887499999 0.012400793750000002 0.65820090125 0.013640872500000002 0.6433199500000001 0.86185515875 0.67473529375 0.86185515875
13 0.6183862437500001 0.009920635 0.6183862437500001 0.21701388875 0.60681216875 0.8630952375 0.6398809525 0.86185515875 0.6398809525 0.6101190475 0.64649470875 0.009920635 0.6183862437500001 0.009920635
13 0.60515873 0.91765873 0.58531746 0.052083333749999995 0.557208995 0.05084325375 0.5720899475 0.9102182537500001 0.60515873 0.91765873
13 0.5357142862500001 0.9126984125 0.5704365075 0.91145833375 0.555555555 0.049603175000000006 0.52910052875 0.049603175000000006 0.5224867725 0.44270833375 0.5357142862500001 0.9126984125
13 0.4927248675 0.5282738100000001 0.50595238125 0.8742559525 0.5324074075 0.869295635 0.52744709 0.012400793750000002 0.497685185 0.0037202374999999997 0.49107142875 0.381944445 0.4927248675 0.5282738100000001
13 0.45634920625 0.93129960375 0.49603174625 0.0533234125 0.46626984125 0.04216269875 0.4249338625 0.9250992062500001 0.45634920625 0.93129960375
13 0.42162698374999996 0.9337797625 0.44146825375 0.048363094999999995 0.4150132275 0.03844246 0.38690476250000005 0.93129960375 0.42162698374999996 0.9337797625
13 0.39021163999999997 0.8940972225 0.40839947125000003 0.013640872500000002 0.37202381 0.008680555 0.35218254000000004 0.8903769837500001 0.39021163999999997 0.8940972225
13 0.35218254000000004 0.95486111125 0.36706349250000003 0.05828373 0.34556878249999995 0.0533234125 0.32572751375000003 0.95734127 0.35218254000000004 0.95486111125
13 0.28108465625 0.9238591275 0.31911375625 0.91765873 0.34060846499999997 0.03596230125 0.30588624375 0.028521825 0.30588624375 0.029761904999999998 0.28108465625 0.9238591275
13 0.27294871 0.9647817462499999 0.29278998 0.055803571249999996 0.26964183125 0.048363094999999995 0.24814712249999998 0.95734127 0.27294871 0.9647817462499999
13 0.20667989375 0.95858134875 0.24636243375 0.9523809525 0.262896825 0.0533234125 0.23478836 0.048363094999999995 0.22486772500000002 0.49975198374999996 0.20667989375 0.95858134875
13 0.17857142875 0.9412202375 0.21164021125000002 0.9412202375 0.21825396875 0.5716765875 0.23644179875 0.04092261875 0.205026455 0.03224206375 0.1802248675 0.60391865125 0.17857142875 0.9412202375
13 0.1421957675 0.48497139875 0.147156085 0.95124124 0.17857142875 0.9475210024999999 0.1802248675 0.54449520875 0.20171957625 0.03730274875 0.165343915 0.03234243125 0.165343915 0.03110235125 0.1421957675 0.48497139875
13 0.16369047625 0.02728174625 0.1289623425 0.023730005 0.11408730125 0.44766865125000005 0.11408730125 0.93874007875 0.14880952375 0.93625992125 0.145502645 0.51091269875 0.14384920625 0.4253472225 0.16369047625 0.02728174625
