0 0.59224673875 0.02986454625 0.5802611625 0.038164737500000004 0.5657677175 0.106401495 0.60328403875 0.11376452875 0.6219337925 0.154805385 0.619948395 0.20225516500000001 0.60712686375 0.2305342125 0.75010999375 0.2206347325 0.78398465375 0.17595733249999998 0.7928510425 0.10312992250000001 0.78358232625 0.046498834999999995 0.75002897375 0.01396020125 0.59224673875 0.02986454625
0 0.7722002425 0.24898677249999998 0.74396046375 0.22853086375 0.59201427375 0.2440311475 0.61014155625 0.29755878875 0.6083651475 0.340013855 0.59220761375 0.37848436 0.565213945 0.39778412875 0.60596177375 0.39745306375 0.6502545925 0.38193582625 0.67276282 0.40029844 0.6887035400000001 0.43654661125 0.7442504737500001 0.43021068125 0.7812521474999999 0.3803365375 0.78720051125 0.3077111575 0.7722002425 0.24898677249999998
0 0.65555251625 0.533466475 0.68295633875 0.57390124125 0.68003049125 0.6438272325 0.825931645 0.6337257224999999 0.8605377675 0.57156682625 0.8670086062500001 0.48645466125 0.85138137 0.44271441875 0.8258506237500001 0.4270511925 0.6887035400000001 0.43654661125 0.68046411875 0.49438988125 0.65555251625 0.533466475
0 0.55277909125 0.6949696 0.58153351875 0.7726626875 0.56891315 0.8656709825 0.8253856962499999 0.855384395 0.8594693474999999 0.8057122825 0.8693806825 0.7079113024999999 0.85385794 0.66167370375 0.8225956425 0.64391718 0.6823215462500001 0.65860934375 0.64615582875 0.68850463375 0.55277909125 0.6949696
0 0.09200303500000001 0.16410395749999998 0.09459974875 0.24111796 0.122526045 0.26906594125 0.19839464499999998 0.26381315625 0.24174701249999997 0.27077212875 0.2686361875 0.25396971625 0.28114423625 0.23318274125 0.2870926025 0.16055735999999998 0.273860915 0.1291018725 0.24853915875 0.10844393249999999 0.12858672999999998 0.12421924125 0.09200303500000001 0.16410395749999998
0 0.055970055 0.32610241375 0.0616937825 0.3979196725 0.09243360625 0.42816298 0.191750885 0.41879659625000004 0.2251030725 0.38660598125 0.23636501249999997 0.326063325 0.22355130375 0.28461840875 0.19822954875 0.26396046875 0.09588975250000001 0.27602624 0.07181410625 0.29512398 0.055970055 0.32610241375
0 0.1753750475 0.5319873037499999 0.21591388625 0.5366509525000001 0.2404075125 0.507563785 0.24562441499999998 0.4524199025 0.21238454625 0.4123891975 0.11004474874999999 0.42445496875000005 0.0736700425 0.45934497125 0.0741846925 0.51658215 0.10221548125 0.54203277375 0.1753750475 0.5319873037499999
0 0.15802602125 0.11222051375 0.24264869 0.10636163874999999 0.25973884999999997 0.115138885 0.31507679375 0.1137976675 0.32716686375000004 0.10300011875 0.33446583375000005 0.06763306250000001 0.30998003375 0.02699626625 0.17533299375 0.046279085000000005 0.15417537250000002 0.06517479375 0.1498989175 0.09784246375 0.15802602125 0.11222051375
0 0.08027616875 0.6529798175 0.1733394225 0.65400692 0.20064657624999999 0.62721508 0.21138604125000002 0.5791592074999999 0.20117687374999998 0.5450043325 0.17575062249999998 0.52684375 0.09665051625 0.53979063625 0.06069378875 0.56469121 0.052663355 0.617539765 0.08027616875 0.6529798175
0 0.17677991875 0.64131810625 0.0977843075 0.6517676362500001 0.0893358975 0.7146056175 0.09975405500000001 0.7437657787499999 0.12809832875 0.7617243324999999 0.30880676875 0.7541931737500001 0.34518147499999996 0.71930317125 0.35612993125000003 0.6662525862500001 0.34602525749999996 0.629600355 0.32049451124999995 0.6139371275 0.21242316249999998 0.6239096024999999 0.17677991875 0.64131810625
0 0.271018735 0.8190624937500001 0.27842219875 0.78119808125 0.2565409375 0.7478513262500001 0.11637133625000001 0.7600461325000001 0.09219119625 0.7816412287500001 0.08760125875 0.8218009700000001 0.10416894624999999 0.84306500125 0.24683859375 0.84065759125 0.271018735 0.8190624937500001
0 0.25175172875 0.92761545375 0.2569686325 0.87247157375 0.223519775 0.8374355825 0.086477185 0.84443364375 0.05593852625 0.878919585 0.053326161250000004 0.9413535075 0.08437946874999999 0.9641047450000001 0.21839954125 0.9598060700000001 0.25175172875 0.92761545375
0 0.453903545 0 0.3892919925 0.00905446875 0.36469387249999996 0.04063899375 0.44056247125 0.03538620875 0.465570745 0.0635362175 0.46337635874999994 0.11598071375 0.5567530975 0.10951574624999999 0.58103773375 0.0854232925 0.5837545925 0.02049201375 0.56915033875 0 0.453903545 0
0 0.46336818 0.1161165525 0.44794210624999997 0.13710556000000002 0.4820179325 0.15715740875 0.48211460375000004 0.22438401500000002 0.4698155425 0.24017627625 0.416977645 0.25130489125 0.41666416 0.25879696125 0.59487255625 0.241478405 0.6194706750000001 0.20989388125000003 0.624583085 0.15724735625 0.60885135375 0.11600447000000001 0.59467921625 0.10702519375 0.46336818 0.1161165525
0 0.61367872125 0.35209658 0.61889562625 0.29695269750000003 0.60316389375 0.25570981125 0.5889917575 0.24673053500000003 0.42537347625000005 0.26303894 0.436828755 0.33694949625 0.41389472374999997 0.39830027375 0.5888716125 0.3886758175 0.61367872125 0.35209658
0 0.4864116725 0.54268687 0.65555251625 0.533466475 0.68338214125 0.49418785 0.6883900562499999 0.4440386825 0.6784943724999999 0.40239173625 0.6532771099999999 0.37923643875 0.47465073500000005 0.40654442375 0.49392745625 0.4326011375 0.5010096125 0.47195275625 0.4864116725 0.54268687
0 0.47993300875 0.69752299875 0.65188738 0.69059792875 0.6796125125 0.6538166612499999 0.6878519337500001 0.5959733912499999 0.67795625 0.55432644625 0.65544802125 0.53596383125 0.48297117624999997 0.55537568625 0.50432996375 0.60120922375 0.5020310837499999 0.6561510762499999 0.47993300875 0.69752299875
0 0.43897049000000005 0.7029850562500001 0.45449323125 0.749222655 0.44499987500000004 0.8370342075 0.42258831625 0.8858981987500001 0.39517666875 0.9151873962499999 0.47667232624999994 0.9145252650000001 0.49668050874999997 0.92310048125 0.53784631625 0.9127799875 0.57172097625 0.86810258875 0.5872593675000001 0.7748922625 0.574759145 0.72595527625 0.5441238150000001 0.69321461125 0.43897049000000005 0.7029850562500001
0 0.44066426625 0.032889037499999996 0.32936140999999997 0.05055561375 0.35634725500000003 0.10097980625 0.3605113875 0.140533455 0.44502956125 0.13717193625000002 0.46347815249999996 0.11348354375 0.46817258375000004 0.07082644625000001 0.44066426625 0.032889037499999996
0 0.303202485 0.25406663125 0.390952165 0.24301101125 0.41544579 0.21392384374999998 0.41940875875000005 0.18874824499999998 0.40669954625000004 0.14480597125 0.38669136375 0.136230755 0.29894168249999997 0.147286375 0.2867471175 0.16058128 0.28121673 0.22321723375000002 0.303202485 0.25406663125
0 0.24776857249999998 0.47454524374999996 0.31175609125000003 0.4750952925 0.34489929125 0.44789939124999995 0.35928824125 0.38215999250000005 0.34657902999999995 0.33821771875 0.32980235125 0.32194840125 0.236425615 0.32841336875000005 0.20369256875000002 0.41534380499999995 0.2321413375 0.43080500125 0.24776857249999998 0.47454524374999996
0 0.43989979875 0.39898992499999997 0.35788166875 0.4121388425 0.32348453374999997 0.46930302625000003 0.24772043 0.47205845500000004 0.243861955 0.49473669625 0.30190893125 0.49818816374999997 0.3286857875 0.55360707 0.46551938875 0.55160372125 0.49595355374999994 0.51961513625 0.50690200875 0.46656455125 0.48887922250000004 0.41053955375 0.46324398250000004 0.39737368500000003 0.43989979875 0.39898992499999997
0 0.3196437125 0.5567232225000001 0.30254572625000004 0.61766993875 0.32286739375 0.61875308375 0.34224861124999995 0.6423124425000001 0.34839031499999995 0.70414027375 0.39851918124999997 0.6882189750000001 0.4442670975 0.707462705 0.47063380000000005 0.703147075 0.49804544874999995 0.6738578775 0.5092028925000001 0.61581257875 0.49649368000000005 0.57187030625 0.4711719225 0.551212365 0.3196437125 0.5567232225000001
0 0.4594990225 0.76866117125 0.44158073000000003 0.7101388175 0.40198234374999997 0.6829989575000001 0.35206246625 0.6939255425 0.33903194625 0.7271993025000001 0.31182928625 0.75149378625 0.25993183875 0.7401461887499999 0.2784770975 0.7836844025 0.27420064499999997 0.81635207125 0.2469979875 0.840646555 0.25762513375 0.8648120025 0.25522175874999997 0.92225121125 0.38038326625 0.9210559825 0.410190465 0.90405154 0.44792360000000003 0.83669589875 0.4594990225 0.76866117125