17 0.24570098999999998 0.36568532875000004 0.24670755374999997 0.32145440625 0.27845763625 0.24836372625 0.2781751175 0.2218934425 0.27214768 0.21131929625 0.23213934375 0.20336219125 0.2153932 0.15829082375 0.20502764375000002 0.15688145750000002 0.08592082625 0.2190385625 0.1105014425 0.30545229 0.1362534275 0.3630760925 0.24570098999999998 0.36568532875000004
17 0.37582677875000003 0.2276188125 0.4491568 0.1711948825 0.4606230925 0.13719675374999998 0.46050537625 0.12616746875 0.44702015625 0.10954467250000001 0.42333418500000003 0.10695350875000001 0.34160465125 0.06909451375 0.317965765 0.070915065 0.21687063250000002 0.15817704000000002 0.22463447625 0.19290182749999998 0.25144011125 0.21070642125 0.37582677875000003 0.2276188125
17 0.25025679375 0.5154560324999999 0.21923075625 0.51784550625 0.18686854875000003 0.533583905 0.14733107875 0.5697439375 0.07934574 0.5727721637500001 0.042786673750000004 0.610910485 0.03579975875 0.648978975 0.09466733625 0.76145180125 0.12133171125 0.76602125125 0.18002869 0.72397030625 0.238631495 0.6730959337500001 0.24102131624999998 0.6199277987499999 0.27364250125 0.62845382625 0.28381970875 0.61221633625 0.28942336874999997 0.58308506 0.28004083375 0.53523891375 0.25025679375 0.5154560324999999
17 0.36480745249999996 0.8576534537499999 0.373672035 0.8569707475 0.43769015000000006 0.7593182425 0.47206548750000005 0.6551179949999999 0.46730359 0.62457735125 0.39664011375 0.51522065875 0.33016154625 0.65942373 0.29599809875 0.7834766875 0.29775804875 0.80983318625 0.30531000375 0.8247052612500001 0.36480745249999996 0.8576534537499999
17 0.7230287049999999 0.33996224625000004 0.8104089837499999 0.3531016775 0.8295449475 0.34500490874999995 0.8513532537499999 0.31021028875 0.8566273062499999 0.250197015 0.8400224224999999 0.21836078874999998 0.7909376175 0.1912336775 0.69316823625 0.17447902124999998 0.69178498 0.18341623375000002 0.7127279799999999 0.20608767875 0.7249241175000001 0.24047111375 0.7230287049999999 0.33996224625000004
17 0.77733784625 0.45827495874999996 0.73341223 0.49891232875 0.6942360125 0.55160206375 0.6588269449999999 0.610900645 0.5939722725 0.6821255362499999 0.5721639675 0.7169201562499999 0.59016460375 0.7583074449999999 0.6305915575000001 0.8228038575 0.6481213275000001 0.82007400625 0.67819603625 0.78050336625 0.7099556712499999 0.72562523 0.7324225087499999 0.66594360375 0.7717789225 0.71672452625 0.8228304525 0.73762907625 0.86700621625 0.72042894 0.88701187875 0.68991253125 0.9050236062499999 0.6457517475 0.9087724174999999 0.56405519625 0.8942004950000001 0.49756755750000004 0.8531591525000001 0.4620941325 0.8132619237500001 0.44722950125 0.77733784625 0.45827495874999996
17 0.33036093875 0.66078816625 0.30340593875 0.6463065825 0.2820060175 0.6327769675 0.24858726125 0.61879318875 0.23747710375 0.6168892524999999 0.2414944 0.6469353225000001 0.23898908 0.6719645599999999 0.263424045 0.7100967199999999 0.2831831825 0.74306981375 0.30357142249999997 0.74839858125 0.315192965 0.7116289075000001 0.33036093875 0.66078816625
17 0.59952735 0.68307738375 0.64056506875 0.6316240775 0.6417791300000001 0.57219944 0.63293886125 0.5232076987500001 0.61436798125 0.5149793775 0.58194619 0.50781778875 0.5479719025 0.52837164 0.51968512375 0.5622854075 0.50895754625 0.59622664375 0.468857935 0.6489874975 0.45909789625 0.6869936 0.4618533625 0.685401595 0.471878265 0.6722113812499999 0.49842125625 0.6480904687500001 0.53026918 0.6014842975 0.56418461 0.57541580125 0.6094603424999999 0.57468847375 0.6282077975 0.59946072125 0.60930210625 0.64644994 0.5384803475 0.6781203675 0.49701590500000004 0.6895925175000001 0.46188279125000004 0.688158915 0.43762802375 0.7534974149999999 0.4304321625 0.77198892375 0.47471092875 0.7644394099999999 0.5337787125 0.75713071125 0.57236996875 0.7362212837500001 0.5739960399999999 0.7153991437499999 0.59952735 0.68307738375
17 0.5528158624999999 0.13175227125 0.5174767450000001 0.11101742249999999 0.49173943125 0.12403793375 0.45536282624999996 0.17927164625 0.43540130750000006 0.21392403625 0.43135820625 0.26804737500000003 0.45038523875 0.3190141725 0.47754624125 0.352797005 0.5152876775 0.33885199499999996 0.54382460375 0.32837545875 0.5686532387500001 0.3168047225 0.6131821525 0.3326924375 0.63836393625 0.35420955499999995 0.6576963512499999 0.3472014925 0.69196493 0.35422085125 0.68350723875 0.34107428375 0.6666801425 0.32305311000000003 0.6473624425 0.33143983374999997 0.5768460675 0.3051354 0.53404622375 0.27807616875 0.5602360675 0.22086740249999998 0.56441160125 0.17915201 0.5528158624999999 0.13175227125
17 0.18053953 0.39084873375 0.15307314249999998 0.41504076125 0.1321440875 0.445628285 0.13554699625 0.50469734375 0.13896461875 0.5651450637500001 0.15646496000000001 0.5596578925 0.17201551125000003 0.54466232625 0.19672643 0.52206230625 0.23171239875000002 0.50970930125 0.275303205 0.5242894725 0.27326512625 0.506509115 0.24916859625 0.50008614875 0.21343218625 0.44212746375 0.22524501749999998 0.4232803775 0.2529026925 0.41701093749999996 0.2777166125 0.40406154 0.25740194625 0.40562607624999997 0.246115215 0.38717821 0.21470510625 0.38821747 0.18053953 0.39084873375
17 0.27213210625 0.40035224999999997 0.24551554125 0.41757986 0.22615369625 0.42183060125 0.2162317975 0.44467143875 0.22293098749999998 0.46623220125000003 0.23417357375000003 0.48054408375 0.25287688750000004 0.5011803475 0.27045080125 0.5025864787500001 0.27926164124999997 0.5488209024999999 0.2909162375 0.60173528125 0.30155915125 0.64644881375 0.328499435 0.6595517375 0.35020474 0.6151064925 0.37189532875 0.5692825874999999 0.38797198125 0.51699207125 0.37752035624999997 0.49020112625 0.36302200749999997 0.43060679125 0.3138761225 0.41507465000000004 0.27213210625 0.40035224999999997
17 0.29253506125 0.4070596775 0.30625353875 0.39358500375 0.2793721125 0.3859967225 0.27087027875 0.36871417125 0.28335635625 0.32635874000000004 0.32001253749999997 0.29731957875 0.380092005 0.29821172874999996 0.41452244125 0.32039635375000003 0.44322122625 0.325085085 0.4180541575 0.3049466275 0.36408530125 0.2704688175 0.32500846375000003 0.24588244625000003 0.282547055 0.25053240875 0.26522328875 0.27256350749999997 0.24899949124999998 0.3110674175 0.24390056375 0.3528539275 0.2618129125 0.38596925125 0.29253506125 0.4070596775
17 0.403927295 0.36674553625 0.3943732575 0.42405289 0.39969652625 0.4898730225 0.414062445 0.5370594125 0.41498584 0.5369882975 0.41595337625 0.541053165 0.42343990750000005 0.46320813375000003 0.44389809625 0.38850347125 0.42232160125 0.35842993 0.403927295 0.36674553625
17 0.45549021125000005 0.34897647625 0.41828959125 0.32700519749999996 0.376648575 0.32193342125 0.35828369875 0.33300635 0.32998220625 0.36554145624999995 0.3091414375 0.4044009425 0.3157081975 0.41355375875 0.31479951875 0.41500353625 0.32312477875 0.41574215875 0.34354244625 0.42382824625 0.36483936624999996 0.4277072375 0.36775669375 0.44128049750000004 0.37381206749999996 0.48910692625 0.39960824 0.48160105875 0.39749658875 0.4569273975 0.39415253875 0.40337298 0.40671219125 0.3679108525 0.42320085125 0.3542228325 0.44485091875000005 0.39118967750000005 0.47592259499999995 0.35844122624999997 0.45549021125000005 0.34897647625
17 0.7215480062499999 0.33976984625 0.72878438875 0.2384875875 0.69772380625 0.18568796625 0.641628585 0.125157835 0.582777895 0.06621970875 0.5477624975 0.07581539125 0.5379877425 0.112442835 0.5502420112499999 0.13495556625000002 0.56362567875 0.17669843 0.5613410775 0.22240757625000002 0.53595691125 0.26851594125 0.5444146025 0.28166251124999997 0.60817292875 0.28089154 0.60109478375 0.31041233375 0.6234622425 0.328006815 0.66879683375 0.33279413249999995 0.6930552249999999 0.35438236500000003 0.664312295 0.3455576525 0.6338844375 0.35204043875 0.6583488325000001 0.39292992 0.66991513875 0.43757233624999997 0.7215480062499999 0.33976984625
17 0.6914779262499999 0.55294867 0.6826229425 0.50257826625 0.6765969975 0.4575091575 0.6681245925 0.44298392875 0.6536115275000001 0.38201093 0.62256566 0.3305899725 0.57992767625 0.3186960075 0.5255651499999999 0.33392109249999996 0.48045127625 0.34981368625000003 0.45113810375 0.37414794375 0.4394429875 0.40402431499999997 0.42439273125 0.46589434124999995 0.42064392 0.54759089 0.44047663 0.5874572874999999 0.46020633625 0.61767306125 0.4743515375 0.64417954375 0.49976513250000004 0.60082849875 0.52422590375 0.55479124875 0.5375029450000001 0.49995675624999997 0.54537205375 0.45795690125 0.5771058825000001 0.487248175 0.58100546375 0.5062649637500001 0.61989101125 0.5129287462500001 0.6376856449999999 0.535014785 0.64460555375 0.5772554575000001 0.6421738050000001 0.60917799625 0.6469232062499999 0.6212303662499999 0.67693905625 0.57614508375 0.6914779262499999 0.55294867
