17 0.26032251875 0.76963508 0.16430407 0.69536343875 0.11407632 0.65776696125 0.052084716249999996 0.60754014375 0.03614169375 0.59234408875 0.025179825 0.6257249125 0.0233252475 0.6813721675 0.0513430425 0.7364303162500001 0.06315993 0.777936815 0.078664915 0.8032296125 0.14253943375 0.84875355125 0.1866273725 0.88167925625 0.22408442874999998 0.8911547824999999 0.24985536125 0.89480790375 0.26437820500000003 0.88254188 0.27753390375 0.87168992875 0.279003475 0.855015575 0.27995728 0.8416300225000001 0.2938866275 0.82584486625 0.31088588125 0.81239509125 0.26032251875 0.76963508
17 0.10974988625 0.52467584625 0.09726541250000001 0.5458548675 0.10191095750000001 0.58926821 0.1105024825 0.6148234462500001 0.136404175 0.65416066375 0.16145448874999999 0.6916231500000001 0.18720072375000002 0.71734449 0.23820212500000001 0.75000775625 0.2865716575 0.770238895 0.3229194525 0.7794840949999999 0.35689326250000003 0.77465276375 0.3767045375 0.7651827775 0.39122738125 0.75291674875 0.39731416 0.7287113650000001 0.244412385 0.61546128125 0.16800036 0.56224021125 0.10974988625 0.52467584625
17 0.23134889 0.5210687475 0.24670924374999997 0.5470704825 0.27660807375 0.5784922825000001 0.3299658225 0.62559091875 0.33394267499999997 0.63121926375 0.3700066025 0.6543159975 0.39021808125 0.65971335375 0.35898781 0.63161703875 0.33596602875000003 0.6028238375 0.31934666 0.56935679125 0.31538727 0.5481236475 0.3464701125 0.54617314625 0.30951187999999996 0.51328553625 0.29336714625 0.48712093125 0.25938153375 0.4404427775 0.21332308125000002 0.45008958 0.21197417875 0.46901986125 0.218706375 0.49323004875000004 0.23134889 0.5210687475
17 0.5083709825 0.729748005 0.5559032662500001 0.7422378449999999 0.57085148 0.7427214449999999 0.59798123625 0.7444242950000001 0.541909035 0.7131296362499999 0.50112303375 0.67452802 0.47389238375 0.6452916449999999 0.4422622975 0.60466079625 0.42161986874999996 0.57286203125 0.36212408 0.5408565 0.31865324625 0.5475516925 0.31935108375 0.5712787975 0.33465914750000003 0.60328005875 0.36971282250000004 0.6446217787499999 0.39602760125 0.66842749125 0.455185405 0.70822358125 0.5083709825 0.729748005
17 0.3513923175 0.502815305 0.40176570624999997 0.5377777775 0.38653848 0.48223038 0.38065818874999996 0.46157602249999996 0.38861629375 0.44717478374999997 0.29161739625 0.36788889625000004 0.2753407825 0.3771831625 0.27527752625 0.39575847375 0.28170980375 0.41652744625 0.30172382249999996 0.445186105 0.32258515875 0.47571056 0.3513923175 0.502815305
17 0.25312062375 0.38439838375 0.24782052499999999 0.41456025750000003 0.26710325749999997 0.45151636625 0.29543578375 0.48528199625 0.32715760000000005 0.52651081 0.34604125 0.54057096 0.3593786225 0.5391156850000001 0.418378145 0.56995477875 0.400918385 0.5359119824999999 0.3530869625 0.50654689875 0.3261027775 0.4823554625 0.291838995 0.4355292575 0.28014348625 0.41197756875 0.27531620625 0.39914622375000003 0.27460949875 0.38548061250000004 0.25312062375 0.38439838375
17 0.38836910125 0.4421838375 0.37983455125 0.45824676375 0.39431866374999996 0.51079601375 0.40514359624999996 0.5397962562499999 0.43447044375 0.5914641075 0.46271293375 0.63299845125 0.52673881875 0.6978162175 0.5526621025 0.72004312625 0.5144687837499999 0.6695067462500001 0.46493929875 0.60175399875 0.44524789499999995 0.57388523 0.42492359375 0.5330041825 0.41403889125 0.51290904875 0.4059227325 0.46663621624999996 0.39868067625000003 0.44036158999999997 0.38836910125 0.4421838375
17 0.5177730275 0.59918283375 0.47170564499999995 0.5461346225 0.4559735225 0.5256560725 0.44100347749999996 0.48741039 0.4367127 0.47040262624999996 0.43598704 0.45284578000000003 0.43914037624999996 0.44383044125 0.4460562375 0.43726362625 0.4265224075 0.41879923374999994 0.41510558625 0.4153203075 0.39747653875 0.43715158625 0.41234776375000004 0.4901146525 0.41477367 0.5127851274999999 0.43472952249999997 0.55239556875 0.45113187250000003 0.5812931225 0.49488585999999996 0.6444494937499999 0.5342361075000001 0.6931127562499999 0.55802081125 0.7191075487499999 0.5973575437499999 0.7434724575 0.6266041412500001 0.7437474000000001 0.6520991975 0.73936345 0.61992591 0.6836491262500001 0.5577978512499999 0.64010567 0.5177730275 0.59918283375
17 0.50488272 0.45859485624999996 0.47570971 0.43239993374999997 0.45311605625 0.428693225 0.4391120125 0.44193039749999996 0.43607609375 0.46128903250000003 0.43848345250000004 0.48562195125 0.4578748625 0.52731998 0.48496330249999997 0.562928135 0.53633956625 0.6204849825000001 0.58677180125 0.6594386287499999 0.6142812125 0.67654344125 0.66149111625 0.6987362225 0.6716879662499999 0.7026527487500001 0.69959929125 0.69849233125 0.6782700425 0.6606819212499999 0.6462902012499999 0.6177318125 0.57327989 0.5291816775 0.54204134 0.49450288625 0.50488272 0.45859485624999996
17 0.78162893625 0.27295170375 0.8097634875 0.30569523125 0.8733717049999999 0.35813443125 0.9702567462499999 0.42981315875 0.9787712487500001 0.42373479125 0.9763691525 0.40530157125000005 0.95479012 0.35486388249999995 0.8831268125 0.30075212375 0.82941374 0.2671810925 0.7907543850000001 0.22440587874999998 0.76970478375 0.20434250375000002 0.761122665 0.22049496125 0.7652108775 0.24264099125000002 0.78162893625 0.27295170375
17 0.74470329 0.3391419075 0.8234506325 0.40211039249999997 0.8902857875 0.44989159875 0.8642717725 0.40917383749999997 0.8287703125 0.34388373375000003 0.7854361862499999 0.29815698125 0.73718791 0.26553634 0.6836815887500001 0.23606186625 0.63865462125 0.2436642575 0.6345134625 0.2639941175 0.6696915775 0.3009641125 0.7142042275 0.30879406249999997 0.74470329 0.3391419075
