13 0.49514429 0.09228077125 0.58003668 0.11410997125 0.9076364499999999 0.19346515875 0.9195540074999999 0.16212614125000002 0.5891355462500001 0.0838110575 0.32428420375 0.00720631625 0.19969149875 0.00443758875 0.49514429 0.09228077125
13 0.572417005 0.12426126375 0.1580737375 0.005556284999999999 0.15146876875 0.02619718875 0.15581377875 0.0340597725 0.49122684 0.13747325124999998 0.93288031375 0.25411031375 0.9390242037500001 0.240192865 0.94202460625 0.2186976125 0.572417005 0.12426126375
13 0.62969625625 0.21312939 0.9108069025000001 0.28488219375 0.91935383625 0.27153430875 0.9191653225 0.2475750425 0.63398903625 0.18169134750000002 0.1346625225 0.05138474375 0.12491406749999999 0.06444784625 0.12796670000000002 0.08225322125 0.12921364875 0.07742421625000001 0.5364386425 0.18419293 0.62969625625 0.21312939
13 0.09224434000000001 0.0683811075 0.08282068125 0.09006211625 0.45432482 0.19690527 0.88363828125 0.3020766075 0.88987302625 0.27793158375 0.09224434000000001 0.0683811075
13 0.0825294575 0.0952665725 0.0758336375 0.12613505 0.87142950125 0.33862008125000004 0.8831653512500001 0.32773621 0.8885687962500001 0.3068105225 0.0825294575 0.0952665725
13 0.8780412725 0.36239358875 0.88626341125 0.34042779875 0.87785275875 0.33843432375 0.08184124499999999 0.12755896125 0.06913781499999999 0.15700352875 0.32700389874999997 0.22495514 0.8780412725 0.36239358875
13 0.06881948624999999 0.15863626249999999 0.0573175775 0.1883656125 0.39369822 0.27321839375 0.87865190125 0.3949938275 0.885717945 0.3676294675 0.06881948624999999 0.15863626249999999
13 0.8957461062500001 0.40246182875000003 0.06479960875 0.19355535750000002 0.05893508625 0.22120450000000003 0.8850754962499999 0.42897184250000003 0.8957461062500001 0.40246182875000003
13 0.8723076212499999 0.42410094875 0.05134352 0.22097685375 0.04631029625 0.24540666000000003 0.8644102775 0.45468464500000005 0.8723076212499999 0.42410094875
13 0.03269692625 0.28331297125 0.2333510475 0.330871585 0.8564342924999999 0.49051075 0.8635457662500001 0.45803260375 0.619636865 0.40022183125 0.03976297125 0.25594861125 0.03269692625 0.28331297125
13 0.9088855975 0.50465083125 0.06523567125 0.32518892875 0.05696810375 0.35226850499999995 0.89336347375 0.5351355025 0.9088855975 0.50465083125
13 0.0553509325 0.35359339125 0.04870053875 0.37934808375 0.4279203125 0.47606268874999996 0.886622225 0.5711177675 0.89414934625 0.53702995375 0.0553509325 0.35359339125
13 0 0.40032911624999995 0.36114840625 0.49269206125 0.50334361375 0.52468668375 0.8418933587499999 0.59126355 0.8437376675 0.56436973125 0.01223923875 0.3724142875 0 0.39319293375000003 0 0.40032911624999995
13 0.8846938675 0.652653575 0.04399211 0.41239579374999996 0.02569672125 0.43880678250000005 0.87078891375 0.68181336125 0.8846938675 0.652653575
13 0.8783682675 0.68702617125 0.025469585000000003 0.46437571749999995 0.00920701625 0.48785215125000003 0.86723658 0.72025964 0.8783682675 0.68702617125
13 0 0.53081732375 0.8188577225 0.7446648625000001 0.8320222287500001 0.70849684 0 0.49286774125 0 0.53081732375
13 0.88133684875 0.7594735325 0.016377522499999998 0.5390890425 0.00616799125 0.5588756025 0.87708949875 0.7857977887500001 0.88133684875 0.7594735325
13 0 0.5992036575 0.8334258712499999 0.82156971375 0.8369782050000001 0.7831234337499999 0 0.56284954 0 0.5992036575
13 0 0.63630425375 0.85758695875 0.86132442125 0.87103083375 0.83888809 0 0.61204992875 0 0.63630425375
13 0 0.6724863037500001 0.40837336874999997 0.77890294625 0.8483642425 0.9019786825 0.8523322262499999 0.8619227349999999 0 0.64311086625 0 0.6724863037500001
13 0 0.7049293675 0.49807865 0.8462856875 0.824476895 0.9253560925 0.8327898874999999 0.8931627287499999 0.47639902874999995 0.8018589825 0 0.6713807812500001 0 0.7049293675
13 0 0.7469492525 0.37326987125 0.8559920212500001 0.8262889725 0.9582410950000001 0.83058175125 0.9268030525000001 0.44050285625 0.832639195 0 0.7081053887500001 0 0.7469492525
13 0 0.7840975912499999 0.33006093125 0.8747898687500001 0.8058635150000001 0.98756359 0.81218911625 0.9531909925 0.39923588125000004 0.8587300612500001 0.315915235 0.8406897625 0 0.748802255 0 0.7840975912499999
