17 1 0.29867256625 0.9557522125 0.22787610625 0.92182890875 0.21017699125 0.8849557525 0.21017699125 0.8318584075 0.24557522124999998 0.7876106199999999 0.32079645999999995 0.7713864312500001 0.39159292 0.7728613575 0.46238937999999996 0.7964601775 0.53097345125 0.83923303875 0.5796460175 0.8790560475 0.60398230125 0.92772861375 0.60840708 0.95427728625 0.60176991125 1 0.55752212375 1 0.29867256625
17 1 0.67920354 0.97640118 0.6504424775 0.9528023600000001 0.6349557525 0.8672566374999999 0.626106195 0.8362831862500001 0.6349557525 0.79793510375 0.6637168137499999 0.77581121 0.69247787625 0.75958702125 0.7323008849999999 0.74778761 0.78539823 0.74631268375 0.8252212387500001 0.77433628375 0.9469026549999999 0.80383480875 1 1 1 1 0.67920354
17 0.5029498525 0.8230088499999999 0.4852507375 0.8783185837499999 0.48082595875 0.93362831875 0.48672566375000004 0.9690265487499999 0.5 1 0.75073746375 0.99778761 0.758112095 0.9469026549999999 0.758112095 0.8938053100000001 0.7359882 0.8119469024999999 0.7094395275 0.7676991150000001 0.6902654862500001 0.75221239 0.66076696125 0.7389380525 0.62536873125 0.73672566375 0.58407079625 0.7433628312499999 0.54277286125 0.76327433625 0.5029498525 0.8230088499999999
17 0.5 1 0.48377581124999997 0.944690265 0.4852507375 0.8827433625000001 0.5 0.8318584075 0.52802359875 0.78318584125 0.5073746312499999 0.7588495575 0.4793510325 0.7433628312499999 0.43952802375 0.7389380525 0.41150442499999995 0.74778761 0.3613569325 0.78318584125 0.3200589975 0.8318584075 0.29351032499999996 0.89601769875 0.2905604725 1 0.5 1
17 0.57817109125 0.53097345125 0.5619469025 0.61061946875 0.50442477875 0.7057522125 0.52359882 0.7433628312499999 0.53982300875 0.7610619475 0.60766961625 0.7389380525 0.6917404125000001 0.74778761 0.7389380525 0.7035398225 0.7640118 0.6526548674999999 0.7787610625000001 0.57743362875 0.7654867262499999 0.47566371625000003 0.7433628312499999 0.41814159250000005 0.7153392325 0.37831858375000005 0.6563421825 0.41592920375 0.5973451325 0.41592920375 0.56637168125 0.39823008875 0.5294985249999999 0.36283185875 0.56342182875 0.42477876125 0.576696165 0.48451327375 0.57817109125 0.53097345125
17 0.28466076749999997 0.42699115 0.27728613625000004 0.46902654875000005 0.2787610625 0.51548672625 0.3023598825 0.623893805 0.34365781749999996 0.6991150437500001 0.38938053125000005 0.7345132737500001 0.4380530975 0.7389380525 0.49262536875 0.7123893800000001 0.55162241875 0.63716814125 0.57817109125 0.55752212375 0.57817109125 0.47787610625 0.5619469025 0.41371681375 0.517699115 0.34955752250000005 0.46902654875000005 0.31637168125 0.39528023625 0.2964601775 0.34365781749999996 0.31637168125 0.31563421875 0.34292035374999996 0.28466076749999997 0.42699115
17 0.24336283125000002 0.8119469024999999 0.2448377575 0.8650442475 0.26253687375 0.9469026549999999 0.28318584125 1 0.29351032499999996 0.99778761 0.2964601775 0.911504425 0.31268436625 0.8561946899999999 0.34513274375 0.805309735 0.42182890875 0.7433628312499999 0.35988200625 0.7123893800000001 0.3141592925 0.6526548674999999 0.27138643125 0.7057522125 0.26253687375 0.7654867262499999 0.24336283125000002 0.8119469024999999
17 0 0.76327433625 0.0324483775 0.82079646 0.09439528 0.8694690262500001 0.12684365749999998 0.8827433625000001 0.18141592875 0.876106195 0.22566371624999998 0.8451327437499999 0.2640118 0.7610619475 0.27138643125 0.71460177 0.27138643125 0.661504425 0.26253687375 0.5973451325 0.25073746375 0.55088495625 0.21238938000000002 0.47566371625000003 0.16519174 0.44026548624999995 0.11651917375 0.4380530975 0.041297935 0.48451327375 0 0.53982300875 0 0.76327433625
17 0.5053466075 0.07300885 0.48617256625000005 0.15707964625 0.48469764 0.21681415874999999 0.5053466075 0.305309735 0.53926991125 0.37168141624999995 0.59236725625 0.41814159250000005 0.65431415875 0.4203539825 0.69118731625 0.39823008875 0.7398598825 0.340707965 0.77230826 0.25663716875 0.77673303875 0.1681415925 0.7605088499999999 0.11061946875 0.6985619475 0.03761062 0.6292404125000001 0.0110619475 0.5938421825 0.00663716875 0.5717182887500001 0.0110619475 0.5289454275 0.03761062 0.5053466075 0.07300885
17 0.7616150437500001 0.11587389375000001 0.7734144537500001 0.17782079625000002 0.7734144537500001 0.23534292 0.76751474875 0.26631637125 0.7468657812499999 0.31941371625 0.7114675512499999 0.37693584125 0.7527654862500001 0.42782079625 0.7689896749999999 0.41675885 0.7778392325 0.36587389375 0.7984882 0.30835177 0.83831121 0.24198008875 0.86191003 0.22206858375 0.9002581125 0.20879424749999997 0.9356563425000001 0.21543141625 0.96073008875 0.23534292 0.96662979375 0.22870575250000003 0.96810472 0.1910951325 0.96073008875 0.1556969025 0.9282817112499999 0.08711283125 0.89583333375 0.051714601250000006 0.8412610625000001 0.00967920375 0.8014380525 0.005254425 0.7542404125000001 0.01852876125 0.72031710875 0.05613938 0.7616150437500001 0.11587389375000001
17 0.19469026499999997 0.1703539825 0.19764011750000002 0.23451327375000003 0.18436578125 0.29867256625 0.15781710875 0.35619469000000004 0.15486725625 0.38274336249999996 0.182890855 0.44247787625 0.2094395275 0.47566371625000003 0.2389380525 0.5 0.27138643125 0.50221239 0.281710915 0.49115044249999995 0.28908554625 0.42256637124999996 0.31563421875 0.34955752250000005 0.352507375 0.3141592925 0.41740413 0.2942477875 0.41887905625 0.2389380525 0.41002949875 0.1880530975 0.39675516250000004 0.1526548675 0.35398230124999996 0.10176991125000001 0.29498525125 0.07522123875 0.22713864250000002 0.07300885 0.19616519125 0.08849557499999999 0.17699114999999999 0.11061946875 0.19469026499999997 0.1703539825
17 0 0.44911504375 0.00442477875 0.4535398225 0.04572271375 0.4535398225 0.08407079625 0.43362831874999996 0.100294985 0.41150442499999995 0.14306784625000002 0.37831858375000005 0.18141592875 0.3141592925 0.19911504375 0.25 0.19911504375 0.17477876125000003 0.182890855 0.11946902625 0.1386430675 0.06415929249999999 0.0914454275 0.042035398749999994 0 0.05088495625 0 0.44911504375
17 0.38348082625 0 0.38643067875 0.13938053125 0.40117994125 0.1681415925 0.41297935125 0.2212389375 0.41297935125 0.29867256625 0.458702065 0.3141592925 0.49262536875 0.25442477875 0.48820059 0.14823008875 0.4970501475 0.08849557499999999 0.45280236 0.0110619475 0.4321533925 0 0.38348082625 0
17 0.11061946875 0 0.10471976375 0.042035398749999994 0.14306784625000002 0.06858407125 0.1740412975 0.10840707999999999 0.22861356875 0.07300885 0.29793510375 0.07522123875 0.33333333375 0.08849557499999999 0.3908554575 0.13716814125000001 0.39380530999999996 0.03982300875 0.387905605 0 0.11061946875 0
17 0.10730088500000001 0.87417035375 0.05272861375 0.83877212375 0.0453539825 0.8409845137499999 0.0453539825 0.8564712387500001 0.058628318750000005 0.907356195 0.071902655 0.9250553100000001 0.1338495575 0.975940265 0.16777286125 0.975940265 0.21644542749999998 0.96266592875 0.25331858375 0.9250553100000001 0.25479351 0.9029314162500001 0.24151917375 0.85204646 0.23709439499999999 0.83877212375 0.225294985 0.836559735 0.19432153375 0.8631084075 0.15302359875000002 0.8785951325000001 0.10730088500000001 0.87417035375
17 0 0.9203539825 0.01032448375 0.9380530975000001 0.033923303749999995 0.96681415875 0.06784660749999999 0.9845132737500001 0.1179941 0.9933628312499999 0.14306784625000002 0.9845132737500001 0.08849557499999999 0.9380530975000001 0.05899705 0.88716814125 0.0501474925 0.8340707962499999 0 0.77433628375 0 0.9203539825