17 0.06151672 0.65679834875 0.08993514875000001 0.71596822375 0.1140023 0.760420675 0.13806945125 0.79919834625 0.18050364125 0.86162093875 0.25270509874999997 0.9978156875 0.27550555875 0.998761485 0.29260590375 0.98268293875 0.2666387125 0.92404353375 0.23307137 0.866349925 0.16606731125 0.76920126625 0.13510560875 0.72226457625 0.09335422375 0.6515092687499999 0.0727130875 0.5968665575 0.0642689875 0.5632402725 0.04081315125 0.5744490325 0.04068822375 0.5880804587499999 0.04698521125 0.609780845 0.06151672 0.65679834875
17 0.14186325875 0.67019562125 0.19622207625000002 0.760281 0.288366905 0.9186728775 0.31620922625 0.9612406937500001 0.34272572375000004 0.94639145625 0.33742242375 0.9275824187499999 0.25627954249999996 0.79346502875 0.2286632125 0.7489254112499999 0.18502941125 0.67386790875 0.122616505 0.5798398287500001 0.08671527625 0.5163296350000001 0.06959315125 0.53282578875 0.08689607125 0.5693556375 0.11932423625000001 0.63059765375 0.14186325875 0.67019562125
17 0.2118131875 0.638494715 0.2653570425 0.7313880512500001 0.30866457125 0.8184020637499999 0.37638179875 0.9465713524999999 0.40236631625 0.9359885674999999 0.40394113625000005 0.92540578125 0.37716920875 0.8642607999999999 0.3708699325 0.8642607999999999 0.341735775 0.80664341375 0.30945198 0.7302121862500001 0.23622288624999999 0.6102739524999999 0.16535602000000002 0.47740120500000005 0.14094632125 0.49386331499999997 0.14803300875 0.522084075 0.17401752625 0.56441521625 0.2118131875 0.638494715
17 0.26000470750000004 0.5259038537499999 0.28847784625 0.59975418125 0.3334354325 0.71164861875 0.39712534625 0.82689989125 0.41810555375 0.853754555 0.442832225 0.8414461675 0.442832225 0.8134725575 0.423350605 0.78102317125 0.3768944325 0.6959833974999999 0.33568331125 0.61206257125 0.30795946625 0.54604485375 0.2817342075 0.47443241375 0.26450046625 0.3949873625 0.23078227625 0.39722525124999997 0.2262865175 0.4240799175 0.2405230875 0.469956635 0.26000470750000004 0.5259038537499999
17 0.39724264875000004 0.6475937949999999 0.38197660499999997 0.5599231175 0.35562127375 0.49327809875 0.3352398175 0.4476236375 0.31134431625000003 0.406167285 0.28428617625 0.37415668500000004 0.25898505875 0.3410965575 0.24401602375 0.37075830875 0.25801195374999997 0.38711529375 0.27139936625 0.4061984425 0.29452307875 0.44618218125 0.31095308625 0.48162231499999997 0.3395534675 0.562498515 0.35780903000000003 0.6533706475 0.38825739875 0.7104464075 0.409538255 0.7528189575 0.39724264875000004 0.6475937949999999
17 0.50139985875 0.71804313875 0.47082669625 0.6499743087500001 0.44581229125 0.58024526375 0.42024201125 0.50719578875 0.39355997875 0.4524086825 0.36298681625 0.39596136000000004 0.33130190125 0.344494685 0.304063995 0.337023715 0.29183472875 0.3718882375 0.30461987 0.38683017625 0.33296952875 0.42584523750000003 0.34908992375 0.45489900499999997 0.37045694249999994 0.49211758375000003 0.40318807874999996 0.585431075 0.42922421125 0.6654140687500001 0.4731136875 0.768725435 0.49394259124999995 0.77205805875 0.5097379925 0.75622809125 0.51029387 0.7437764775 0.50139985875 0.71804313875
17 0.38992142874999997 0.428891045 0.41627660375 0.48742205875000005 0.45817457375 0.59742 0.49196325875 0.6882439837500001 0.51426379125 0.75787570625 0.54061896625 0.7397109125 0.5325096825 0.70842709375 0.50142409125 0.61255733125 0.454795705 0.51164178875 0.41897969875 0.4299002025 0.38451523875 0.3532043925 0.35207810125 0.29568253375000003 0.3358595325 0.3168747975 0.34058994875000004 0.335039595 0.35816006375 0.3693508775 0.38992142874999997 0.428891045
17 0.5447802362499999 0.42868453625 0.58844855875 0.507793405 0.639275625 0.59759265875 0.6679105912500001 0.6446303625 0.69153443875 0.63287093625 0.69153443875 0.60186881375 0.66075185 0.549485915 0.60562953875 0.46182473875 0.5684040825000001 0.39661337375 0.5218722625000001 0.33354008749999997 0.44384197875 0.24374083500000002 0.4316721175 0.25977641625000003 0.43310386624999997 0.29826181125 0.46746582625 0.3346091275 0.5447802362499999 0.42868453625
17 0.56937699625 0.40121785375 0.6289629625 0.4967908 0.68487078 0.57918126875 0.70105462375 0.5747871125 0.7032615112499999 0.5594075575 0.68413515125 0.5308455275 0.62454918625 0.43746966125 0.55392878375 0.3375025575 0.50905540375 0.26499894375 0.470067055 0.20018510875 0.44799818 0.21117050375000002 0.4450556625 0.24192961375 0.47374520124999997 0.2682945625 0.5171473237499999 0.32981278125 0.56937699625 0.40121785375
17 0.66647721125 0.35793104 0.7737710575 0.51711798125 0.7967665012499999 0.50701802125 0.8001481862500001 0.47772813625 0.77372912375 0.4413682775 0.7094771425 0.357538605 0.6573992200000001 0.2848188875 0.5951762487500001 0.19391924249999998 0.56135941625 0.14038945375 0.5410693175 0.162609365 0.550614495 0.18751201875 0.6043364037500001 0.2783908075 0.66647721125 0.35793104
17 0.7267229212499999 0.27257769374999996 0.78360427125 0.34864588750000003 0.85067332625 0.4411955225 0.8659548837500001 0.41457165625000003 0.83539177 0.3600561175 0.77002066625 0.27638110375 0.68682107875 0.16481441875000002 0.61805407375 0.09128183249999999 0.60107456625 0.10395986374999999 0.60107456625 0.1242447175 0.6265438262499999 0.1407261575 0.6757844 0.20158071249999998 0.7267229212499999 0.27257769374999996