0 0.0625 0.3965014575 0.07 0.408163265 0.1375 0.41982507249999995 0.1475 0.38192419875 0.19 0.361516035 0.2375 0.361516035 0.265 0.3731778425 0.265 0.23032070000000002 0.2225 0.19825072875 0.15 0.192419825 0.0925 0.2040816325 0.0575 0.239067055 0.0625 0.3965014575
0 0.2775 0.38775510250000006 0.3325 0.36734693874999996 0.375 0.36734693874999996 0.4125 0.38192419875 0.43 0.408163265 0.4325 0.36734693874999996 0.42 0.32361516 0.44 0.300291545 0.4775 0.28279883375000003 0.475 0.2274052475 0.4275 0.192419825 0.355 0.18950437375 0.295 0.206997085 0.2725 0.23615160375 0.2775 0.38775510250000006
0 0.4775 0.28279883375000003 0.535 0.2886297375 0.5725 0.3119533525 0.615 0.28279883375000003 0.685 0.28279883375000003 0.685 0.13702623875 0.625 0.10495626875 0.54 0.10204081625 0.495 0.1195335275 0.4775 0.145772595 0.4775 0.28279883375000003
0 0.7 0.2798833825 0.7275 0.31486880500000003 0.7275 0.408163265 0.8075 0.376093295 0.9 0.38483965 0.9075 0.12827988375 0.86 0.0962099125 0.7625 0.09037900875 0.715 0.10787172 0.695 0.13994169125 0.7 0.2798833825
0 0.125 0.8571428575 0.1625 0.89212828 0.24 0.88629737625 0.27 0.8571428575 0.27 0.7813411075000001 0.28 0.73760933 0.265 0.7113702625 0.245 0.699708455 0.1725 0.6967930025 0.14 0.7113702625 0.1175 0.73760933 0.125 0.8571428575
0 0.2751364225 0.8835411775 0.2926364225 0.9068647925000001 0.32263642249999996 0.9214420525 0.3951364225 0.91269569625 0.42763642249999995 0.88062572625 0.42513642249999994 0.78150036125 0.3951364225 0.74943039125 0.3351364225 0.740684035 0.2926364225 0.7552612949999999 0.27013642250000003 0.78150036125 0.2751364225 0.8835411775
0 0.4576378525 0.8981198662500001 0.5151378525 0.89520441375 0.5426378525 0.8660498950000001 0.5376378525 0.7931635975 0.5451378525 0.7523472712500001 0.5176378524999999 0.72902365625 0.4626378525 0.7261082037500001 0.42013785249999996 0.76109362625 0.42513785249999997 0.86313444375 0.4576378525 0.8981198662500001
0 0.0675 0.83397802 0.1 0.8368934725 0.115 0.82814711625 0.115 0.7435990112499999 0.125 0.7261063 0.1275 0.67071271375 0.1175 0.65905090625 0.0825 0.6532200025 0.04 0.67945907 0.05 0.8135698575000001 0.0675 0.83397802
0 0.54 0.87172011625 0.5625 0.9067055387499999 0.615 0.91253644375 0.6525 0.88338192375 0.66 0.79008746375 0.635 0.76384839625 0.5875 0.75510204125 0.5525 0.7667638487499999 0.5325 0.793002915 0.54 0.87172011625
0 0.6325 0.75218658875 0.6475 0.78717201125 0.6525 0.8658892125 0.715 0.87172011625 0.745 0.86005830875 0.765 0.83090379 0.77 0.6501457725 0.7375 0.61516035 0.685 0.6064139937499999 0.6475 0.6180758012500001 0.63 0.64431486875 0.6325 0.75218658875
0 0.7825 0.86604846625 0.8225 0.86896391875 0.845 0.8514712074999999 0.8525 0.70861406375 0.8325 0.68529044875 0.795 0.6794595449999999 0.76 0.7027831600000001 0.7625 0.8427248512500001 0.7825 0.86604846625
0 0.87764432 0.89829587125 0.94014432 0.89829587125 0.96514432 0.86622590125 0.97014432 0.73211511375 0.94014432 0.7000451425 0.88514432 0.69712969125 0.84764432 0.73211511375 0.84514432 0.8691413525 0.87764432 0.89829587125
0 0.0275 0.60073900875 0.0575 0.62406262375 0.0575 0.548260875 0.0875 0.5220218074999999 0.14 0.5220218074999999 0.14 0.42872734749999997 0.1175 0.40540373125 0.0525 0.40540373125 0.02 0.42872734749999997 0.0175 0.4607973175 0.0275 0.60073900875
0 0.14013581 0.5220243087499999 0.16013581 0.53660156875 0.18263580999999998 0.50161614625 0.25013580999999996 0.49870069375 0.26513580999999997 0.51036250125 0.27263581 0.562840635 0.28013581 0.562840635 0.27513581 0.38499806999999997 0.24513580999999998 0.361674455 0.19263581 0.35875900250000003 0.15013581 0.37625171375 0.14013581 0.39082897375000003 0.14013581 0.5220243087499999
0 0.285 0.55393586 0.36 0.5393586 0.42 0.55976676375 0.4225 0.38483965 0.3875 0.361516035 0.3325 0.35860058250000004 0.29 0.376093295 0.28 0.39067055375000004 0.285 0.55393586
0 0.4325 0.49854227375 0.46 0.47813411125 0.5 0.46938775499999996 0.57 0.4810495625 0.5725 0.3119533525 0.535 0.28571428625 0.485 0.28279883375000003 0.4425 0.29446064125 0.4175 0.32069970875000003 0.4325 0.49854227375
0 0.5825 0.483965015 0.63 0.46064140000000003 0.685 0.46064140000000003 0.725 0.4810495625 0.73 0.30903790125 0.695 0.28279883375000003 0.6375 0.27696793 0.595 0.2886297375 0.575 0.3119533525 0.5825 0.483965015
0 0.7276364225 0.52186588875 0.7751364225 0.5043731775 0.8626364225 0.51020408125 0.9101364225 0.530612245 0.9376364225 0.5568513125 0.9426364225 0.47521865875 0.9526364225 0.45481049625 0.9451364225000001 0.41399416875 0.9026364225000001 0.38192419875 0.8101364225000001 0.37026239125 0.7601364225 0.38483965 0.7251364225 0.41690962125 0.7276364225 0.52186588875
0 0.1175 0.6298962275000001 0.1575 0.62406532375 0.16 0.5395172187499999 0.1375 0.5220245075 0.095 0.5191090549999999 0.055 0.54826357375 0.065 0.6590507462499999 0.1175 0.6298962275000001
0 0.16 0.6854763762499999 0.1725 0.69713818375 0.235 0.7000536350000001 0.2675 0.6767300199999999 0.2625 0.58926646375 0.235 0.56594284875 0.21 0.56302739625 0.165 0.57760465625 0.155 0.59801281875 0.16 0.6854763762499999
0 0.3375 0.74052478125 0.4225 0.7696793 0.44 0.74052478125 0.485 0.72303207 0.49 0.65889212875 0.465 0.6268221574999999 0.4 0.61516035 0.355 0.6297376087500001 0.3375 0.64723032125 0.3375 0.74052478125
0 0.4225 0.53368020125 0.43 0.61531285375 0.485 0.647382825 0.4825 0.7231845737499999 0.505 0.72610002625 0.5125 0.66779098875 0.57 0.63863647 0.5775 0.50161023 0.5475 0.47245571124999997 0.495 0.46370935625000004 0.4375 0.48411751875 0.4225 0.51035658625 0.4225 0.53368020125
0 0.5725 0.647566175 0.6325 0.662143435 0.635 0.6417352712500001 0.66 0.6213271075 0.7225 0.6125807525 0.71 0.5630180699999999 0.7325 0.51637084 0.73 0.4901317725 0.7025 0.463892705 0.645 0.45514635 0.6 0.46972360875 0.5775 0.49596267625 0.5725 0.647566175
0 0.7125 0.60932944625 0.745 0.62099125375 0.7675 0.64723032125 0.7525 0.699708455 0.7975 0.67930029125 0.83 0.68221574375 0.8525 0.7084548100000001 0.8775 0.6967930025 0.935 0.6967930025 0.9425 0.57142857125 0.9275 0.5422740524999999 0.8625 0.50728863 0.795 0.49854227375 0.735 0.5189504375 0.705 0.55976676375 0.7125 0.60932944625