17 0.615079365 0.4538690475 0.72420634875 0.4866071425 0.65873015875 0.41220238125 0.6031746025 0.39880952375 0.70833333375 0.33482142875 0.66468254 0.33482142875 0.6111111112500001 0.31398809499999997 0.549603175 0.31398809499999997 0.509920635 0.3616071425 0.4623015875 0.3214285725 0.384920635 0.33184523874999994 0.3174603175 0.31994047625 0.2222222225 0.348214285 0.1686507925 0.35565476125000006 0.194444445 0.401785715 0.21031745999999998 0.4464285725 0.26984127 0.47023809499999997 0.36309523749999995 0.4375 0.44841269875 0.43898809499999997 0.615079365 0.4538690475
17 0.35515873 0.44345238125 0.25595238 0.46577381 0.21031745999999998 0.44791666625 0.14880952375 0.473214285 0.08928571375000001 0.48809523874999994 0.07341269875 0.52232142875 0.09920634874999999 0.53720238125 0.1567460325 0.5431547612500001 0.16666666625 0.5729166662499999 0.19841269874999998 0.5818452387499999 0.25595238 0.5431547612500001 0.26984127 0.4851190475 0.35515873 0.44345238125
17 0.9186507924999999 0.4821428575 0.8531746025 0.47023809499999997 0.8313492075000001 0.4538690475 0.7658730149999999 0.43898809499999997 0.700396825 0.36458333375 0.6884920637499999 0.4196428575 0.67063492125 0.410714285 0.7341269850000001 0.4866071425 0.8789682537500001 0.54017857125 0.9265873012500001 0.5625 0.97023809625 0.563988095 0.99404762 0.5580357149999999 0.8988095237500001 0.5104166662499999 0.9186507924999999 0.4821428575
17 0.21031745999999998 0.71279761875 0.20238095250000002 0.7619047612500001 0.23015872999999998 0.7782738100000001 0.2718253975 0.7693452387499999 0.35119047625 0.71279761875 0.38690476250000005 0.691964285 0.41666666625 0.625 0.42857142875 0.66517857125 0.5357142862500001 0.5788690475 0.6468253975 0.5119047612500001 0.70436507875 0.4866071425 0.62103174625 0.4553571425 0.48015873 0.44345238125 0.37896825375 0.43898809499999997 0.26984127 0.473214285 0.25595238 0.5491071425 0.22023809625 0.5580357149999999 0.234126985 0.5625 0.17857142875 0.63392857125 0.16468254000000002 0.69345238125 0.194444445 0.7068452387499999 0.21031745999999998 0.71279761875
17 0.59920634875 0.6755952387499999 0.615079365 0.7023809525 0.6369047625 0.7038690475 0.6686507924999999 0.7023809525 0.700396825 0.69345238125 0.700396825 0.6532738100000001 0.740079365 0.60267857125 0.8630952375 0.58779761875 0.91666666625 0.5744047612500001 0.8472222225 0.52529761875 0.70833333375 0.47916666625 0.58531746 0.5476190475 0.515873015 0.5982142850000001 0.46825396750000003 0.6354166662499999 0.4523809525 0.6681547612500001 0.46626984125 0.68154761875 0.5416666662499999 0.66220238125 0.5813492075 0.651785715 0.59920634875 0.6755952387499999
17 0.8313492075000001 0.67708333375 0.84920634875 0.6532738100000001 0.87301587375 0.7008928575 0.91468254 0.7217261912499999 0.9424603175 0.7633928575 0.96031746 0.7038690475 0.96428571375 0.63244047625 0.91468254 0.57142857125 0.7976190475 0.5982142850000001 0.740079365 0.60267857125 0.6984126987499999 0.65625 0.70833333375 0.6532738100000001 0.740079365 0.69642857125 0.7876984125 0.69791666625 0.8015873012500001 0.66517857125 0.8313492075000001 0.67708333375
17 0.1567460325 0.754464285 0.20238095250000002 0.75892857125 0.20436507875 0.70833333375 0.1626984125 0.6875 0.19642857125 0.5967261899999999 0.234126985 0.5654761899999999 0.1924603175 0.58482142875 0.1626984125 0.58482142875 0.11904761999999999 0.5833333337500001 0.0972222225 0.59375 0.10714285750000001 0.7008928575 0.1567460325 0.754464285
17 0.0317460325 0.8943452387499999 0.109126985 0.89732142875 0.13888888875 0.8913690475 0.11111111125 0.938988095 0.17658730125000002 0.9494047612500001 0.2281746025 0.90029761875 0.24404762000000002 0.86904761875 0.21626984125 0.842261905 0.16468254000000002 0.7782738100000001 0.125 0.7529761912499999 0.0773809525 0.75892857125 0.023809523750000002 0.8005952387499999 0 0.84970238125 0.0317460325 0.8943452387499999
17 0.42857142875 0.8244047612500001 0.42658730125 0.79017857125 0.40674603249999997 0.7529761912499999 0.37896825375 0.72767857125 0.38095238000000003 0.714285715 0.365079365 0.7053571425 0.305555555 0.745535715 0.265873015 0.77232142875 0.22619047625 0.78125 0.19841269874999998 0.75595238125 0.1527777775 0.754464285 0.1527777775 0.7693452387499999 0.240079365 0.8675595237500001 0.2063492075 0.9241071425 0.17731136625000002 0.94996896875 0.24603174625000002 0.964285715 0.30158730125 0.93154761875 0.34126984125 0.8883928575 0.37698412625000005 0.8586309525 0.365079365 0.8303571425 0.41071428625 0.7991071425 0.42857142875 0.8244047612500001
17 0.36706349125000004 0.90625 0.42658730125 0.9241071425 0.5178571425 0.9211309525 0.56150793625 0.9226190475 0.5357142862500001 0.8898809525 0.509920635 0.848214285 0.48015873 0.79166666625 0.47420634874999995 0.70833333375 0.48412698499999995 0.6741071425 0.45833333375 0.6875 0.444444445 0.6904761912499999 0.450396825 0.6681547612500001 0.40079365125000005 0.654761905 0.37896825375 0.66666666625 0.38888888875 0.69345238125 0.37698412625000005 0.7261904762499999 0.42063492125 0.7663690475 0.43452381 0.82291666625 0.40476190375000004 0.8005952387499999 0.36706349125000004 0.83482142875 0.38095238000000003 0.8630952387499999 0.33531745999999996 0.8898809525 0.30158730125 0.93154761875 0.30952381 0.9375 0.36706349125000004 0.9568452387499999 0.4027777775 0.9494047612500001 0.37103174625 0.933035715 0.36706349125000004 0.90625
17 0.55560912625 0.90775952375 0.58338690375 0.882461905 0.6111646825 0.84972381 0.603228175 0.8229380949999999 0.61513293625 0.8065690474999999 0.63894246 0.76936666625 0.6508472224999999 0.7768071424999999 0.6766408737499999 0.73662857125 0.6647361112500001 0.7113309525 0.6111646825 0.7098428575 0.59925992125 0.72174761875 0.59925992125 0.73662857125 0.5814027775 0.7291880949999999 0.5972757925 0.69049761875 0.58933928625 0.6503190474999999 0.54767262 0.66222381 0.51394246 0.6800809525 0.478228175 0.6785928575 0.48021230125000003 0.73960476125 0.48814881 0.8244261912499999 0.52981547625 0.8720452387500001 0.55560912625 0.90775952375
17 0.912751985 0.83186666625 0.9603710325 0.81252142875 0.94846627 0.76639047625 0.90878373 0.71877142875 0.8710853175 0.69049761875 0.83735515875 0.65924761875 0.8194980150000001 0.6830571424999999 0.80560912625 0.663711905 0.7758472224999999 0.6994261912499999 0.7421170637500001 0.69645 0.7064027774999999 0.6488309525 0.68457738 0.6860333337500001 0.6928769975 0.68727827625 0.6964821425 0.7291880949999999 0.68656150875 0.75002142875 0.793704365 0.79764047625 0.82743452375 0.81847381 0.912751985 0.83186666625
