17 0.1681415925 0.340707965 0.27728613625000004 0.35176991125 0.2787610625 0.30752212375 0.31120944 0.23672566374999998 0.31120944 0.21017699125 0.305309735 0.19911504375 0.26548672624999997 0.1880530975 0.24926253625 0.14159292 0.2389380525 0.13938053125 0.11946902625 0.19247787625 0.14306784625000002 0.28097345125 0.1681415925 0.340707965
17 0.28466076749999997 0.19690265499999998 0.4085545725 0.22345132750000002 0.482300885 0.17256637125000002 0.494100295 0.13938053125 0.494100295 0.12831858375 0.48082595875 0.11061946875 0.45722713875 0.10619469000000001 0.376106195 0.0619469025 0.352507375 0.0619469025 0.25073746375 0.14159292 0.258112095 0.17699114999999999 0.28466076749999997 0.19690265499999998
17 0.1091445425 0.5464601775 0.07227138625 0.5818584075 0.064896755 0.61946902625 0.12241887875 0.73672566375 0.14896755125 0.7433628312499999 0.20796460125 0.7057522125 0.2669616525 0.659292035 0.269911505 0.60619469 0.3023598825 0.6172566375 0.31268436625 0.60176991125 0.31858407125 0.57300885 0.30973451375 0.52433628375 0.28023598875 0.50221239 0.24926253625 0.50221239 0.21681415874999999 0.51548672625 0.17699114999999999 0.54867256625 0.1091445425 0.5464601775
17 0.32448377624999997 0.8008849562499999 0.33185840749999995 0.81637168125 0.3908554575 0.85398230125 0.399705015 0.85398230125 0.46460177 0.7610619475 0.5 0.659292035 0.49557522125 0.62831858375 0.4262536875 0.51327433625 0.35840708 0.6526548674999999 0.32300885 0.77433628375 0.32448377624999997 0.8008849562499999
17 0.7566371687500001 0.26327433625 0.75368731625 0.36283185875 0.840707965 0.38274336249999996 0.85988200625 0.376106195 0.8820059 0.34292035374999996 0.8879056049999999 0.28318584125 0.8716814162500001 0.25 0.8230088499999999 0.21902654875 0.72566371625 0.19469026499999997 0.72418879 0.20353982250000002 0.7448377575 0.22787610625 0.7566371687500001 0.26327433625
17 0.70427728625 0.800854535 0.7365412975 0.7483102875000001 0.75958702125 0.69023506625 0.798303835 0.7441620575000001 0.849004425 0.7690514374999999 0.8932522125 0.7552240050000001 0.9135324487500001 0.72618639375 0.9319690262500001 0.6833213499999999 0.93657817125 0.60173949125 0.9227507375 0.5339850662500001 0.882190265 0.4952682525 0.8425516224999999 0.47729258874999997 0.806600295 0.48558904875000003 0.7623525075 0.5229231200000001 0.72271386375 0.57270188 0.68676253625 0.62939435875 0.6213126837499999 0.6957660400000001 0.5991887899999999 0.72895188 0.61670354 0.771816925 0.6563421825 0.8395713499999999 0.6738569325 0.83818860625 0.70427728625 0.800854535
17 0.34292035374999996 0.70381637125 0.358591445 0.65403761 0.33185840749999995 0.63744469 0.31065634249999996 0.62223451375 0.27747050125 0.6056415925 0.266408555 0.60287610625 0.27009587 0.63329646 0.26733038375 0.65818584125 0.291297935 0.6982853987500001 0.31065634249999996 0.7328539825 0.33093657875 0.73976769875 0.34292035374999996 0.70381637125
17 0.6379056049999999 0.58929467875 0.6563421825 0.6155668025 0.63698377625 0.66119733375 0.56600295 0.6874694575 0.5245206487499999 0.69576591875 0.48949115 0.6916176875 0.46460177 0.7552238825 0.45722713875 0.77319954625 0.50147492625 0.76905131625 0.56047197625 0.7662858300000001 0.5991887899999999 0.74831016625 0.6010324487500001 0.7275690149999999 0.6268436574999999 0.69714866125 0.66832595875 0.64875264375 0.6701696162499999 0.58929467875 0.66187315625 0.5395159187499999 0.64343657875 0.529836715 0.61117256625 0.52015751125 0.57706489625 0.538133175 0.5484882 0.5699362725 0.5374262537500001 0.6031221124999999 0.49686578124999997 0.6529008737499999 0.48672566375000004 0.6902349449999999 0.48949115 0.68885220125 0.49963126875 0.67640751125 0.5263643062500001 0.6542836175 0.55862831875 0.61003583 0.59273598875 0.5865291925 0.6379056049999999 0.58929467875
17 0.599946615 0.3277101775 0.6441944024999999 0.34706858375000005 0.66908378375 0.37057522125 0.68844219 0.3650442475 0.72254986 0.37472345124999995 0.7142534 0.3608960175 0.69766047875 0.34153761000000005 0.6783020725 0.34845132749999996 0.6082430750000001 0.31664823 0.565838945 0.28622787625 0.59257198375 0.23091814125 0.5971811287500001 0.18943584125000001 0.5861191812500001 0.1410398225 0.5510896825 0.11753318625 0.52527847375 0.1285951325 0.4884053175 0.18113938000000002 0.46812508125 0.21432522124999998 0.46351593625 0.2682522125 0.48195251499999997 0.32079645999999995 0.5086855525 0.3567477875 0.54648053875 0.34568584125 0.575057235 0.33738937999999996 0.599946615 0.3277101775
17 0.22676991125 0.5047013275 0.26179941 0.49502212375 0.30512536874999996 0.5129977875 0.30328171125000003 0.49502212375 0.27931415875 0.48672566375000004 0.24428466125 0.42588495625 0.25626843625 0.40790929249999996 0.28392330375 0.4037610625 0.30881268375000004 0.392699115 0.28853244875 0.392699115 0.27747050125 0.37334070750000004 0.24612831875000002 0.371957965 0.21202064875 0.371957965 0.18436578125 0.39408185875 0.16316371624999998 0.42311946874999995 0.16592920374999998 0.48257743374999995 0.16869468999999998 0.54341814125 0.18620944 0.53926991125 0.20188053125 0.5254424775 0.22676991125 0.5047013275
17 0.283001475 0.48810840749999995 0.30051622375000003 0.49087389375 0.30881268375000004 0.53788716875 0.31987463125000004 0.59181415875 0.33001474875 0.63744469 0.3567477875 0.6526548674999999 0.37887168125000004 0.6097898225 0.40099557500000005 0.565542035 0.41758849499999995 0.51438053125 0.4074483775 0.48672566375000004 0.39362094375 0.42588495625 0.34476401125 0.40652654875000005 0.30328171125000003 0.388550885 0.2765486725 0.4037610625 0.257190265 0.40652654875000005 0.2470501475 0.42865044249999995 0.25350295 0.45077433624999996 0.26456489625 0.46598451375000005 0.283001475 0.48810840749999995
17 0.3521386425 0.2889933625 0.41205752250000005 0.29452433625 0.44616519125000004 0.31941371625 0.4747418875 0.32632743374999995 0.4498525075 0.30420354 0.39638643125 0.26548672624999997 0.35766961625 0.23783185875 0.31526548625 0.23921460125 0.29775073750000003 0.2599557525 0.2811578175 0.2972898225 0.27562684375 0.33877212375 0.2931415925 0.37334070750000004 0.3235619475 0.39684734499999996 0.33738937999999996 0.38440265500000004 0.31065634249999996 0.37472345124999995 0.3023598825 0.3567477875 0.31526548625 0.31526548625 0.3521386425 0.2889933625
17 0.4535398225 0.46321902625 0.4747418875 0.38993362875000004 0.4535398225 0.35813053125000005 0.435103245 0.3650442475 0.42496312625 0.42173672625 0.42957227125 0.48810840749999995 0.443399705 0.536504425 0.44432153375 0.536504425 0.44524336249999996 0.540652655 0.4535398225 0.46321902625
17 0.35398230124999996 0.40790929249999996 0.37426253625 0.41758849499999995 0.39546460125000005 0.42311946874999995 0.39823008875 0.4369469025 0.4037610625 0.48534292 0.42957227125 0.4798119475 0.42772861375 0.45492256625000005 0.42496312625 0.40099557500000005 0.43786873125 0.36642699125 0.4544616525 0.35398230124999996 0.47566371625000003 0.392699115 0.5070059 0.36227876125 0.48672566375000004 0.35121681375 0.4498525075 0.32632743374999995 0.40837020625000003 0.31803097375 0.38993362875000004 0.3277101775 0.3613569325 0.35813053125000005 0.3401548675 0.39546460125000005 0.34660767 0.405143805 0.34568584125 0.40652654875000005 0.35398230124999996 0.40790929249999996
17 0.5936578175 0.23254689125 0.5678466075 0.27679467875 0.5761430675 0.29062211250000003 0.6397492625000001 0.2947703425 0.6323746312499999 0.32380795375 0.654498525 0.34316636 0.69966814125 0.35146282125 0.7236356937499999 0.3749694575 0.6950589975 0.36390751125000004 0.6646386425 0.36805574125 0.688606195 0.410920785 0.69966814125 0.45655131625 0.75221239 0.3625247675 0.7605088499999999 0.26158450250000004 0.730088495 0.20627476749999998 0.6747787612499999 0.14128583 0.61670354 0.077679635 0.58167404125 0.08459335125 0.57153392375 0.12054467875000001 0.58351769875 0.14405131625 0.59642330375 0.18691636 0.5936578175 0.23254689125
17 0.528207965 0.60702433625 0.553097345 0.56277654875 0.56692477875 0.5088495575 0.57522123875 0.46736725625 0.6065634212500001 0.49917035374999996 0.6102507374999999 0.51852876125 0.6489675512499999 0.528207965 0.66648230125 0.55171460125 0.67293510375 0.59457964625 0.6701696162499999 0.62638274375 0.6747787612499999 0.63882743375 0.7051991150000001 0.59596239 0.7199483775000001 0.573838495 0.7116519175 0.52267699125 0.70612094375 0.47704645999999995 0.6978244837500001 0.46183628374999997 0.68399705 0.39961283125 0.65357669625 0.34568584125 0.61117256625 0.33047566375000004 0.55678466125 0.34153761000000005 0.51161504375 0.35398230124999996 0.48211651875 0.376106195 0.47013274375 0.405143805 0.4544616525 0.46598451375000005 0.4498525075 0.54756637125 0.469210915 0.5890486725 0.48856932125 0.62085177 0.5023967549999999 0.6485066374999999 0.528207965 0.60702433625
