13 0.19199175749999997 0.62555469875 0.9401201175 0.322551035 0.9426381125000001 0.29775173250000003 0.19231123249999998 0.5858010625 0.19199175749999997 0.62555469875
13 0.2084914275 0.57287378125 0.93014568125 0.6404306200000001 0.93457157875 0.60904308875 0.21769521625 0.54323920625 0.2084914275 0.57287378125
13 0.07573099625 0.53706488125 0.861434565 0.55952574375 0.8712033262500001 0.53652923625 0.08600335625 0.5091085125 0.07573099625 0.53706488125
13 0.8467970325 0.50953066125 0.04776699625 0.47189120500000004 0.04581397499999999 0.50332857125 0.8451797449999999 0.537661455 0.8467970325 0.50953066125
13 0 0.47117378375 0.82097731125 0.49425231625000005 0.82456388 0.4711312175 0 0.43311671500000004 0 0.47117378375
13 0.20222947125000001 0.42710606749999996 0.93751340875 0.43364080125 0.93879496625 0.40881658000000004 0.2048539575 0.3890555525 0.20222947125000001 0.42710606749999996
13 0.15885296999999998 0.38948529625 0.85283083125 0.4001576025 0.8590581425 0.375433055 0.1304599975 0.36406305000000005 0.15885296999999998 0.38948529625
13 0.1598370425 0.3565261825 0.9139581775000001 0.38497724875000006 0.9258027087499999 0.35373922375 0.170445135 0.32526324 0.1598370425 0.3565261825
13 0.8494629825 0.31244068375 0.04171650125 0.2630288775 0.043472796249999994 0.2945409975 0.8434035375000001 0.33551194625 0.8494629825 0.31244068375
13 0.9557305225 0.2897322325 0.24015197 0.235551195 0.24174039874999997 0.2687166025 0.95866188125 0.309671345 0.9557305225 0.2897322325
13 0.8892871237500001 0.26188649125 0.12519684749999999 0.185191095 0.12274022625 0.22158832374999998 0.88553269 0.286660875 0.8892871237500001 0.26188649125
13 0.92271608625 0.23771013375 0.16667079125 0.179400235 0.165999325 0.18601338250000002 0.9258766875000001 0.267593885 0.92271608625 0.23771013375
13 0.93193613 0.2445226225 0.943964785 0.24807837374999997 0.93889628125 0.2247828525 0.22757576375 0.14086757 0.2164640725 0.17709037375 0.9273261087500001 0.24111637875 0.93193613 0.2445226225
