1 1 0.2706255375 0.9860457012499999 0.25795781625 0.73497581 0.1721535475 0.6997685174999999 0.16708527875 0.6928966375000001 0.17287227875 0.5475617175 0.81602215375 0.5534256575 0.83533851375 0.623958825 0.8425217125000001 0.83658408875 0.89364456625 0.85881839875 0.8910901437500001 1 0.27585473875 1 0.2706255375
1 0.92255390125 0.2346465125 0.9246883625 0.18148645500000002 0.9138676625 0.175380325 0.8344289125000001 0.1695142275 0.7039461162499999 0.16716063375 0.7280362549999999 0.1735061125 0.76043907 0.19330117125000001 0.90456486625 0.24171072124999998 0.92255390125 0.2346465125
1 0.59122357875 0.16956060375 0.5538108775 0.55014209125 0.54167995625 0.74202917625 0.5471881525 0.77020554625 0.57323488125 0.7278209750000001 0.5781738200000001 0.6599341275 0.6564384137499999 0.36432055875 0.6973197824999999 0.17295206125 0.68661766125 0.163892595 0.66019736875 0.16046056 0.6026371850000001 0.1609000525 0.59122357875 0.16956060375
1 0.8474517500000001 0.12689473625 0.80094943125 0.127533685 0.62271921375 0.15682907125 0.62032976875 0.16121918375 0.84340217 0.17263156 0.8474517500000001 0.12689473625
1 0.69933566375 0.12274534250000001 0.7047074575000001 0.09919843375 0.6862262775000001 0.06339937375 0.6272431187499999 0.09927890125 0.5777584487499999 0.11907464499999999 0.50509082125 0.16505150125 0.5493222762500001 0.16584933 0.67011089125 0.1340401 0.69933566375 0.12274534250000001
1 0.540535275 0.16421309625 0.65374052375 0.15591088250000001 0.7808081137499999 0.13308133375 0.79012873 0.12142755499999999 0.7887472237500001 0.10071430875000001 0.773384795 0.09748173125 0.540535275 0.16421309625
1 0.35209508375 0.22731228625 0.37193994875 0.22914797750000002 0.42835579 0.20208856625 0.512318445 0.15040449375 0.59807763875 0.10909699 0.614329425 0.0901795425 0.59841556125 0.045560365000000005 0.58747627875 0.0424075725 0.457029125 0.14940720875 0.36613529749999996 0.2083549475 0.35209508375 0.22731228625
1 0.3040512075 0.2663446075 0.325022595 0.24012360375 0.5053101600000001 0.10446821375000001 0.512478495 0.0912978725 0.487362595 0.05537914 0.2747078575 0.2805927025 0.3040512075 0.2663446075
1 0.21214944249999998 0.35039570625000005 0.26347212 0.28482324875 0.30458482375 0.25305459375 0.3762859825 0.17602781125 0.42504134375 0.11927547125 0.42539708750000005 0.11041546249999999 0.40016260625 0.077450065 0.38480017875 0.07421748874999999 0.173663345 0.371867575 0.19153379874999998 0.3677567025 0.21214944249999998 0.35039570625000005
1 0.447465855 0.88367033625 0.342875565 0.732532275 0.12366288125000001 0.4596299475 0.12909396625 0.4346063725 0.194990475 0.33678656125000006 0.32362327 0.16473374 0.32212318250000005 0.14697383 0.2964143775 0.1258217775 0.285356515 0.12562232 0.10733398250000001 0.42534744750000003 0.045327005 0.536537055 0.044674808749999996 0.552780405 0.3530026 0.81103503875 0.41470729875 0.8727352875 0.43623012000000005 0.88790088375 0.447465855 0.88367033625
1 0.12390004375000001 0.453723275 0.4248579825 0.8404081512499999 0.45260048750000004 0.86603010125 0.45726079625 0.86020321 0.34327277875 0.66751898 0.21390451124999998 0.41692555875 0.18687349125 0.3735835925 0.17808649 0.37194735875 0.122162795 0.44187003875 0.12390004375000001 0.453723275
1 0.2723777025 0.28350614625 0.27142905375000004 0.3071328375 0.4100528175 0.71305566125 0.47041165125 0.86339589625 0.479435815 0.8591254575 0.48224029375 0.8443986662499999 0.41843061249999997 0.5595220587499999 0.37051697375000003 0.264588015 0.36076350375 0.2319018575 0.34976492875 0.23022573125 0.2723777025 0.28350614625
1 0.4456417925 0.19961797874999998 0.43476180124999997 0.19498851625 0.36489865 0.22623858375 0.35893394875 0.26455217375 0.409574955 0.49155948125000004 0.42461728125 0.6130052975 0.47016512374999997 0.8014995575 0.47663979125 0.86072585125 0.48566395375 0.8564554124999999 0.48714621874999997 0.8195387074999999 0.45473723875 0.41405400375 0.44720116875000004 0.21590122 0.4456417925 0.19961797874999998
1 0.4798268625 0.40842251875 0.49288312375 0.8549348000000001 0.49987358625 0.846194465 0.510563715 0.63507080125 0.510480435 0.19618120875 0.50228634125 0.17977829125 0.45740268749999996 0.19522381374999997 0.4537088525 0.23210062874999998 0.46462448500000003 0.34608332124999996 0.4798268625 0.40842251875
1 0.5913421600000001 0.1666072675 0.5538047125 0.164452445 0.51567435875 0.177064305 0.51553246875 0.8420437012499999 0.53125064 0.8364162675 0.5913421600000001 0.1666072675
