7 0.17911140499999997 0.5439285712499999 0.1842835775 0.56605844625 0.2298640525 0.55987755375 0.27030664000000004 0.54899297625 0.3044453175 0.5372018712500001 0.28607341999999997 0.49959725749999995 0.26981509625 0.49798012875 0.18064007624999998 0.514592335 0.17911140499999997 0.5439285712499999
7 0.45056014 0.7880869199999999 0.43455485125000004 0.77688016125 0.38634635500000003 0.7461092225 0.37073718749999995 0.7724980087500001 0.38799531875 0.7907350375 0.41616117750000003 0.8112256537499999 0.44824852 0.8222790375 0.47429396250000005 0.82301042625 0.48975901125 0.81153414875 0.45056014 0.7880869199999999
7 0.43858235375 0.7518227175 0.44661938874999996 0.78120091125 0.50896332625 0.80482543875 0.57030498875 0.8228257487499999 0.5752664125 0.787781665 0.5489892350000001 0.7700286900000001 0.49193549625000005 0.7525079975 0.43891910625 0.7340608675 0.43858235375 0.7518227175
7 0.19481488875 0.38585388125000003 0.20227024375 0.41611331125 0.3004746925 0.41153946374999995 0.34240133 0.4037147875 0.33755670625 0.36495353875 0.3071614975 0.36031358249999995 0.2041892 0.36514332125000004 0.20688594999999999 0.3879932575 0.19481488875 0.38585388125000003
7 0.3640864875 0.39741697375 0.3313532225 0.40571498125 0.265362765 0.422993235 0.26721019875 0.4333600125 0.24958279375 0.44673437 0.25246072875 0.47012824999999997 0.35332488625 0.45294067750000006 0.4249457525 0.4419014425 0.419679095 0.42321461 0.41256500500000004 0.39416099875 0.3640864875 0.39741697375
7 0.37750512875 0.53864095 0.37937991625 0.57451696 0.45309914375 0.6549419825 0.48823980874999995 0.6746419525 0.49489071875 0.6540072600000001 0.47910074999999996 0.6378475775 0.43985675375 0.59874421625 0.392779845 0.54828708125 0.37750512875 0.53864095
7 0.3723279 0.54218941875 0.35058848625000005 0.5433561775 0.31747411375 0.5784935787500001 0.3023782525 0.61331804625 0.30189035875 0.63231372625 0.32395880750000006 0.6474823225 0.35319209874999996 0.6014331675 0.34384946875 0.5888521787500001 0.37143154125 0.56251526125 0.37667084 0.55569286125 0.3723279 0.54218941875
7 0.67728607 0.54675534625 0.67858268375 0.5301637225 0.67286705625 0.50604660625 0.6564047375 0.50118334875 0.59832851875 0.4935250725 0.49742901625 0.48026329124999995 0.48841798500000005 0.4893671075 0.4821775375 0.5299295937499999 0.5084703375 0.53426524875 0.590859625 0.5470837787499999 0.6706351725 0.55716919125 0.67728607 0.54675534625
7 0.70655321875 0.74650508 0.7093986087499999 0.7323780125 0.71433051375 0.70416460625 0.69668627375 0.69113722125 0.66199902375 0.68135359625 0.61972301875 0.671977265 0.59384759 0.67724777125 0.59109804 0.7263055825000001 0.60641258375 0.72626 0.62682854625 0.72904603625 0.658279885 0.73356886 0.70655321875 0.74650508
7 0.48095106125000003 0.6813855750000001 0.4555077675 0.710628645 0.47312309874999997 0.71685173 0.5814214125 0.7644048775000001 0.6715420075 0.8025791175000001 0.6699409900000001 0.7803630262500001 0.62278230125 0.74067951125 0.5457462175 0.70976802875 0.48095106125000003 0.6813855750000001
7 0.85580529625 0.580499255 0.81916895 0.5469590125 0.8137546849999999 0.5516879137499999 0.74573196375 0.67575986 0.7518119675 0.68987911125 0.7436322074999999 0.68730862875 0.7337285475 0.69506294375 0.73392506625 0.7094979650000001 0.77201971625 0.7282902387500001 0.7846642162499999 0.7079562075 0.8255413075 0.63538331875 0.85580529625 0.580499255
7 0.43477871625 0.27903268625 0.41817983499999994 0.3185078825 0.41399039625 0.3613085425 0.4213707475 0.41745843875 0.475434155 0.43717524375000005 0.464793625 0.38851804125 0.46434156125000003 0.37124588000000003 0.468693905 0.3404109225 0.47951230375000004 0.29060201125 0.43477871625 0.27903268625
7 0.6939290850000001 0.74281880875 0.64086279375 0.7296901775000001 0.6349218825 0.74251254 0.63388277 0.74805320875 0.66985905375 0.7790401425 0.67100452125 0.789265475 0.6744279799999999 0.7911009275 0.7309842475 0.8276599950000001 0.74519579125 0.8150883849999999 0.74984461625 0.79886217125 0.7475808100000001 0.7823123200000001 0.6939290850000001 0.74281880875
7 0.7644202987500001 0.47427922875 0.7689022675 0.4523667125 0.75676928 0.43134592625 0.7429869275000001 0.43166068875 0.7195646875 0.44141657625 0.71154597375 0.452895395 0.68677612625 0.54686183625 0.691282365 0.567442075 0.7049034212499999 0.57563477875 0.726560965 0.5889203925000001 0.7523696737500001 0.510196055 0.7644202987500001 0.47427922875
7 0.6602283775 0.50074692125 0.6726608425 0.49674963125 0.69839802875 0.5015526662500001 0.70973788 0.45717783875 0.7146768075 0.39269059875 0.7174722187499999 0.35305582999999996 0.71285999125 0.321905865 0.7010017550000001 0.30541638875 0.68715436125 0.29093654874999997 0.6733331775000001 0.2897754575 0.67746050375 0.30239837625 0.67515535 0.32107516500000005 0.66528123875 0.40073386375 0.65484012125 0.4988080725 0.6602283775 0.50074692125
7 0.49813909125 0.3909620125 0.5171447175 0.4354808975 0.63007952125 0.4954181 0.6532953125000001 0.50143193 0.65312360875 0.44930238 0.6108671675 0.42781085500000005 0.5479841925 0.3929067025 0.4995094875 0.37306888375 0.49813909125 0.3909620125
7 0.7126190212500001 0.7095391424999999 0.7172834924999999 0.71212822875 0.73179695625 0.7070901437499999 0.73237494625 0.6985408387500001 0.73528517375 0.6912860725000001 0.74872885 0.68417583375 0.71174988625 0.64569864125 0.67424145375 0.6278357274999999 0.64169662625 0.62603313125 0.6223745537500001 0.643396865 0.6859620074999999 0.689674115 0.712001925 0.6982145475 0.7126190212500001 0.7095391424999999
7 0.54923949625 0.33351582625 0.5758441075 0.32316477 0.6178153375000001 0.31542097874999997 0.6127356312500001 0.27931449 0.5901749075 0.2743477425 0.5361917875000001 0.27930422625 0.486709885 0.2943151025 0.47572332250000005 0.30108233875 0.4806440525 0.317291805 0.47932176125 0.351682695 0.48907849 0.35321824375 0.5087873475 0.34598288 0.54923949625 0.33351582625
7 0.586808745 0.40700330375 0.60638733375 0.40663891375 0.61693616875 0.40881835 0.61907927375 0.401839345 0.61952611 0.3853418 0.6155928912499999 0.35946975625 0.6127410262499999 0.34726764625 0.59905107875 0.31986005125 0.5807492475 0.32358790875 0.56268974 0.32867555875 0.55390231 0.33257917374999996 0.56513258375 0.37659233999999997 0.570584885 0.40718764375 0.586808745 0.40700330375
7 0.52676467875 0.28193153125 0.47371928500000005 0.20052929125 0.4304584175 0.21777024 0.46808017749999997 0.28551994 0.4786424275 0.2889022425 0.47988172625 0.29585649625 0.52676467875 0.28193153125
7 0.41532636250000005 0.35001425875000003 0.41891174249999996 0.32316469625000005 0.42545011000000005 0.30282093125 0.4321448725 0.28670967999999997 0.43866716125000005 0.27969534375 0.43412611 0.250858555 0.3908042975 0.23924923625000002 0.38433949749999996 0.24323126625 0.3752047975 0.36307278125000003 0.38509176875 0.37829408875 0.3736259925 0.37769777125 0.37414463124999997 0.39402772124999996 0.41608422375000004 0.39117096875 0.41532636250000005 0.35001425875000003
7 0.81633708375 0.52485654625 0.8258112675 0.46389339375 0.81970240625 0.46765618375 0.7930750625 0.47801608125 0.77397392375 0.47354536625 0.76454531375 0.4967219025 0.7564323975 0.54249832875 0.75815884875 0.57881587 0.7598565687500001 0.58834254125 0.7971630275 0.5808444162499999 0.80450277375 0.568771745 0.81633708375 0.52485654625
7 0.55645412 0.60135149625 0.55180591125 0.58382700125 0.534222345 0.58786183875 0.49351521125 0.57768210625 0.42940143625 0.560258015 0.40777838125000004 0.5544635 0.41249991999999996 0.56812015375 0.4342388775 0.591682415 0.45186501625 0.60928316 0.48667574625 0.6120515475 0.5150341737499999 0.6128478875 0.5421649075 0.6067550875 0.55645412 0.60135149625
7 0.6020416937499999 0.781905885 0.5974979825 0.79569291625 0.6285893 0.81659618625 0.6692589250000001 0.8305362562499999 0.71292259375 0.8327072062499999 0.72038204 0.8245679025 0.6695208287500001 0.803435865 0.6425974787500001 0.7952071549999999 0.6020416937499999 0.781905885
7 0.5583176275 0.2267805825 0.5501508325000001 0.27476073125 0.61045856125 0.27425629125 0.61870952625 0.31753009125 0.60884994875 0.31969863125 0.670041425 0.35138777374999997 0.6750551437500001 0.30084456125 0.61033199875 0.258415805 0.5583176275 0.2267805825
