7 0.71354166625 0.22633744875 0.81076388875 0.29012345624999997 0.83854166625 0.32510288125000003 0.883680555 0.35185185124999996 0.921875 0.40123456750000003 0.9375 0.40329218125 0.97048611125 0.34362139875 0.96701388875 0.31893004125 0.727430555 0.08230452625 0.68229166625 0.053497942500000006 0.6302083337500001 0.12551440375 0.633680555 0.152263375 0.71354166625 0.22633744875
7 0.48263888875 0.16666666625 0.5121527775 0.20164609 0.5902777775 0.25720164624999997 0.64236111125 0.27983539125 0.74479166625 0.35802469125 0.796875 0.3847736625 0.8246527775 0.3786008225 0.859375 0.34156378625 0.850694445 0.32716049374999995 0.82291666625 0.32098765375 0.6875 0.24074074125 0.546875 0.12345679000000001 0.5295138887499999 0.11728395000000001 0.493055555 0.13580246875000002 0.48263888875 0.152263375 0.48263888875 0.16666666625
7 0.43576388875 0.24074074125 0.4496527775 0.25720164624999997 0.475694445 0.263374485 0.6753472225 0.444444445 0.6996527775 0.45884773625 0.72048611125 0.45884773625 0.75 0.43827160499999995 0.75173611125 0.3909465025 0.7465277775 0.36008230500000005 0.73611111125 0.3456790125 0.6440972225 0.2839506175 0.633680555 0.269547325 0.546875 0.2325102875 0.46354166625 0.1769547325 0.446180555 0.17283950625 0.43229166625 0.18930041125 0.428819445 0.20781893 0.43576388875 0.24074074125
7 0.38020833375 0.314814815 0.5590277775 0.39300411500000004 0.5746527775 0.4135802475 0.5746527775 0.432098765 0.5416666662499999 0.47942386875 0.546875 0.49794238625 0.77083333375 0.7551440325000001 0.7847222225 0.75925925875 0.8246527775 0.7366255150000001 0.852430555 0.69753086375 0.84895833375 0.67901234625 0.79861111125 0.6213991775000001 0.680555555 0.45061728375 0.4565972225 0.2448559675 0.3940972225 0.16255144000000002 0.37673611125 0.1604938275 0.3159722225 0.2222222225 0.3125 0.24279835375 0.38020833375 0.314814815
7 0.21875 0.34979423875000004 0.27083333374999996 0.37654321 0.3402777775 0.39711934125 0.453125 0.45679012375 0.5121527775 0.477366255 0.5486111112500001 0.47325102874999997 0.5746527775 0.4403292175 0.5798611112500001 0.41152263375 0.5659722225 0.3909465025 0.38020833375 0.31275720125 0.3003472225 0.2674897125 0.18923611125 0.18724279875 0.17361111125 0.185185185 0.11111111125 0.25308642 0.1597222225 0.3065843625 0.21875 0.34979423875000004
7 0.19270833375 0.7681755825000001 0.196180555 0.78875171375 0.21701388875 0.8134430725 0.24826388875 0.83607681625 0.26041666625000004 0.83401920375 0.35763888875 0.6920438950000001 0.4375 0.5953360762500001 0.539930555 0.50274348375 0.5364583337500001 0.48834019125 0.515625 0.47393689875 0.446180555 0.45130315375 0.328125 0.5727023312499999 0.22048611125 0.71879286625 0.19270833375 0.7681755825000001
7 0.53125 0.67901234625 0.5625 0.7201646087500001 0.586805555 0.79218107 0.65625 0.95061728375 0.663194445 0.9526748975 0.694444445 0.8847736625 0.69791666625 0.8600823049999999 0.5746527775 0.606995885 0.5572916662499999 0.5905349799999999 0.5295138887499999 0.53909465 0.5121527775 0.52674897125 0.4722222225 0.561728395 0.4722222225 0.5761316875 0.53125 0.67901234625
7 0.15567129625 0.61179698125 0.16261574125 0.62620027375 0.23726851875000002 0.67352537625 0.25289351875 0.6755829900000001 0.29456018624999997 0.6138545950000001 0.22858796375 0.5706447175 0.19733796375 0.5644718787499999 0.13831018625 0.59122085 0.13831018625 0.60150891625 0.15567129625 0.61179698125
7 0.052083333749999995 0.58436214 0.07291666625 0.6152263375 0.1215277775 0.600823045 0.34201388875 0.49588477374999995 0.42361111125 0.43827160499999995 0.336805555 0.40329218125 0.1875 0.4855967075 0.052083333749999995 0.5432098762500001 0.052083333749999995 0.58436214
7 0.052083333749999995 0.5452674900000001 0.078125 0.54115226375 0.13888888875 0.50617284 0.10763888875 0.4753086425 0.085069445 0.46707818875 0.039930555 0.516460905 0.038194445 0.52674897125 0.052083333749999995 0.5452674900000001
7 0.390625 0.77160493875 0.4253472225 0.7345679012499999 0.43923611125 0.7037037037499999 0.38020833375 0.66666666625 0.32986111125 0.7386831275 0.34375 0.75720164625 0.390625 0.77160493875
7 0.3715277775 0.51920438875 0.3628472225 0.50480109625 0.33854166625 0.49451303125 0.211805555 0.562414265 0.29513888875 0.6159122075 0.3715277775 0.51920438875
7 0.43923611125 0.71193415625 0.4722222225 0.7222222225 0.515625 0.66872428 0.5173611112500001 0.6543209874999999 0.46701388875 0.5761316875 0.42013888875 0.6152263375 0.37673611125 0.67283950625 0.43923611125 0.71193415625
7 0.1840277775 0.4855967075 0.22048611125 0.4753086425 0.28298611125 0.43415637875 0.225694445 0.39711934125 0.22395833375 0.4135802475 0.19791666625 0.4465020575 0.1840277775 0.4855967075
7 0.27604166625000004 0.43621399125000004 0.335069445 0.39711934125 0.23958333375 0.36008230500000005 0.22395833375 0.3847736625 0.227430555 0.40534979374999996 0.27604166625000004 0.43621399125000004
7 0.5885416662499999 0.6090534975 0.6111111112500001 0.5699588475 0.5642361112500001 0.53292181125 0.5295138887499999 0.5246913575 0.5260416662499999 0.54115226375 0.5729166662499999 0.6152263375 0.5885416662499999 0.6090534975
