7 0.26450796375 0.49880406125 0.25279315875 0.46057680375 0.23676237375 0.45811052875 0.14427707 0.46982533375 0.13749481624999998 0.49880406125 0.1387279525 0.52100053375 0.18558717375 0.5173011212499999 0.22813041125000003 0.5086691612500001 0.26450796375 0.49880406125
7 0.357861545 0.78884215 0.38387505625 0.79095135375 0.40145175250000004 0.78040533625 0.36629835875 0.7550948912500001 0.35223700125 0.74314273875 0.3093498625 0.71009854875 0.28896089375 0.7354089912499999 0.30302225125 0.7543918225 0.32762962625000003 0.7761869275 0.357861545 0.78884215
7 0.49153279 0.76142250125 0.46833155 0.74243967 0.414195325 0.7220507025 0.3642775075 0.70095866625 0.3607621675 0.7185353625 0.36357443875 0.7480642125 0.4219290725 0.7747807925 0.48028370625 0.79587282875 0.49153279 0.76142250125
7 0.32855752875 0.32993802375000003 0.29887691125 0.32372580125 0.19464962875000003 0.32303555375000004 0.193269135 0.3458137025 0.18153493625 0.343052715 0.18360567875 0.3734235775 0.2830012325 0.374113825 0.32648678875000003 0.36859184999999994 0.32855752875 0.32993802375000003
7 0.40056980125 0.39201652000000003 0.39862591875 0.362858265 0.34938086875 0.3635062275 0.31503892375 0.36998583875 0.2457070775 0.38359302375 0.2457070775 0.3939604025 0.22562028 0.40627166625 0.2243243575 0.42959826874999996 0.32864611 0.41793496750000003 0.40251368625 0.41080739375 0.40056980125 0.39201652000000003
7 0.43478195875 0.62463458625 0.421822735 0.60778759625 0.389424675 0.5669660400000001 0.35119496375 0.51448118375 0.33758778 0.504113805 0.33305205 0.53975167 0.39266448 0.62333866375 0.42441458 0.6447213825 0.43478195875 0.62463458625
7 0.32722040125 0.5274404075 0.33370001250000003 0.52096079625 0.33175612875 0.5073536125 0.30972544750000003 0.5073536125 0.27019981625 0.54039963125 0.2488170975 0.57409361375 0.24492933 0.5928844875 0.26436816375 0.6090835175 0.30194991375 0.5650221575 0.29482234125 0.55206293375 0.32722040125 0.5274404075
7 0.62851654 0.5380517975 0.63705556125 0.52808960625 0.6413250725 0.5117231475 0.6399019025 0.48752925249999995 0.62424702875 0.4818365725 0.5673202162500001 0.47116279375 0.46840988125000005 0.45266158124999994 0.45773610499999995 0.4612006025 0.4442159875 0.50104937 0.4698330525 0.5067420525 0.55024217375 0.52382009625 0.62851654 0.5380517975
7 0.5845592875 0.7121335775 0.6307018525 0.7275144312499999 0.63608515125 0.7136716624999999 0.6460827062500001 0.685986125 0.6307018525 0.672143355 0.597633015 0.6606077125 0.5568737487500001 0.6490720725 0.5299572525 0.6529172875 0.5184216125 0.70136697875 0.5338024662499999 0.70213602125 0.5537975775 0.705981235 0.5845592875 0.7121335775
7 0.5855269525 0.7811990962500001 0.587893955 0.75910708 0.54765492625 0.71729004875 0.47585587375000005 0.68257402375 0.41589182999999996 0.651014 0.38512080625 0.67862902125 0.40168982 0.685730025 0.50189289125 0.738593065 0.5855269525 0.7811990962500001
7 0.77001966625 0.623765005 0.8102164500000001 0.5710067237500001 0.7794407875 0.5358345375 0.77316004 0.54023106125 0.6826845475000001 0.6595182975 0.68626193375 0.6738278425 0.6785109300000001 0.6708466875000001 0.66718254 0.67800146 0.6647976149999999 0.692311005 0.69967529 0.7129516225 0.7160052349999999 0.6934813049999999 0.77001966625 0.623765005
7 0.45469823249999997 0.34291161375 0.46458297875 0.3125983975 0.48435246625 0.26383365875 0.44151857375 0.2499950175 0.4177951875 0.28821602875 0.40593349500000003 0.33039093625 0.40329756375000003 0.38640448749999995 0.45403925125 0.4088099075 0.45206230124999996 0.36004517 0.45469823249999997 0.34291161375
7 0.66547990375 0.76516572875 0.61868919375 0.7231917099999999 0.56776989125 0.7073654399999999 0.5595127075 0.71975121625 0.5574785124999999 0.72518446875 0.58804835 0.75779229625 0.58736902125 0.7679822425 0.5904771475 0.7699824200000001 0.6407083525 0.809204045 0.65722272 0.7975063662499999 0.664791805 0.7816800975 0.66547990375 0.76516572875
7 0.71896415 0.495866375 0.7374854750000001 0.46092841999999995 0.7459042574999999 0.43946052125 0.7374854750000001 0.41799262249999997 0.72359448 0.41757168375 0.6983381287500001 0.42599046749999997 0.68823558875 0.43693488625 0.6465626062500001 0.52869963125 0.647404485 0.54932565375 0.6596117225 0.5581653750000001 0.67897492625 0.57247730875 0.71896415 0.495866375
7 0.6663337187499999 0.48443497999999996 0.68565456875 0.4410808775 0.70214797625 0.3774634425 0.71204402125 0.33835050125000005 0.71298650375 0.307248645 0.7040329387500001 0.29028399625 0.69272317125 0.27520430625 0.67905720375 0.27331934625 0.68094216625 0.28604283375 0.67528728375 0.30442120375 0.6511260249999999 0.38280486125 0.62310137 0.47940047999999996 0.6281632575 0.48160753749999996 0.64135798375 0.4783088575 0.6663337187499999 0.48443497999999996
7 0.63023410625 0.43026968625 0.5916616874999999 0.4067339725 0.5347837125 0.3688153225 0.48967359625 0.34658715 0.48509720625 0.364238935 0.49621129375 0.4093490525 0.598853155 0.47472603375 0.62108132875 0.48191750125 0.63023410625 0.43026968625
7 0.6434032974999999 0.69121906125 0.64762233625 0.694031755 0.6630921424999999 0.6898127162500001 0.66520166125 0.6813746412499999 0.66942069875 0.67434291 0.6841873325000001 0.66801435375 0.6539508937499999 0.62793349125 0.619495415 0.6082446475 0.58714945875 0.60472878375 0.5646479225000001 0.62090176125 0.62019858875 0.6701238712500001 0.644809645 0.67996829375 0.6434032974999999 0.69121906125
7 0.54666785 0.3100504225 0.57522512625 0.301211265 0.618740975 0.295771785 0.620100845 0.2597352225 0.59834292 0.25361580499999997 0.54326817375 0.25565561249999996 0.49091316749999997 0.26789444375 0.47867433624999994 0.27401385875 0.48071414124999995 0.29033230374999996 0.47323485499999995 0.32432906 0.48275394749999995 0.32636886625 0.50383193625 0.32024945000000005 0.54666785 0.3100504225
7 0.59095216125 0.38552322250000004 0.6011511875 0.38824296375 0.6045508625 0.38144361250000003 0.60795054 0.3651251675 0.608630475 0.33928763375000004 0.60795054 0.32704880125 0.5991113825 0.29917146 0.58007319875 0.30189119999999997 0.561035015 0.30597081249999997 0.5515159225 0.3093704875 0.55491559875 0.35356627125 0.55491559875 0.38416335250000005 0.57123404125 0.3848432875 0.59095216125 0.38552322250000004
7 0.53333528375 0.2577569875 0.49465000125 0.17430109875 0.44814073125 0.18907974500000002 0.47378602875 0.25819165375 0.48378334875 0.2621036475 0.48378334875 0.269058305 0.53333528375 0.2577569875
7 0.41769684625 0.29286790375 0.4278992125 0.2730633125 0.43750143874999997 0.257459695 0.4453032475 0.25085816375000003 0.44590338625000003 0.222051485 0.404493785 0.20824828499999998 0.397292115 0.21184911875 0.36668502 0.33007653124999997 0.37388669 0.34568015 0.362484045 0.34447987124999996 0.36008348875 0.36068362875 0.40269336875 0.36008348875 0.40929489875 0.3192740275 0.41769684625 0.29286790375
7 0.760816975 0.55666215125 0.7805519425 0.5137896387499999 0.8009674237500001 0.45390422375 0.79416226375 0.457306805 0.76558058875 0.46615351250000003 0.74720665375 0.46070938499999997 0.7335963325 0.483166415 0.71726394625 0.52808047625 0.71250033375 0.56414782875 0.71250033375 0.57367505375 0.75128975125 0.56823092625 0.760816975 0.55666215125
7 0.50599840125 0.5757476512499999 0.50446739125 0.55814105 0.48609528750000003 0.5612030662499999 0.44705456374999997 0.54895499875 0.3858142125 0.52828637875 0.36514559375 0.52139683875 0.36744210625 0.53517591875 0.38504870750000003 0.55967206 0.39959329 0.57804416375 0.43404098875 0.58263719125 0.46236465125000004 0.58493370375 0.49068831375 0.5803406775 0.50599840125 0.5757476512499999
7 0.62167524875 0.813243485 0.63061901125 0.80557740375 0.5833448412500001 0.78194032 0.5577912362499999 0.7723577187499999 0.51946082875 0.75702555375 0.51243358625 0.77044119625 0.5399037125 0.7928006025000001 0.57823412125 0.808771605 0.62167524875 0.813243485
7 0.6089763375 0.299532515 0.664731505 0.33417650125000004 0.678805625 0.28437576875000004 0.62142652125 0.23890553625 0.5748736625 0.20480286125 0.5580929825 0.25189703125 0.6187199587500001 0.2546035925 0.61926127125 0.2979085775 0.6089763375 0.299532515
