16 0.5577584225 0.36582823750000004 0.538312365 0.36249564624999997 0.5239256475 0.33613377624999996 0.49461741000000004 0.32784316750000003 0.468487875 0.33766213749999996 0.4597389125 0.35903789375 0.32097053625 0.3587441475 0.28892078375 0.48539625000000003 0.3197794325 0.6730729200000001 0.3412193175 0.75211255375 0.34388710000000006 0.78667818625 0.38198791374999996 0.8887930824999999 0.38823005125000004 0.893743435 0.54310274625 0.90394555375 0.5648230125 0.90399153125 0.5693018575 0.8957724450000001 0.57411093 0.6670284375 0.56207423 0.38229450875 0.5577584225 0.36582823750000004
16 0.7562603824999999 0.35197069249999996 0.74099098 0.36181265 0.7287611275 0.3864724675 0.5647915925 0.38941680125 0.5696380475 0.53260414125 0.56487259125 0.87654819125 0.5674012225 0.9078221012500001 0.58058125875 0.9341814175 0.76172264125 0.9378562875 0.76954322625 0.9230614212499999 0.8227348275 0.72568838875 0.86669043625 0.53817008625 0.8648575675 0.523354785 0.8039471487500001 0.36688305875 0.7853598925 0.35532371875 0.7562603824999999 0.35197069249999996
16 0.27636054125000004 0.50651728 0.243225605 0.40770432375 0.2405578225 0.37313869250000004 0.23545279 0.3665450325 0.20869706875 0.36155125374999997 0.188416095 0.3384683325 0.1557661175 0.336753505 0.133465355 0.35151772000000003 0.1257839225 0.36960431 0.1198200925 0.3712374 0.0028067599999999997 0.37891265500000004 0.0037683525 0.50872753875 0.01067772 0.6721719512500001 0.14619158875 0.9094415625000001 0.33039640499999995 0.8999572087500001 0.33580362625 0.8851572337499999 0.33527297625 0.75843616375 0.32160590624999996 0.7205558212500001 0.29659374499999996 0.58555436 0.27636054125000004 0.50651728
16 0.28710333 0.56084856875 0.2920692075 0.5641505075 0.30258146 0.55594419125 0.29000580374999996 0.48679760250000004 0.3116585725 0.39962061749999994 0.2864137975 0.287658655 0.28219145 0.24486116375000003 0.27574058375 0.23497322874999998 0.2528832125 0.23657055625 0.237428965 0.2134978525 0.20953613625 0.21014738000000002 0.18851163375 0.2265600125 0.185517775 0.24136509625 0.06888712375 0.2509924925 0.030619118749999997 0.34471716 0.029969048749999998 0.35788149375000006 0.03918115875 0.37600384249999996 0.1258535 0.37125017125 0.13787462250000002 0.34165277250000003 0.16272790125 0.3301853875 0.18203480625000001 0.33022625625 0.1982087 0.34178048875 0.212456265 0.36485063875 0.23907283499999998 0.36655269500000004 0.25568599375 0.44558211375 0.28710333 0.56084856875
16 0.24429936625 0.1476838525 0.23104975249999998 0.11967867375 0.20563986499999998 0.11797917375000001 0.18575246499999998 0.1327484975 0.18296733625000003 0.15249116499999998 0.08898532875000001 0.15558365 0.047260315000000004 0.22461529625 0.0597902825 0.264138945 0.064686585 0.26579502375 0.07478137875 0.24771354250000002 0.18558734999999998 0.2430109575 0.18950958499999998 0.22162498374999998 0.20946656125000002 0.20850152125000002 0.2386356475 0.21350040750000002 0.25415946875 0.23821897125 0.27949978125 0.23827261249999998 0.2662979375 0.15431327375 0.24429936625 0.1476838525
16 0.51410691875 0.22231209750000003 0.50410558375 0.2140623575 0.47990237874999997 0.21236540999999998 0.46804429 0.21727744999999998 0.4605020125 0.23865576 0.45105728749999996 0.24357290875 0.33521586124999997 0.24332769375000002 0.31483935125 0.33215309249999997 0.31829636 0.35684611625 0.460963085 0.3637309675 0.46850536374999996 0.34235265750000005 0.48973859750000004 0.33087761 0.51025218375 0.3309210325 0.5300461225 0.3424829275 0.5421129375 0.34250847125 0.5392841924999999 0.24705109625 0.5221123475 0.24043189250000002 0.51410691875 0.22231209750000003
16 0.53311163375 0.24374660250000002 0.5364533725 0.23717082125 0.533392015 0.16475294375000002 0.51742685125 0.15813629375 0.51403941875 0.135089135 0.50645144875 0.12684450375 0.48217866625 0.123501695 0.4644959 0.133338545 0.4629174525 0.1530837675 0.4570927725 0.1580085775 0.3545248425 0.15779146125000001 0.33507670875 0.24003597249999997 0.4594344825 0.2419449275 0.46918139625 0.21563414375 0.49920928125 0.21240628 0.51290023625 0.2223095425 0.52111439375 0.24536692 0.51754004125 0.27498219875 0.52598681375 0.27500007875 0.52877194125 0.25525741 0.52232107625 0.24536947375 0.53311163375 0.24374660250000002
16 0.7256936462500001 0.23263426750000002 0.71525096875 0.24248644375 0.7110504299999999 0.257288975 0.6956418750000001 0.26383921125 0.56979911375 0.2553442575 0.5614198425 0.34254934 0.56670971875 0.38205766375000005 0.588638715 0.38704122375 0.73223381875 0.3873451875 0.73849983875 0.36431846125 0.74780541 0.3561095925 0.77669619 0.35452503625 0.80245395875 0.36445384124999997 0.7745175175 0.24590332625 0.7534473212499999 0.23269301750000002 0.7256936462500001 0.23263426750000002
16 1 0.44222590625 0.99116358375 0.23319621875 0.957306925 0.23147883625 0.9285314124999999 0.2643321975 0.79175894 0.2541683925 0.78245337 0.26237726250000004 0.8036606412499999 0.364456395 0.8647797887500001 0.52586570375 0.8313603175000001 0.67720061 0.80615708125 0.7660157925 0.8090574775 0.7775419262500001 0.91707832125 0.79258201 0.98509798375 0.6034689325 1 0.55169888125 1 0.44222590625
16 0.8822271937499999 0.13941432875 0.87164536625 0.14597478375 0.8641030875 0.16735309375 0.74102157125 0.1670925525 0.7383060175 0.18848108 0.747285515 0.22964292875000003 0.7720453325 0.2445067625 0.7798420325 0.257688975 0.90696105125 0.26783234375 0.93933272375 0.2629637275 0.94446164 0.24158030875000003 0.9559022675 0.22679310375 0.93023795875 0.19053307875000003 0.92629391625 0.15431903 0.9101200224999999 0.14276479875 0.8822271937499999 0.13941432875
16 0.5550427075000001 0.16315306124999998 0.5412801 0.23718104 0.544456725 0.34086771875 0.5482159225000001 0.34416710375000004 0.56035231375 0.34583850750000006 0.5625569475000001 0.34090603375 0.56859243125 0.25534170375 0.69684855625 0.26384176625 0.7111200062499999 0.258934835 0.71525096875 0.24248644375 0.72448696375 0.232631715 0.74848144125 0.22939107875 0.7366015475000001 0.17670309499999998 0.67506079 0.17657282625 0.59606988 0.16323990875 0.5550427075000001 0.16315306124999998
