17 0.10935303125000001 0.7333148250000001 0.14278994750000001 0.77368926875 0.17236254875 0.722165245 0.19898752000000003 0.65552805375 0.16041044875000002 0.700858705 0.15465750125 0.6720173812500001 0.183335185 0.59821124375 0.1395961975 0.67474380125 0.10935303125000001 0.7333148250000001
17 0.36484521875 0.6408944737500001 0.40939708625000004 0.55869992875 0.44618431875 0.46880505125 0.47360291250000003 0.43703701250000004 0.4501666825 0.41255101125000004 0.40986255374999997 0.48179267875 0.36955842375000003 0.551034345 0.32604379375000003 0.6568960149999999 0.28821932499999997 0.72312376875 0.26307779875000004 0.777051975 0.26006989 0.7884978975 0.2752735125 0.78715648625 0.32921578125000006 0.7013382925 0.36484521875 0.6408944737500001
17 0.5203623337500001 0.82423017375 0.5358313325 0.866189925 0.56235750875 0.90717410125 0.5876028375 0.93569318625 0.5895132325 0.92713922875 0.60597594125 0.88375972125 0.5592650575 0.79564159375 0.53631605375 0.7487515362499999 0.514973555 0.73106864375 0.513388815 0.7563646675 0.5203623337500001 0.82423017375
17 0.77226983125 0.4526127175 0.81546131375 0.4250433075 0.86723031625 0.3995122375 0.8672905912500001 0.37295314875 0.8290174125 0.38052268125 0.78983005625 0.4063412425 0.7629397099999999 0.429677275 0.7614972837499999 0.45635831000000004 0.77226983125 0.4526127175
17 0.56924398 0.75702685 0.57588934125 0.71311595875 0.58076412 0.58410970125 0.5942984575 0.48508588750000003 0.60801613 0.40141913125 0.5898623712500001 0.2926130475 0.56301304375 0.32992112874999996 0.56968267375 0.43554775625 0.56620929875 0.52390092375 0.54797851125 0.5772193975 0.54775665875 0.64292461625 0.54129463375 0.70219257 0.51911999625 0.730702805 0.55056447875 0.75168710375 0.56924398 0.75702685
17 0.66366619875 0.33222106250000005 0.604397935 0.3933529625 0.60399274625 0.4437011225 0.591391845 0.48394476875000003 0.5938715075000001 0.480930855 0.6094007825 0.49633151499999995 0.6403555312500001 0.4446855425 0.68009039375 0.369903835 0.70779362 0.34090581375 0.7042357025 0.3062805575 0.66366619875 0.33222106250000005
17 0.40329422125000003 0.36357901374999996 0.4001632525 0.3331087875 0.41451297625 0.3234573125 0.398636285 0.23681139250000002 0.40804594125 0.1926566075 0.38830994500000005 0.20418087624999998 0.36786236625 0.208780095 0.36510057625000003 0.3040583175 0.39097795375 0.40659268125 0.42016713000000006 0.45992000625 0.43805300625 0.43039060125 0.42658813500000003 0.3866800025 0.40329422125000003 0.36357901374999996
17 0.49732628125 0.5593273599999999 0.4784224225 0.52465850125 0.46228285999999996 0.4897457525 0.45900957499999995 0.4578905125 0.4422212125 0.48452795000000004 0.43592076125 0.5046497750000001 0.48706272375 0.5951720837500001 0.49732628125 0.5593273599999999
17 0.4817852625 0.8695608275 0.49934548749999996 0.82328935375 0.51095017125 0.7733506325 0.49785953749999995 0.74096400875 0.44391726875000004 0.8267822012499999 0.43694625625 0.8539510225 0.46519949250000003 0.871024185 0.4817852625 0.8695608275
17 0.18502873625 0.8454311649999999 0.20557761500000002 0.8282449087499999 0.20228507125 0.8369208100000001 0.2489716925 0.7755014187499999 0.28931684 0.7202318025 0.30049457375 0.66613805 0.25915320875 0.7117125937500001 0.21905167250000002 0.7557801825 0.20049523125000002 0.792356585 0.18502873625 0.8454311649999999
17 0.40337876625 0.4865574425 0.38831495375 0.39424953375 0.33926672375 0.3105303325 0.2948956875 0.31304761 0.279306135 0.32420603875 0.29083128375 0.34135754875 0.31896396625 0.41154888874999995 0.3517713375 0.47294238375 0.37533062875 0.5393445299999999 0.40337876625 0.4865574425
17 0.43720161124999996 0.51711486875 0.43220126999999997 0.509170645 0.41212036374999994 0.5444839850000001 0.39866556125 0.5764175699999999 0.39126759624999996 0.5994313612500001 0.4225915225 0.6735338387500001 0.449402335 0.7172880374999999 0.46066211 0.69113838625 0.4634456625 0.6503633524999999 0.4420814 0.57817726875 0.43720161124999996 0.51711486875
17 0.27981512375 0.35630517125 0.28554630875000003 0.33064330499999994 0.30857484500000004 0.31044313375 0.32170399375000003 0.26176747875 0.29168268125 0.25463328125 0.2650744625 0.185705005 0.24909897999999997 0.206680455 0.25558527125 0.29695002 0.25288375750000003 0.36566915375000003 0.24930908625 0.46660936124999997 0.27219530875 0.44502418 0.271360665 0.39618297750000003 0.27981512375 0.35630517125
17 0.30155106875000004 0.6492740324999999 0.28258693375 0.64116426625 0.29880603125 0.6089867875 0.28150867749999997 0.6035250925 0.22031076125 0.7137420874999999 0.18232221625 0.7240816425 0.1882174775 0.75430797375 0.21929528874999998 0.7445781537499999 0.2252508275 0.74824539875 0.25405157 0.7163554125 0.290291295 0.67542368375 0.30155106875000004 0.6492740324999999
17 0.22231994749999998 0.5975667625 0.24764481 0.5589956174999999 0.2756326725 0.53276761875 0.2526233925 0.51243665 0.220590385 0.52644345 0.1848596475 0.5994743075 0.1556127 0.6677404025 0.15488186 0.7013464899999999 0.19912983625 0.6569130612499999 0.20347887374999998 0.6313731462500001 0.22231994749999998 0.5975667625
17 0.41082526625 0.76261868875 0.39600757375 0.7541430800000001 0.3839759375 0.79992677 0.41466781875000003 0.80001396875 0.4687331425 0.75611192625 0.53729050875 0.70394342125 0.5433666025 0.65449248625 0.47891466125 0.69232310125 0.436719395 0.72958758375 0.41082526625 0.76261868875
17 0.29373116374999997 0.8582014512499999 0.25224748125 0.9023909849999999 0.25877228625 0.91159827 0.2616789 0.9127393887499999 0.2993007725 0.87168571375 0.34007287124999996 0.8205711275 0.33710598249999996 0.84598910125 0.37348802625 0.8064423825 0.41241000624999996 0.7373226625 0.43330379375 0.696347335 0.39978734375 0.7230631225 0.38984693375 0.6806155862500001 0.41021247375000003 0.6480722675 0.38850330125 0.59967525375 0.30828097499999996 0.72834157 0.3251513775 0.7296482325 0.37389070750000003 0.6610598950000001 0.32127031250000004 0.77331523125 0.2864947725 0.84206911375 0.29373116374999997 0.8582014512499999
17 0.6234055937499999 0.5104691087500001 0.59582292 0.48634895 0.588465975 0.5233347912499999 0.629423915 0.5826115924999999 0.6453391225 0.58819523375 0.6478380425 0.54465018125 0.6234055937499999 0.5104691087500001
17 0.6667779075 0.40322243 0.64202231375 0.44733361875 0.62647378 0.47246409749999996 0.62826361875 0.51702832125 0.6490778712499999 0.543143225 0.6591605975 0.58697576875 0.6849944487499999 0.5805037562500001 0.6763951687499999 0.5239622225 0.6693613725 0.48265580625 0.6667779075 0.40322243
17 0.6856432512499999 0.5189535675 0.70586647375 0.48502523750000004 0.727307765 0.395086765 0.7207009175 0.35793537625 0.69582226375 0.36013041375 0.660537735 0.396785165 0.6633237937500001 0.45104446125000003 0.66787792875 0.4953647925 0.6856432512499999 0.5189535675
17 0.502272245 0.6770376275 0.52334597375 0.663246735 0.523140875 0.593386485 0.5275501899999999 0.5412874775000001 0.53033374125 0.5005124425 0.51604429625 0.4836048275 0.49523254875 0.55252425375 0.4923477 0.6058863275 0.49108861125 0.6479244237499999 0.502272245 0.6770376275
17 0.6684304425 0.6364703025 0.695323295 0.7081686 0.734204255 0.62507682875 0.74710904625 0.5470720625 0.7629807275 0.4436493225 0.76177941375 0.36409400249999996 0.7379982725 0.36339707125 0.73035669375 0.39761289 0.7061100874999999 0.47382320875 0.6991800925 0.5149640825 0.6849534287500001 0.566531705 0.6895678425 0.58429294625 0.7089179074999999 0.582585695 0.67525913875 0.6079164712499999 0.66676366 0.6338222275 0.66733292875 0.63936226875 0.6684304425 0.6364703025
17 0.5094542025 0.3108879725 0.5117505274999999 0.29251699875 0.5276849925 0.25756950125 0.51010300375 0.24933778499999998 0.48534490374999995 0.19841464250000002 0.44571133875 0.26060931125 0.4500001 0.2616284825 0.44294704500000004 0.26085320500000003 0.46514344375 0.28684616125 0.49358001625 0.3192763825 0.5094542025 0.3108879725
17 0.52982224625 0.3733789825 0.51772783 0.35068743249999995 0.449756485 0.27283051125 0.4012582625 0.23518248875 0.411524325 0.29437209375 0.4678282025 0.35369249750000004 0.515595585 0.4249466075 0.52982224625 0.3733789825
17 0.21254111375 0.51597309875 0.22268411749999997 0.53324655375 0.273700515 0.4868183825 0.31355843499999997 0.453952825 0.29260186625 0.42645291375 0.21254111375 0.51597309875
17 0.2701668625 0.6017306425000001 0.2873219 0.6058073275 0.3127288025 0.59518028125 0.35846022375 0.53803787 0.32750297000000006 0.49464951 0.27248244625 0.54282853 0.24807176125000002 0.56315064875 0.218682495 0.630031735 0.2161015375 0.64563268625 0.23177313000000002 0.6624183549999999 0.2701668625 0.6017306425000001
17 0.515226405 0.2991981575 0.5364868662500001 0.28893695125 0.53402896625 0.34645405625000003 0.531245415 0.38722908625 0.51535197125 0.43614863625 0.517538845 0.4702356325 0.51890988875 0.470773895 0.55049418125 0.398108875 0.5673838425000001 0.3588843975 0.56191552875 0.33281309625 0.58614287875 0.29713391625 0.6028927275 0.35155875999999997 0.61949775375 0.30956426125000003 0.64289296625 0.32007821125 0.655981095 0.257430505 0.65366300625 0.22129828875000002 0.6489062787500001 0.20215203625 0.61018689125 0.24609767875 0.5818323562500001 0.24161155625 0.57860009375 0.22372836875000002 0.560246245 0.23513069250000002 0.54762358125 0.22087115000000002 0.53750234 0.25810088375 0.52091657125 0.25956424125 0.515226405 0.2991981575
17 0.6454839425 0.6846145724999999 0.61786275625 0.7415566925 0.64552746875 0.79362095125 0.6701407462500001 0.7481247550000001 0.6454839425 0.6846145724999999
17 0.63111246 0.6397628575000001 0.66052599375 0.72241929125 0.6801414325 0.7640132012499999 0.6946334725 0.7557467375 0.68650216 0.7173322875 0.69394114625 0.7082905475 0.68080949125 0.66193187375 0.66519817625 0.61858711375 0.63111246 0.6397628575000001
17 0.7358710374999999 0.6277249025 0.71607476375 0.6658082625 0.7054855537500001 0.684910915 0.7040431275 0.71159195125 0.74193037875 0.71383943625 0.7443254937499999 0.587847095 0.7358710374999999 0.6277249025
