16 0.355078485 0.22464162000000001 0.29112022374999996 0.22986242375 0.26882764000000003 0.23248007999999998 0.2598040075 0.23811835125000003 0.20061604125 0.3114594 0.2109655 0.31711217625 0.6647721275 0.33250537 0.70590747625 0.32538580250000004 0.7573949575000001 0.29644654249999997 0.7556740575 0.25429571 0.69662669875 0.24634845875 0.43681617625 0.23335853 0.355078485 0.22464162000000001
16 0.11371297999999999 0.20376246250000002 0.066871235 0.21727545625 0.05506069375 0.22667499500000002 0.007063695 0.23839970875 0.009898628750000001 0.3340787225 0.07654708625 0.32717258250000003 0.22330904624999998 0.2847565925 0.26896022124999996 0.23360918375 0.29430487875 0.2294884725 0.29364464 0.19637048125 0.27904986625 0.182058815 0.1579004 0.19513983625 0.11371297999999999 0.20376246250000002
16 0.0017748050000000002 0.059899665000000005 0.05839130125 0.09006780875 0.21390638375 0.09470027249999999 0.331871195 0.08199320125 0.36942681499999996 0.04438779875 0.37685945875000004 0.02520026875 0.2908764525 0.00782446875 0.0012395387500000001 0.041834412499999994 0.0017748050000000002 0.059899665000000005
16 0.37432702 0.14110961625 0.4382852825 0.13588881125 0.49109324 0.17318553625 0.5444368775 0.16005374625000002 0.56248414375 0.14877720249999998 0.55121463 0.05280328625 0.53993709375 0.03924677375 0.44307162375 0.0391742475 0.34022924250000003 0.09818187249999999 0.36995179624999996 0.103849155 0.37432702 0.14110961625
16 0.20047276125 0.42022016749999996 0.25222540875 0.39353911750000004 0.251562495 0.3878935925 0.17699228375 0.3577309425 0.08516762375 0.3730919325 0.011784726249999999 0.3977345175 0.01423073625 0.48028734749999996 0.20047276125 0.42022016749999996
16 0.49397796374999997 0.5276954625 0.38490688 0.50616269 0.35345807874999996 0.51328951125 0.25592434875 0.5625163950000001 0.27370377749999997 0.57645411 0.37879471125 0.591586205 0.43877015 0.60743718875 0.4676972075 0.6063298425 0.51493670125 0.5962041625 0.56641883375 0.62220983875 0.6704544575 0.57336415875 0.6786825962499999 0.56095125625 0.59442583625 0.53078135375 0.49397796374999997 0.5276954625
16 0.60449670125 0 0.6304332525 0.040067202499999996 0.64396736875 0.045346029999999996 0.8024046137499999 0.019873865 0.8240342862500001 0.01161068625 0.82588446 0 0.60449670125 0
16 0.6594741737500001 0.23239623874999998 0.7494373312499999 0.25617271625 0.76721408625 0.2975829 0.7899044175000001 0.29835255875 0.8533323500000001 0.28861533500000003 0.8608975762500001 0.27055690875 0.80862797 0.15535919874999998 0.795093855 0.1500803725 0.69013282875 0.16354985125 0.64196258375 0.19324426500000003 0.6594741737500001 0.23239623874999998
16 0.8933936662499999 0.40982526625 0.9174178449999999 0.33946857125 0.8683221975 0.33378678375 0.80462910125 0.34126579749999997 0.7288496012500001 0.4657760125 0.7365447362499999 0.47631915874999997 0.8201412575 0.47337107 0.8515900562500001 0.46624424875000003 0.8933936662499999 0.40982526625
16 0.71345665625 0.47216218374999996 0.72924734875 0.469163325 0.74981636 0.45186730750000004 0.773707955 0.3803815075 0.7216954925 0.34985941125 0.664639545 0.33137626625000005 0.50952221 0.3301311175 0.4480803425 0.3842773825 0.548260375 0.4125775325 0.71345665625 0.47216218374999996
16 0.8458836599999999 0.47263767375 0.8292974725000001 0.46886190375 0.43586135625 0.50017947875 0.44143249625000003 0.520129415 0.57943064125 0.54055484125 0.80646921 0.521908075 0.8578241099999999 0.49183971 0.8458836599999999 0.47263767375
16 0.1166084025 0.44838251625 0.10054987125 0.4765956325 0.111164495 0.48450661875 0.19940408 0.4936047325 0.30171078 0.48502562374999997 0.39089448625 0.33719266500000006 0.18110769125 0.3377882575 0.17380762875 0.35810489250000005 0.252092825 0.39241001249999996 0.19715552375 0.41946501249999996 0.1166084025 0.44838251625
16 0.3562262675 0.7018355225 0.38090800874999997 0.6920692875000001 0.3833025175 0.62997577125 0.3952456425 0.62170533875 0.24623780125 0.5625091412500001 0.2207605625 0.5655007475 0.14578725374999998 0.5868957175 0.07253751875 0.62296905375 0.31177368125 0.70819993625 0.3562262675 0.7018355225
16 0.5116194625 0.5954490075 0.392458735 0.6254666037500001 0.3801178625 0.6303497225 0.3807754275 0.6909401825 0.34693746625000005 0.7052155837499999 0.34587413375 0.72365521375 0.37851617625 0.726690335 0.39231545500000004 0.7342273724999999 0.43371596875 0.7293660125 0.4392897825 0.7218434825 0.50762861625 0.6989382025 0.548103725 0.65870064 0.58525892375 0.64518039375 0.59388481125 0.63615480625 0.5116194625 0.5954490075
16 0.48167185875 0.17543649375 0.51975245875 0.19729244875 0.6415648375 0.18985695 0.7091081749999999 0.16017704125 0.76629938 0.15231682375 0.8631675237499999 0.12491688375000001 0.87816272125 0.115143395 0.8767043124999999 0.10272324125000001 0.82588509375 0.08236309 0.79390596125 0.0849734925 0.6850946925 0.12064386499999999 0.48167185875 0.17543649375
16 0.6915965837500001 0.12102506874999999 0.8067771637500001 0.08460679374999999 0.8480450937499999 0.07861633 0.86874936125 0.0349769475 0.84951152375 0.00861908 0.6127837325000001 0.054731061250000004 0.57934352 0.0723937775 0.62034093625 0.11909004 0.61277571 0.13714846625 0.6915965837500001 0.12102506874999999
16 0.74304128 0.53164529875 0.6854523275 0.53611820125 0.6965972825 0.54854560875 0.66766755 0.5771254225 0.66607388375 0.5910486325000001 0.62321229 0.6109623062499999 0.6252010287499999 0.6278988812499999 0.66195313 0.66593625375 0.67535466125 0.6700859762499999 0.78681758 0.6569977 0.8422852125 0.63445911875 0.84454179 0.62618143375 0.76599677625 0.53467316875 0.74304128 0.53164529875
16 0.7618573012500001 0.8018680675000001 0.7350542375000001 0.7935686225 0.76929262 0.7552080675 0.71847339875 0.734847915 0.63249039375 0.7174721162500001 0.5650796375 0.7482811312500001 0.50284494875 0.7681802999999999 0.46767848875 0.7986371212500001 0.46343049999999997 0.81745069875 0.48120992875 0.8313884149999999 0.55856704875 0.85778979875 0.55922996 0.863435325 0.5377328725 0.87282760875 0.52738073875 0.8946473 0.65078678125 0.8732885924999999 0.68900531375 0.841328715 0.7446055275000001 0.81991923875 0.7618573012500001 0.8018680675000001
16 0.92784907625 0.86822734875 0.9254625912500001 0.8479034599999999 0.9611620562500001 0.7944905900000001 0.94497361625 0.7941021337499999 0.9440455387500001 0.7861984 0.8928258975 0.7899234024999999 0.8400125900000001 0.8075716125 0.7700827674999999 0.81692763375 0.7618546275 0.82934053375 0.737172885 0.8391067700000001 0.74805267375 0.8492759675000001 0.7310660649999999 0.8695853487499999 0.7354439612500001 0.8793733437500001 0.7065142299999999 0.9079531575 0.76516384125 0.91251309375 0.8741050187499999 0.9054442924999999 0.89693060625 0.87987058875 0.92784907625 0.86822734875
16 0.3887223575 0.84110388125 0.43012554375 0.8087700525 0.46236983875 0.80841786 0.45971818875 0.7858357625 0.316679235 0.74997681875 0.24038010125 0.7600807412499999 0.15518991625 0.7769520387500001 0.1271855875 0.840908055 0.29862126875 0.87114323375 0.3887223575 0.84110388125
16 0.9358227474999999 0.7436663662499999 0.9441888174999999 0.6774376325 0.93065470375 0.67215880625 0.82874575 0.6841252287499999 0.8227741875 0.6882604449999999 0.82728199375 0.7266500112500001 0.88845067375 0.75266294 0.91724514875 0.75042648875 0.9358227474999999 0.7436663662499999
16 0.06949614375 0.51458223625 0.06445265875 0.5266211875 0.01814124375 0.5446506025 0.02503553625 0.60336405625 0.1395505275 0.588772725 0.265080565 0.55800722875 0.3691161875 0.5091615475 0.430420125 0.50883111375 0.43254411875000004 0.49942432375 0.39791333875 0.47945262875 0.37137544 0.47341139374999996 0.30171078 0.48502562374999997 0.0912583975 0.5074481625 0.06949614375 0.51458223625
16 0.81069882125 0 0.8146129037500001 0.0138616425 0.8464594525 0.01012213625 0.8609216437499999 0.02330469625 0.88560338625 0.01353846125 0.9274016475000001 0.012064416250000001 0.96150477375 0.00004722375 0.96149922875 0 0.81069882125 0
16 1 0.52293838375 0.9935656762499999 0.5205428225 0.8717559712499999 0.50050585125 0.79598449375 0.54259866125 0.77395707625 0.54747452625 0.80314662625 0.57609785625 1 0.59704725125 1 0.52293838375
16 0.974232695 0.108441295 0.9514097812500001 0.10654252874999999 0.8793559625 0.12530534 0.84817232625 0.1346903725 0.8148646975 0.15348219375 0.81897743 0.16101197625000002 0.9127881537499999 0.19006002875 0.95286284125 0.17390761999999998 0.9659992074999999 0.17579913125000002 0.9805966574999999 0.16263832749999999 0.974232695 0.108441295
16 0.939788155 0 0.881490655 0.00600867875 0.8662302925 0.013523955 0.8660896875 0.09481225500000001 0.89209458125 0.1238095375 0.936414585 0.11631601625 0.96892671875 0.09074956625000001 0.9614224400000001 0 0.939788155 0
16 0.22465359124999998 0.10374036375 0.20209584125 0.1040998075 0.13309409625000002 0.12135956249999999 0.10151004000000001 0.1548297475 0.1064155925 0.19660663 0.1204800375 0.20640187499999998 0.17567982875 0.2090775525 0.23459728 0.18842323 0.2852865925 0.18018180874999998 0.2874105875 0.17077501875 0.27560539500000003 0.12522961999999999 0.25809113 0.113550115 0.22465359124999998 0.10374036375
16 0.0070618899999999995 0.23833878625000002 0.04922171374999999 0.231939315 0.06315625125 0.21313298875 0.050688145000000004 0.16194206375 0.02415292 0.12842836375 0.030792743749999997 0.074993735 0.01659571625 0.06406938499999999 0.0017643787499999999 0.05954780375 0.0070618899999999995 0.23833878625000002
16 0.0840588275 0.85856352 0.05619243 0.86870370625 0.07146404375 0.9987604612500001 0.09778595 0.99798055375 0.19922336125 0.98698005375 0.23000924874999998 0.9742077087500001 0.2646480525 0.91176199875 0.24952562125 0.86546144625 0.2227225575 0.8571620025 0.18318087500000002 0.8503583612500001 0.14125003125 0.8507033012499999 0.0840588275 0.85856352
16 0.21714072125 0.9471019375 0.2334617425 0.94861949875 0.23783964000000002 0.95840749125 0.21368822625 0.9726901474999999 0.22417026875 0.9794720287500001 0.22435920750000002 0.994230235 0.3900951225 0.98931954125 0.42135102875 0.98150134375 0.47456475750000005 0.9397679787500001 0.47868016500000005 0.919825295 0.4636876425 0.90212631375 0.44046698125 0.89684023375 0.34413184125 0.90128412625 0.2747323475 0.9151565662500001 0.21714072125 0.9471019375
16 0.49331772625 0.49457746999999996 0.67590371125 0.48229511875 0.71385440375 0.47554949999999996 0.7131914912499999 0.46990397500000003 0.554629685 0.41182963 0.47501598875 0.39370593125 0.48337136125 0.43736707125 0.46850874875000004 0.4482696625 0.47063007 0.46633534125 0.49331772625 0.49457746999999996
16 0.47542978124999996 0.23225843625 0.47370620875 0.21758007375 0.43815269874999996 0.1347597075 0.2794502875 0.15797366125 0.274009055 0.16662529750000002 0.3041240075 0.23062483125 0.36476503250000003 0.2246488725 0.46600840125 0.23450939250000002 0.47542978124999996 0.23225843625
16 0.4298803975 0 0.3919872375 0.016555885 0.42064645749999996 0.04066279749999999 0.44930835 0.03729724 0.5471018974999999 0.04527350249999999 0.577887785 0.032501156249999996 0.5805447837500001 0.0001383175 0.5801710412500001 0 0.4298803975 0
16 0.99080551125 0.249579405 0.9857673749999999 0.20667342000000002 0.92114620125 0.20624869875000001 0.8609002499999999 0.24308444125 0.86859271 0.2811000575 0.7782264587500001 0.30888120125 0.73987801875 0.31223950500000003 0.73204762625 0.32803972000000003 0.8009141150000001 0.33712332875 0.813122405 0.331111105 0.8545229175 0.32624974625000003 0.99080551125 0.249579405
16 0.45139758125 0.3850325375 0.46480178625 0.36170979000000003 0.38558583625 0.34697340375 0.34855787374999997 0.41656769375 0.41397454375000003 0.4237670425 0.4509971575 0.40911769 0.47143358625 0.39069256625000004 0.45139758125 0.3850325375
16 0.07982420875 0.74001475875 0.310577765 0.72551046125 0.34215914875000003 0.719512745 0.34773296125000003 0.711990215 0.29492232875 0.70216595625 0.1766977025 0.6576698812499999 0.13808409624999998 0.65876997625 0.06563253125 0.67414547125 0.06642267875 0.7358650375000001 0.07982420875 0.74001475875
16 0.68809060625 0.69606264125 0.6290405725 0.71558785875 0.6174951962499999 0.7272456049999999 0.665262345 0.7491088125 0.69193282625 0.75627915125 0.73704832375 0.75556026 0.75708433 0.76122029125 0.7440778725 0.78793035125 0.7650419562499999 0.80149411625 0.7948970925000001 0.8082905037499999 0.8932236437500001 0.7933107175 0.93210508875 0.766996365 0.7458121412500001 0.69271884125 0.68809060625 0.69606264125
16 1 0.40524507625 0.8718965774999999 0.4192175525 0.8424338412500001 0.470753415 0.96384847125 0.4599306025 1 0.452402905 1 0.40524507625
16 1 0.7607152225 0.9242746975 0.78279658 0.9547927475 0.7952384925 0.948023015 0.82007154625 1 0.80840536125 1 0.7607152225
16 0.45600052875 0.8091657625 0.43012554375 0.8087700525 0.39774599 0.83546560875 0.25483159625 0.88315317375 0.26186114499999996 0.915523265 0.271680275 0.9166596225000001 0.32436099874999996 0.89788230625 0.34346892875 0.89563860125 0.39574923125 0.90094643875 0.46926145750000003 0.89460378375 0.56878392625 0.8623134725 0.57701206375 0.8499005712500001 0.552332995 0.8321943374999999 0.45600052875 0.8091657625
16 1 0.83817133 0.9953924162500001 0.8385474387499999 0.9306386575000001 0.8369936149999999 0.9156407887500001 0.87423957 0.891489375 0.888522225 1 0.8860151512500001 1 0.83817133
16 1 0.5965624862500001 0.9337147987500001 0.58823834625 0.9020008325000001 0.59310695875 0.8759932637500001 0.59158214375 0.8601999 0.62205347 0.8087124175 0.65099273125 0.7137031025 0.6667276725000001 0.7196719899999999 0.69006492375 0.7759324424999999 0.7017734400000001 0.8016748475 0.7010400437500001 0.86152305 0.6608169875000001 0.9828077725 0.6213926025 1 0.6106503175 1 0.5965624862500001
16 1 0.62457239625 0.9676799925 0.6300369849999999 0.9280030537499999 0.6495767087500001 0.92057041 0.66876423875 0.9437910712500001 0.6740503175000001 0.94896446375 0.6906129412500001 0.99978635875 0.6835006250000001 1 0.68303077625 1 0.62457239625
16 1 0.7143817112499999 0.9810735024999999 0.71660411125 0.94020332 0.72598189 0.93237292875 0.7417821062500001 0.914060495 0.75080043875 0.9151211549999999 0.7598332775 0.93183992375 0.764738155 0.9573171625000001 0.76174654875 1 0.74704535875 1 0.7143817112499999
