13 0.43662747875 0.72184077125 0.4420118825 0.7286345937500001 0.45253887875 0.733883465 0.672892995 0.60228609125 0.6443913525 0.59676546 0.48991881875 0.6899887325 0.43662747875 0.72184077125
13 0.59642506875 0.67297398 0.60145161125 0.678488665 0.6135183587499999 0.6829053912499999 0.6783752062499999 0.6323189475000001 0.6965196899999999 0.6079409825 0.59642506875 0.67297398
13 0.63889875875 0.64560879875 0.6638477962499999 0.6292663975 0.46412334375000003 0.621174735 0.45709671999999996 0.6249131225 0.4608882125 0.634873235 0.63889875875 0.64560879875
13 0.68640610625 0.58513848 0.70317584125 0.5924201075 0.71367779375 0.5879316099999999 0.766788025 0.44332684375 0.7399879249999999 0.46406303625 0.72136658 0.5073593525 0.68640610625 0.58513848
13 0.58006524625 0.5761943475 0.6989725087499999 0.52131265875 0.68359825625 0.5080513425000001 0.561860385 0.56661664875 0.55983464625 0.5735970537499999 0.5689154587499999 0.57721366625 0.57983983625 0.5775205675 0.57888480625 0.57588555375 0.58006524625 0.5761943475
13 0.3338647125 0.8080401175 0.34798082125 0.81723628 0.36102001 0.8189777862500001 0.7654216549999999 0.43695462625 0.766027405 0.43064483625 0.7551925575 0.42361415 0.7425733737500001 0.42205169 0.38592396 0.75517569 0.3386009075 0.80205583625 0.3338647125 0.8080401175
13 0.6882227475 0.5843115237500001 0.6899268387499999 0.5780521075 0.5714284725000001 0.57907660875 0.32751988375 0.5803736 0.17096411625 0.58284788375 0.17241187875000002 0.592790825 0.17409857250000002 0.60117236125 0.6187708162500001 0.5962806875 0.62585451625 0.5953066112500001 0.62476090875 0.59323179375 0.6270283087499999 0.581467005 0.6882227475 0.5843115237500001
13 0.1951178 0.72181601 0.218075605 0.7349952275 0.26021364125 0.7085184125 0.43060294875 0.59863174875 0.38649010375000004 0.59935587375 0.21338709749999998 0.70826532375 0.1951178 0.72181601
13 0.5505411375 0.345395775 0.53914527625 0.34974079125 0.5399522425 0.35018242 0.7077517675 0.5340716925 0.72040505 0.5138382462500001 0.563816495 0.345893745 0.5505411375 0.345395775
13 0.6484807075000001 0.46725176500000004 0.76582099625 0.41580982499999997 0.72574653875 0.41061717625 0.45032412374999997 0.53369135875 0.3585552325 0.57476889375 0.36053624874999995 0.57947507 0.39792551625 0.57929031 0.6484807075000001 0.46725176500000004
13 0.50220995 0.45529996124999994 0.56873153125 0.43166933625 0.7031028612500001 0.31989560499999997 0.87475674625 0.192206385 0.8670966987500001 0.18182042124999998 0.8405267675 0.17657704625 0.6808701362499999 0.30748802125 0.5114259975000001 0.44605616124999997 0.50220995 0.45529996124999994
13 0.5123604212499999 0.35119810125 0.50457707125 0.35558571625 0.50074167875 0.36175698500000003 0.5043476100000001 0.36870209000000004 0.51000402125 0.37198674875000004 0.9000098887500001 0.43956623 0.9124910737499999 0.43323907624999997 0.91703784125 0.4223489875 0.907533835 0.41116245375 0.7841809550000001 0.39490421499999995 0.5123604212499999 0.35119810125
13 0.51885951875 0.15223594375 0.5067313825 0.14953415874999998 0.4905167175 0.13627374250000002 0.49216359625 0.12428186000000001 0.43165491625 0.062160885 0.41760039374999997 0.062205118749999996 0.40642745249999995 0.0692228825 0.7130178549999999 0.3801421675 0.7359229775 0.37384925 0.72357961 0.35957255250000003 0.57622775375 0.20941332 0.51885951875 0.15223594375
13 0.35969996625 0.24302738375 0.35553841249999996 0.24751343250000002 0.35282037625 0.2566291825 0.7599628287500001 0.3468379625 0.7613393075 0.3327655025 0.44501472625 0.26328554 0.35969996625 0.24302738375
13 0.31616404249999996 0.17288775625 0.299440455 0.17621652625 0.29695855250000003 0.1860202475 0.65078627125 0.37318982375 0.69578894375 0.37942689375 0.6032691125 0.32874757250000003 0.31616404249999996 0.17288775625
