10 0.22692307750000001 0.1643002025 0.23365384625000002 0.17241379250000002 0.272115385 0.17647058875 0.2730769225 0.1643002025 0.2605769225 0.12981744375 0.25192307750000004 0.079107505 0.240384615 0.05273833625 0.22980769250000002 0.05070993875 0.2125 0.070993915 0.21346153874999999 0.10141987875 0.22692307750000001 0.1643002025
10 0.127884615 0.17849898625000002 0.1326923075 0.229208925 0.16923076874999998 0.18458417875 0.16153846125000001 0.1602434075 0.1480769225 0.154158215 0.14423076875 0.1643002025 0.13173076875 0.16632860000000002 0.127884615 0.17849898625000002
10 0.82596153875 0.72616632875 0.8192307687500001 0.754563895 0.81826923125 0.7890466537499999 0.8153846149999999 0.79716024375 0.81826923125 0.81947261625 0.8173076924999999 0.8661257612500001 0.82403846125 0.88640973625 0.85 0.82555780875 0.86153846125 0.81744421875 0.86923076875 0.8012170387499999 0.875 0.7707910750000001 0.8875 0.74036511125 0.9019230775 0.6896551725000001 0.9019230775 0.66734279875 0.8942307687500001 0.65922920875 0.8894230774999999 0.63488843875 0.8625 0.628803245 0.8519230775 0.65111561875 0.8375 0.7119675462499999 0.82596153875 0.72616632875
10 0.74423076875 0.08316430000000001 0.7423076925 0.0851926975 0.7423076925 0.087221095 0.7326923075 0.0851926975 0.7307692312499999 0.09127789 0.7298076925 0.09127789 0.7298076925 0.095334685 0.72884615375 0.095334685 0.72884615375 0.10344827625000001 0.727884615 0.10344827625000001 0.727884615 0.10750507125 0.72884615375 0.10750507125 0.72884615375 0.11156186625 0.7298076925 0.11156186625 0.7298076925 0.11359026374999999 0.7336538462500001 0.11561866125 0.73653846125 0.12373225125 0.7375 0.12373225125 0.7375 0.12576064875 0.73846153875 0.12576064875 0.73846153875 0.12778904624999998 0.740384615 0.12778904624999998 0.740384615 0.12981744375 0.7528846149999999 0.12981744375 0.7528846149999999 0.12778904624999998 0.7548076924999999 0.12778904624999998 0.7548076924999999 0.12576064875 0.7567307687500001 0.12576064875 0.7586538462500001 0.11967545624999999 0.76346153875 0.11764705875 0.76346153875 0.11561866125 0.765384615 0.11561866125 0.765384615 0.11359026374999999 0.7663461537499999 0.11359026374999999 0.765384615 0.09939148125 0.76346153875 0.09736308375 0.76346153875 0.0933062875 0.7605769225 0.08924949249999999 0.7605769225 0.087221095 0.7586538462500001 0.087221095 0.7576923075 0.08316430000000001 0.7567307687500001 0.08316430000000001 0.7567307687500001 0.079107505 0.7548076924999999 0.079107505 0.75384615375 0.07505071 0.7519230775 0.07505071 0.7519230775 0.0730223125 0.7471153850000001 0.0730223125 0.7471153850000001 0.07505071 0.7451923075000001 0.07505071 0.74423076875 0.08316430000000001
10 0.80865384625 0.10547667375 0.80865384625 0.08316430000000001 0.8019230775 0.06693712 0.78653846125 0.062880325 0.7692307687500001 0.09736308375 0.7692307687500001 0.11561866125 0.80865384625 0.10547667375
10 0.8105769225 0.33874239375000004 0.825 0.33671399625 0.85 0.26572008125 0.85 0.25152129875 0.8394230775 0.24137930999999999 0.83653846125 0.221095335 0.8269230774999999 0.221095335 0.8125 0.229208925 0.802884615 0.25354969625 0.8105769225 0.33874239375000004
10 0.84423076875 0.34482758625000004 0.84615384625 0.36308316375 0.8836538462500001 0.371196755 0.9048076924999999 0.2941176475 0.90673076875 0.27180527375 0.9 0.26369168375 0.89615384625 0.24340770750000001 0.8855769225 0.23935091249999998 0.8826923075 0.24949290000000002 0.8798076924999999 0.23935091249999998 0.8721153850000001 0.23935091249999998 0.86153846125 0.25963488875 0.84903846125 0.3144016225 0.84423076875 0.34482758625000004
10 0.90096153875 0.25760649125 0.90576923125 0.27180527375 0.9048076924999999 0.28803245375 0.8875 0.35902636875 0.8894230774999999 0.3691683575 0.9 0.3772819475 0.915384615 0.3772819475 0.9173076925 0.37322515250000005 0.9201923075 0.35294117625 0.9298076925 0.320486815 0.9375 0.30425963500000003 0.95 0.26369168375 0.94903846125 0.2474645025 0.9394230775 0.22515213 0.93173076875 0.2231237325 0.927884615 0.22718052749999998 0.9230769225000001 0.21298174499999997 0.91634615375 0.21298174499999997 0.91346153875 0.2150101425 0.9019230775 0.24137930999999999 0.90096153875 0.25760649125
10 0.8855769225 0.245436105 0.89903846125 0.24949290000000002 0.90673076875 0.19675456375 0.915384615 0.18458417875 0.915384615 0.1602434075 0.91153846125 0.15010142 0.8932692312499999 0.146044625 0.8836538462500001 0.1683569975 0.8798076924999999 0.19878296124999997 0.8855769225 0.245436105
10 0.90576923125 0.19675456375 0.9048076924999999 0.21095334625 0.90384615375 0.21095334625 0.90384615375 0.221095335 0.902884615 0.221095335 0.902884615 0.229208925 0.90384615375 0.2312373225 0.9076923075000001 0.229208925 0.9144230775 0.2150101425 0.922115385 0.21298174499999997 0.927884615 0.229208925 0.9307692312499999 0.22718052749999998 0.9307692312499999 0.22515213 0.9355769225 0.2231237325 0.9355769225 0.22515213 0.9375 0.22515213 0.9375 0.22718052749999998 0.9403846149999999 0.229208925 0.9403846149999999 0.23326571999999998 0.94326923125 0.23935091249999998 0.9451923075 0.23935091249999998 0.9461538462500001 0.24340770750000001 0.94903846125 0.245436105 0.94903846125 0.2312373225 0.95 0.229208925 0.947115385 0.22515213 0.9461538462500001 0.2150101425 0.9451923075 0.2150101425 0.9451923075 0.20892494875 0.94134615375 0.20081135875 0.94134615375 0.19675456375 0.9394230775 0.19675456375 0.9365384612500001 0.19066937125 0.9326923075000001 0.19066937125 0.9326923075000001 0.18864097375 0.91153846125 0.18661257625000002 0.91153846125 0.18864097375 0.909615385 0.18864097375 0.90576923125 0.19675456375
10 0.81634615375 0.12778904624999998 0.81826923125 0.1399594325 0.822115385 0.14401622749999998 0.8288461537499999 0.1399594325 0.8288461537499999 0.137931035 0.8355769225 0.137931035 0.8355769225 0.1359026375 0.8576923075 0.1359026375 0.859615385 0.137931035 0.86153846125 0.15010142 0.8644230775 0.15618661250000002 0.8778846149999999 0.15821501 0.8798076924999999 0.154158215 0.8798076924999999 0.12373225125 0.8778846149999999 0.11561866125 0.8134615387499999 0.11359026374999999 0.8125 0.11967545624999999 0.8134615387499999 0.12373225125 0.81634615375 0.12778904624999998
10 0.82403846125 0.2231237325 0.83846153875 0.22515213 0.8394230775 0.24340770750000001 0.84326923125 0.245436105 0.85 0.2150101425 0.859615385 0.19472616625 0.8605769225000001 0.15618661250000002 0.8567307687500001 0.14198783 0.8326923075 0.1359026375 0.8153846149999999 0.162271805 0.8144230775 0.18661257625000002 0.82403846125 0.2231237325
10 0.309615385 0.73022312375 0.30865384625000003 0.73427991875 0.3019230775 0.7322515212499999 0.29615384625 0.73630831625 0.29326923125 0.74239350875 0.29326923125 0.76673428 0.297115385 0.7768762675 0.30096153875 0.778904665 0.31923076875 0.7728194725 0.33461538500000004 0.7728194725 0.3480769225 0.762677485 0.3605769225 0.7687626774999999 0.36634615375 0.76673428 0.36923076875 0.7586206900000001 0.37115384625 0.73427991875 0.37403846125 0.72616632875 0.37403846125 0.6997971599999999 0.372115385 0.6896551725000001 0.36346153875 0.6896551725000001 0.34615384624999995 0.7099391475 0.32307692250000003 0.71805273875 0.309615385 0.73022312375
10 0.33173076875 0.778904665 0.3269230775 0.7890466537499999 0.3269230775 0.82352941125 0.34615384624999995 0.9330628799999999 0.36634615375 0.9695740362499999 0.3730769225 0.96551724125 0.375 0.95334685625 0.3826923075 0.94929006125 0.38365384625 0.89249492875 0.36923076875 0.8215010137500001 0.3701923075 0.8012170387499999 0.36826923125 0.7931034487499999 0.36442307749999997 0.787018255 0.36153846125 0.7728194725 0.35865384624999996 0.7728194725 0.35384615375 0.762677485 0.34615384624999995 0.762677485 0.34134615375000005 0.7687626774999999 0.34038461499999995 0.7809330624999999 0.33173076875 0.778904665
10 0.39134615375000004 0.8478701825 0.38365384625 0.89249492875 0.38365384625 0.9350912775000001 0.39423076875 0.9350912775000001 0.39903846125000003 0.92494929 0.40673076874999997 0.89249492875 0.425 0.8904665312500001 0.44326923125 0.87018255625 0.44903846125 0.85801217 0.45576923125 0.81135902625 0.452884615 0.8012170387499999 0.44423076875 0.7951318462499999 0.4423076925 0.7829614599999999 0.4394230775 0.778904665 0.41442307749999996 0.79716024375 0.40961538500000005 0.81338742375 0.39134615375000004 0.8478701825
10 0.509615385 1 0.4798076925 0.94320486875 0.434615385 0.9107505075 0.422115385 0.89452332625 0.40865384624999995 0.8904665312500001 0.39326923125 0.9574036512499999 0.39423076875 0.97363083125 0.40288461499999995 0.9858012175 0.422115385 1 0.509615385 1
10 0.57596153875 1 0.5730769225 0.987829615 0.54615384625 0.95131845875 0.525 0.94117647 0.5028846149999999 0.9087221099999999 0.47403846125 0.8884381337499999 0.46826923125000003 0.9026369162500001 0.47115384624999995 0.937119675 0.48365384624999996 0.94929006125 0.5105769225 1 0.57596153875 1
10 0.4576923075 0.82555780875 0.44807692250000003 0.8640973624999999 0.45096153875 0.8762677487499999 0.48846153875 0.8519269774999999 0.5009615387499999 0.81135902625 0.5009615387499999 0.7931034487499999 0.49038461499999997 0.762677485 0.47692307749999996 0.7606490875 0.46346153875 0.7707910750000001 0.4576923075 0.787018255 0.4576923075 0.82555780875
10 0.534615385 0.8782961462500001 0.5230769225 0.9006085187499999 0.52884615375 0.92494929 0.527884615 0.94117647 0.5423076925 0.9452332662499999 0.55384615375 0.96348884375 0.57884615375 0.929006085 0.6076923075 0.9066937125 0.6211538462499999 0.8661257612500001 0.65673076875 0.82352941125 0.6548076924999999 0.79918864125 0.6394230774999999 0.7931034487499999 0.602884615 0.82555780875 0.577884615 0.8296146050000001 0.534615385 0.8782961462500001
10 0.6394230774999999 1 0.6432692312499999 0.9574036512499999 0.65576923125 0.92494929 0.65673076875 0.89249492875 0.65384615375 0.88438133875 0.6394230774999999 0.862068965 0.625 0.862068965 0.6144230775 0.88438133875 0.609615385 0.9188640975 0.6048076925 0.9269776875 0.6048076925 1 0.6394230774999999 1
10 0.4923076925 0.8438133875 0.47884615375 0.8600405675 0.48173076875 0.88235294125 0.4923076925 0.9026369162500001 0.5125 0.89249492875 0.52596153875 0.86815415875 0.53365384625 0.8417849900000001 0.53653846125 0.79716024375 0.525 0.7849898575 0.52403846125 0.7687626774999999 0.51634615375 0.76673428 0.5 0.787018255 0.5019230775 0.8093306287500001 0.4923076925 0.8438133875
10 0.575 0.7687626774999999 0.5625 0.80324543625 0.55 0.81947261625 0.5451923075 0.8417849900000001 0.527884615 0.87018255625 0.527884615 0.88235294125 0.54326923125 0.87221095375 0.5769230774999999 0.8296146050000001 0.6048076925 0.82555780875 0.6269230775 0.80527383375 0.63173076875 0.7809330624999999 0.6259615387499999 0.754563895 0.61346153875 0.7322515212499999 0.60673076875 0.7322515212499999 0.59134615375 0.74847870125 0.5836538462499999 0.7687626774999999 0.575 0.7687626774999999
10 0.6 0.66125760625 0.5836538462499999 0.6815415825 0.55673076875 0.69168357 0.5519230775 0.6997971599999999 0.552884615 0.72616632875 0.55576923125 0.7322515212499999 0.58846153875 0.73022312375 0.59615384625 0.73630831625 0.6144230775 0.7322515212499999 0.6173076925000001 0.73630831625 0.6375 0.73630831625 0.6451923075 0.73022312375 0.6576923075000001 0.7322515212499999 0.6711538462500001 0.72616632875 0.67403846125 0.7200811362499999 0.672115385 0.65922920875 0.66634615375 0.65111561875 0.6423076925 0.65111561875 0.6355769225 0.6531440162500001 0.63365384625 0.65922920875 0.6 0.66125760625