9 0.6469051 0.48399023 0.6165881075 0.46884526625 0.55338285375 0.51268041875 0.56474081875 0.5233590925 0.5398431325 0.53858280875 0.60015357125 0.55268235 0.638180175 0.5353603475 0.6917537375 0.5355438800000001 0.70902907125 0.51279263375 0.74645116375 0.49056967625 0.805963385 0.47106320250000006 0.83857068125 0.42337251875 0.8742005325 0.40018661 0.89324681875 0.36465840625 0.8826232025 0.34636601375 0.8398030937500001 0.35196020125 0.79981183 0.3533541 0.7669895375 0.35859981124999996 0.6456535 0.44670849875 0.68700491125 0.4563417475 0.6730118075 0.47856842125 0.6469051 0.48399023
8 0.70225801875 0.09158025 0.59763538375 0.17951656 0.46230624124999997 0.28985192125000003 0.4184921075 0.32808917 0.6571413024999999 0.4448725 0.6495189499999999 0.43734497125 0.9235020425 0.24362949875 0.70225801875 0.09158025
13 0.1599984075 0.21322802625 0.15509635375 0.22775479499999998 0.21082828374999998 0.27257149125 0.26552360875000003 0.3225514275 0.32468889500000003 0.36806879125 0.41106136125 0.44422084 0.53542318625 0.5426296924999999 0.5544620375 0.534997 0.5610052050000001 0.5202079475 0.4304099025 0.41114311375 0.3527176825 0.351095265 0.18087951624999998 0.20614259875 0.1599984075 0.21322802625
13 0.6786695 0.4701678475 0.68177931125 0.45467812750000003 0.58694159625 0.40486685125 0.46254252749999997 0.34603680375 0.36591256875 0.29526257499999997 0.28899727625 0.25508083 0.23240116125 0.23039252375 0.21331229499999999 0.238440905 0.28742003125 0.2965628475 0.35999519999999996 0.32869249375000004 0.48620780125 0.40222540500000004 0.61822922375 0.46858298 0.6488484699999999 0.48617842250000004 0.66854184625 0.48303099625 0.6786695 0.4701678475
13 0.20132222875 0.4939837825 0.19140957 0.5492919012499999 0.17136926 0.61746316625 0.15566907125 0.6936865324999999 0.15761244124999998 0.69587472375 0.18520913625 0.6889653925 0.20568154125 0.6107299312500001 0.2262837825 0.51997979625 0.242437355 0.44743214875 0.20132222875 0.4939837825
13 0.25960203875 0.545889625 0.274719005 0.478505215 0.28927404125 0.4336996725 0.25489789125 0.39921317625 0.25375273875000004 0.43063099875 0.23831222749999997 0.48182502 0.22660732875 0.53617018625 0.21103697749999997 0.59987888 0.19294003624999997 0.67023833625 0.20369349125 0.6760160550000001 0.2035423625 0.6747908175 0.20652233625000002 0.67181577 0.19965562250000002 0.67041443375 0.23005987375 0.64556490375 0.25960203875 0.545889625
13 0.50515842625 0.78650825125 0.46670183125000003 0.71894030875 0.4250928425 0.6393822662499999 0.36761335125 0.5261283 0.31898652250000004 0.44394368125 0.28542988125 0.45680311125 0.28229877875 0.45855292249999996 0.30056603625 0.49811275250000003 0.329737875 0.54467554125 0.36057212 0.60471595375 0.40187885125 0.6818235187499999 0.44199785124999996 0.7628690862499999 0.47084614625 0.793241485 0.49699543125 0.8152995 0.5384107124999999 0.8661524825 0.51530526875 0.8823391537499999 0.52398551375 0.8984433525 0.549206745 0.89941002375 0.56276775625 0.88724754375 0.549898515 0.8643164837499999 0.50515842625 0.78650825125
13 0.164078855 0.2463094725 0.1376698925 0.2492808025 0.12754223874999998 0.26214395 0.12948560875 0.26433214125 0.16789962625000002 0.30442026125 0.2079547575 0.34424609625 0.25414225375 0.39308698124999997 0.29899089125 0.4446406325 0.32032538250000003 0.44123091999999997 0.35729199 0.51028638625 0.42185529250000003 0.57243252 0.45215099625 0.5738375725 0.46661877250000006 0.56902652625 0.4494306975 0.5517832775 0.37558263875000003 0.46863199 0.29935911625 0.39335670375 0.23941690125 0.32797323624999997 0.164078855 0.2463094725
13 0.48017978375 0.55686404625 0.4818208975 0.55660176 0.51105870625 0.54943014375 0.42945845624999995 0.47126599874999997 0.35606378 0.39179042625 0.25969349875 0.31598685249999997 0.18841460999999998 0.2536646225 0.17440021625 0.26215138625 0.2950189925 0.38530460499999997 0.35943116750000004 0.44622550125 0.4609185 0.54994727875 0.47495418375 0.555200425 0.466446355 0.55406137625 0.48017978375 0.55686404625
8 0.54850246125 0 0.53335514625 0.0111268525 0.45138457125000003 0.079200775 0.37863488500000003 0.12706011875 0.4007463025 0.14351651 0.43754049375000004 0.1976068275 0.39307927125 0.20346329875 0.35399477375 0.21220863 0.30983580499999996 0.22051558 0.2316455225 0.22426632999999999 0.21359326 0.22715147125000001 0.27630045249999996 0.24711491875 0.36278146874999995 0.29701238375 0.42132095375 0.32388888125000004 0.49404935250000004 0.26228962875 0.6019542175 0.1738287475 0.6991269162499999 0.09333005875 0.8135494612499999 0.1662484925 0.8098138475000001 0.16309734875 0.8484236725 0.13693639 0.65433532625 0 0.54850246125 0
8 0.22179463375 0.41574832 0.12142906249999999 0.36182294625 0.032549193750000004 0.40101571125 0.0718486875 0.43471535250000004 0.09950925125 0.46902575375 0.14595642375 0.49283729625 0.17653309125 0.48295291625 0.17344456875 0.5121825475 0.1916692475 0.5242625562500001 0.19270585125 0.5190993162499999 0.19480034875000002 0.52251274625 0.19315923375 0.52277503125 0.19780183625 0.523176105 0.20907441875 0.4889966375 0.2558472375 0.43404442875 0.22179463375 0.41574832
8 0.22446394875 0.79013935 0.23141582125 0.8465003287499999 0.25024501 0.8634812924999999 0.30848224125 0.8879073112499999 0.338043595 0.89692608375 0.35836277125000005 0.9124195225 0.42065915875000004 0.95618707625 0.492221115 0.912265735 0.49643801375 0.9049977699999999 0.49727429624999997 0.8989642062500001 0.4431834825 0.85388522375 0.39390746374999996 0.83427397 0.32519774375 0.7927807950000001 0.29246271 0.7580320125 0.30567888625 0.71593923375 0.31086190625 0.6901230325000001 0.27549173125 0.6882795975 0.24383588125 0.67584739625 0.25512997625 0.6453063362499999 0.2400364 0.6314765175 0.222199135 0.67680663125 0.20667346375 0.6730410075000001 0.20833586875000001 0.6865186325 0.22401266625000002 0.6915094962499999 0.2289573 0.7044625487499999 0.22392540749999998 0.7315039887499999 0.22446394875 0.79013935
8 0.534977355 0.865451815 0.52314471875 0.8373575150000001 0.4859397225 0.807071305 0.45320468875000003 0.77232252125 0.42373059375 0.7233092562500001 0.38078274749999996 0.6464639762500001 0.3489119 0.5915868025000001 0.288946295 0.6074175625 0.24824197375 0.63016508875 0.24675198625 0.631652615 0.2537911175 0.6480190975 0.24338249874999998 0.67217168 0.25368257 0.6742736825 0.31131528875000003 0.6937987475 0.29822895125 0.723376855 0.29723492625 0.7560199175 0.31308414125 0.77597593 0.34685577875 0.80556147125 0.3874728425 0.82280843875 0.42301543375 0.83961702375 0.461105905 0.8635147550000001 0.49070983875 0.9000133475 0.5047242325 0.89152658375 0.534977355 0.865451815
8 0.11387267875 0.3005610125 0.15129267125 0.373292195 0.1583105125 0.3759187675 0.18206304625000003 0.39211287375 0.21881465875 0.41872337000000004 0.2299363375 0.37321715875 0.18031548375 0.32367560500000003 0.12723998375 0.25969347249999997 0.13602877875 0.24954308749999998 0.149892045 0.239831085 0.17485359875 0.2658271025 0.1891702475 0.25979081625 0.15345524 0.22801708125 0.13732505875 0.21935050125 0.12272744375 0.23667622125 0.08077152124999999 0.22214201875 0.11387267875 0.3005610125
8 0.48095671125 0.57673015125 0.397583025 0.5727293725 0.42433720375 0.6332560724999999 0.450831325 0.6852443862500001 0.482551045 0.73889632 0.52504551 0.81206588375 0.55451960375 0.86107915 0.5921354025 0.8675612537499999 0.60062194125 0.8549603925 0.62433189625 0.8436746775 0.68205187625 0.82320524875 0.73901621625 0.79660962625 0.734612225 0.74733779375 0.7087013249999999 0.6865105225000001 0.66951038 0.6265562987500001 0.6658407362500001 0.56967075 0.53483253 0.57936416 0.5343365675 0.5482086225 0.477480775 0.5485496599999999 0.48095671125 0.57673015125
8 1 0.62651116875 0.9809326525000001 0.61426605875 0.9858793875 0.53226497375 0.99719477375 0.515463825 0.97577512375 0.46391389250000004 0.93012826875 0.3787542275 0.87897274875 0.39817451374999996 0.8399095425 0.42065975625 0.8090731975 0.45557348249999996 0.80626564 0.47351368125 0.76195554375 0.48059539 0.7169323900000001 0.50903073 0.6914514825000001 0.53309340375 0.6599680474999999 0.53562635125 0.6360856775 0.5319469175 0.60358692875 0.55338301625 0.58283565875 0.5479537725 0.5523888287500001 0.54532348125 0.5459754975 0.54759786125 0.52762098125 0.54803252625 0.5343791462499999 0.5756884449999999 0.6692740937499999 0.570371415 0.67069811125 0.6226182975 0.71228581 0.68843642875 0.7227582975 0.7055035825 0.74333504875 0.7909218162499999 0.68831407875 0.81970562875 0.6520797174999999 0.8379905825 0.6268584875 0.8370239112500001 0.6086763875 0.852423725 0.7298591975 0.8580439387500001 0.74292424625 0.8147259212500001 0.7866319312500001 0.7077891175000001 0.8160421575 0.7155826487500001 0.86698058125 0.74867153 0.94536457125 0.77362583875 1 0.7700340412500001 1 0.62651116875
8 0.33162367875 0.22078158250000002 0.3912870275 0.20250034625000002 0.427503485 0.1896567825 0.42618252875 0.18692815499999998 0.3946139375 0.1345014575 0.348749985 0.10185095875 0.3188437975 0.06290188875 0.27148985875000003 0.031738915 0.251666645 0.047401015 0.19632212875 0.05999443875 0.16814221375 0.07574272750000001 0.13519008124999998 0.09350311250000001 0.09850233875 0.10811235 0.0072044275 0.12770129624999998 0.055314005 0.16499046499999998 0.10685693875 0.20298029875 0.142701785 0.2222393625 0.162525 0.2065772625 0.18491738375 0.21174422 0.20657541875 0.22452489750000001 0.25507451 0.22427004875 0.33162367875 0.22078158250000002
8 0.15061589 0.70698806125 0.1611309575 0.751535035 0.18799330250000001 0.75223942125 0.13916856625 0.83125802125 0.25061113375 0.9071515025 0.27190304625 0.8762619687500001 0.23381257375 0.8523642375 0.2258028075 0.7874265862500001 0.224810885 0.72511551125 0.23342726125 0.6999999775000001 0.21593693125000002 0.68030625125 0.21757804625 0.680043965 0.210912835 0.6802762812500001 0.211164715 0.6823183462500001 0.2113158425 0.683543585 0.19278890875 0.6690130987499999 0.15061589 0.70698806125