7 0.47265625 0.6337890625 0.48307291625 0.62890625 0.4921875 0.6416015625 0.5143229162499999 0.6689453125 0.5325520837500001 0.6474609375 0.5846354162499999 0.546875 0.609375 0.4755859375 0.5794270837500001 0.4638671875 0.47916666625 0.4619140625 0.43359375 0.482421875 0.39713541625 0.5048828125 0.37239583375 0.541015625 0.37369791625 0.5859375 0.39322916625 0.6240234375 0.43489583375 0.6640625 0.4453125 0.66015625 0.43359375 0.630859375 0.47265625 0.6337890625
14 0.84505208375 0.4462890625 0.86067708375 0.439453125 0.87760416625 0.3935546875 0.8828125 0.3642578125 0.8671875 0.32421875 0.81119791625 0.3447265625 0.77213541625 0.3583984375 0.73307291625 0.4404296875 0.70182291625 0.5107421875 0.6796875 0.57421875 0.72786458375 0.564453125 0.79427083375 0.5380859375 0.8125 0.525390625 0.84505208375 0.4462890625
14 0.5364583337500001 0.365234375 0.5625 0.3642578125 0.5559895837500001 0.3369140625 0.52734375 0.3115234375 0.47135416625 0.2666015625 0.39973958375 0.2060546875 0.36328125 0.189453125 0.33203125 0.1826171875 0.29296875 0.185546875 0.38541666625 0.2626953125 0.46875 0.33203125 0.5013020837500001 0.3564453125 0.5364583337500001 0.365234375
14 0.6119791662499999 0.60546875 0.6302083337500001 0.5546875 0.6302083337500001 0.537109375 0.5950520837500001 0.5478515625 0.5729166662499999 0.56640625 0.5520833337500001 0.6142578125 0.5247395837500001 0.6943359375 0.5078125 0.734375 0.50390625 0.7451171875 0.5221354162499999 0.7763671875 0.5625 0.7529296875 0.5794270837500001 0.7314453125 0.5989583337500001 0.662109375 0.6119791662499999 0.60546875
14 0.7421875 0.5791015625 0.72135416625 0.56640625 0.67838541625 0.576171875 0.6796875 0.5498046875 0.66276041625 0.5400390625 0.64322916625 0.5419921875 0.6328125 0.548828125 0.6028645837500001 0.64453125 0.5950520837500001 0.666015625 0.6158854162499999 0.69140625 0.67447916625 0.640625 0.734375 0.5947265625 0.7421875 0.5791015625
7 0.22265625 0.3310546875 0.24348958375 0.3232421875 0.26302083374999996 0.337890625 0.28125 0.3271484375 0.27604166625000004 0.3154296875 0.28515625 0.2998046875 0.27734375 0.283203125 0.2890625 0.2529296875 0.27083333374999996 0.240234375 0.265625 0.2236328125 0.234375 0.205078125 0.20442708375 0.2001953125 0.18229166625 0.2080078125 0.15494791624999998 0.2216796875 0.15104166624999998 0.2412109375 0.15755208375000002 0.271484375 0.1640625 0.28125 0.1640625 0.298828125 0.16015625 0.32421875 0.16145833375 0.337890625 0.17578125 0.3505859375 0.20182291625 0.3505859375 0.2109375 0.3427734375 0.22265625 0.3310546875
14 0.16145833375 0.322265625 0.1640625 0.279296875 0.15104166624999998 0.25390625 0.15364583375000002 0.2236328125 0.17057291625 0.2138671875 0.20703125 0.2001953125 0.24088541625 0.2080078125 0.26041666625000004 0.2177734375 0.27473958374999996 0.2353515625 0.28515625 0.25390625 0.2890625 0.212890625 0.27604166625000004 0.2041015625 0.21614583375 0.1943359375 0.15234375 0.1875 0.13411458375000002 0.1962890625 0.13411458375000002 0.208984375 0.1328125 0.2666015625 0.13671875 0.3388671875 0.15104166624999998 0.3505859375 0.16927083375 0.3466796875 0.16145833375 0.322265625
7 0.66927083375 0.2685546875 0.64453125 0.2861328125 0.63671875 0.3154296875 0.65234375 0.314453125 0.64583333375 0.333984375 0.6197916662499999 0.3369140625 0.6002604162499999 0.359375 0.60546875 0.3720703125 0.61328125 0.3857421875 0.6028645837500001 0.40234375 0.5859375 0.39453125 0.58203125 0.384765625 0.55859375 0.416015625 0.5611979162499999 0.44140625 0.5716145837500001 0.44921875 0.578125 0.4638671875 0.6015625 0.45703125 0.6263020837500001 0.4140625 0.65494791625 0.359375 0.68489583375 0.3125 0.71354166625 0.3076171875 0.7734375 0.30859375 0.75911458375 0.2802734375 0.7421875 0.263671875 0.70703125 0.2568359375 0.66927083375 0.2685546875
14 0.58203125 0.3974609375 0.6067708337500001 0.3984375 0.6106770837500001 0.3857421875 0.6002604162499999 0.3662109375 0.6067708337500001 0.3525390625 0.62109375 0.337890625 0.64192708375 0.333984375 0.65234375 0.3154296875 0.64453125 0.31640625 0.6328125 0.314453125 0.65104166625 0.2822265625 0.671875 0.267578125 0.70703125 0.2587890625 0.73307291625 0.2626953125 0.75651041625 0.2783203125 0.77213541625 0.298828125 0.78125 0.267578125 0.72916666625 0.251953125 0.6484375 0.2265625 0.63671875 0.2373046875 0.6041666662499999 0.2939453125 0.5625 0.369140625 0.53125 0.421875 0.546875 0.443359375 0.5611979162499999 0.447265625 0.55859375 0.4287109375 0.5651041662499999 0.404296875 0.58203125 0.3974609375
14 0.5416666662499999 0.8486328125 0.5963541662499999 0.861328125 0.6197916662499999 0.861328125 0.6484375 0.84765625 0.69791666625 0.806640625 0.73697916625 0.7744140625 0.76302083375 0.7548828125 0.76302083375 0.7470703125 0.72135416625 0.73828125 0.69921875 0.7392578125 0.68489583375 0.767578125 0.65234375 0.791015625 0.6341145837500001 0.82421875 0.6184895837500001 0.8369140625 0.5911458337500001 0.837890625 0.5885416662499999 0.8125 0.5638020837500001 0.8095703125 0.5638020837500001 0.7822265625 0.5755208337500001 0.75390625 0.5911458337500001 0.7421875 0.6171875 0.728515625 0.5208333337500001 0.7783203125 0.4609375 0.810546875 0.45052083375 0.826171875 0.48828125 0.8369140625 0.5416666662499999 0.8486328125
7 0.64583333375 0.7275390625 0.6158854162499999 0.7314453125 0.59765625 0.73828125 0.5716145837500001 0.7568359375 0.5625 0.78515625 0.5625 0.8056640625 0.58984375 0.8154296875 0.58984375 0.8408203125 0.6158854162499999 0.8359375 0.6315104162499999 0.828125 0.6484375 0.7978515625 0.67057291625 0.775390625 0.69270833375 0.7578125 0.70182291625 0.7353515625 0.69010416625 0.734375 0.6796875 0.7392578125 0.66276041625 0.736328125 0.64583333375 0.7275390625
5 0.44270833375 0.6953125 0.42317708375 0.673828125 0.43229166625 0.66796875 0.3984375 0.6298828125 0.35546875 0.615234375 0.30598958374999996 0.615234375 0.19791666625 0.6513671875 0.15494791624999998 0.6796875 0.11848958375 0.7021484375 0.12109375 0.7373046875 0.10416666625 0.7421875 0.11197916625 0.7607421875 0.08854166625 0.7607421875 0.08984375 0.77734375 0.09114583375 0.794921875 0.08072916625 0.8125 0.07682291625 0.8212890625 0.09375 0.8228759762500001 0.09375 0.8251953125 0.21354166625 0.8232421875 0.32421875 0.794921875 0.39453125 0.7626953125 0.44270833375 0.7197265625 0.44270833375 0.6953125
5 0.87890625 0.7119140625 0.9296875 0.7041015625 0.91015625 0.65234375 0.87630208375 0.5966796875 0.8359375 0.572265625 0.80208333375 0.5595703125 0.74479166625 0.5595703125 0.72005208375 0.5673828125 0.7421875 0.583984375 0.70572916625 0.6162109375 0.66536458375 0.6494140625 0.64453125 0.6728515625 0.66927083375 0.70703125 0.71223958375 0.71875 0.8046875 0.72265625 0.87890625 0.7119140625
7 0.375 0.142578125 0.33854166625 0.1552734375 0.34505208375 0.1826171875 0.38020833375 0.2001953125 0.41666666625 0.2177734375 0.43098958375 0.2119140625 0.43229166625 0.169921875 0.40885416625 0.1533203125 0.375 0.142578125
7 0.5338541662499999 0.1845703125 0.53125 0.16796875 0.5091145837500001 0.13671875 0.47265625 0.1171875 0.42447916625 0.109375 0.41927083375 0.1298828125 0.41796875 0.15234375 0.43619791625 0.1953125 0.46614583375 0.2099609375 0.48567708375 0.216796875 0.515625 0.208984375 0.5299479162499999 0.1962890625 0.5338541662499999 0.1845703125
7 0.66536458375 0.369140625 0.65755208375 0.4033203125 0.66276041625 0.4306640625 0.67838541625 0.4345703125 0.65755208375 0.453125 0.65625 0.4755859375 0.66796875 0.48828125 0.65364583375 0.5029296875 0.65234375 0.529296875 0.66796875 0.546875 0.68489583375 0.544921875 0.70703125 0.4853515625 0.74348958375 0.4208984375 0.7578125 0.380859375 0.76953125 0.3642578125 0.7890625 0.349609375 0.76822916625 0.3408203125 0.72135416625 0.341796875 0.68619791625 0.3564453125 0.66536458375 0.369140625
5 0.46744791625 0.462890625 0.5247395837500001 0.443359375 0.5065104162499999 0.416015625 0.4609375 0.40625 0.38802083375 0.3984375 0.30859375 0.4228515625 0.2578125 0.458984375 0.20963541625 0.4990234375 0.18359375 0.5576171875 0.2109375 0.6015625 0.25520833374999996 0.576171875 0.32942708375 0.5380859375 0.40625 0.49609375 0.46744791625 0.462890625
7 0.72526041625 0.72265625 0.71354166625 0.73828125 0.765625 0.7470703125 0.74479166625 0.775390625 0.76953125 0.8115234375 0.79296875 0.7919921875 0.80859375 0.765625 0.72526041625 0.72265625
