14 0.7476209 0.16543606874999997 0.7580542875 0.17452015750000002 0.767461065 0.17168633625 0.7664745125 0.15647389 0.80423782375 0.13393719 0.83609085375 0.11572489250000001 0.839955925 0.08690576 0.846296755 0.05641978375 0.6405386862500001 0.042702578750000005 0.6214176825 0.0425323575 0.67342436625 0.1011309425 0.664739725 0.14092113250000002 0.69978476875 0.1492378725 0.7125678449999999 0.157778235 0.7276765762499999 0.1677515875 0.74159043 0.1796440725 0.7476209 0.16543606874999997
14 0.8326394387499999 0.59222967625 0.8503863125 0.5779386575000001 0.89181437875 0.54305549375 0.7822593075000001 0.399873015 0.7147192262500001 0.36622313624999997 0.6891130074999999 0.35243694499999995 0.6094879475 0.3491797975 0.59667282 0.34327506375 0.57777113125 0.35619068 0.581243585 0.35965798125 0.578917935 0.35822498875000003 0.6643901787500001 0.45868697124999996 0.7291078262499999 0.53175607875 0.8326394387499999 0.59222967625
14 0.493662025 0.23997252249999998 0.48065459625 0.2498815525 0.47733132875 0.252496575 0.45959552125 0.24752713499999998 0.413508135 0.28020322 0.363948295 0.309412005 0.33678663375 0.3271957525 0.35191940125000004 0.33519238625 0.4506865275 0.30576671625 0.48589182125 0.30090531875 0.51037527625 0.31068047875 0.54175556375 0.33134368000000003 0.55574954375 0.3366470975 0.5732961025000001 0.33882874625 0.5978436575 0.34333265124999995 0.611829625 0.34929497374999996 0.6247088550000001 0.349928455 0.56028767 0.25247979625 0.50188995 0.23774002 0.493662025 0.23997252249999998
14 0.42808603 0.1411484625 0.41056350875 0.13699009125 0.39054707 0.14523577375 0.36223059625 0.1616441175 0.3291185875 0.1870468025 0.32189323999999997 0.2031739375 0.29583831875 0.2262865275 0.27546131375 0.26418301499999997 0.28807613 0.28656041875 0.333105855 0.3408600275 0.34205056874999995 0.33320523625 0.34139787624999995 0.33335627 0.34151005125 0.32413157499999995 0.36748484875000004 0.30760805125 0.4087927275 0.28260849125 0.45720576749999997 0.25136539750000003 0.47710201750000003 0.25300331875000004 0.507872345 0.22748545750000002 0.5420830787500001 0.20807052250000002 0.5656841475000001 0.19406744750000002 0.55993411625 0.185213715 0.5624120075 0.17412747625000002 0.53695001375 0.14848096625 0.49737385625 0.12741464 0.47862440749999996 0.12781102875 0.46211247375 0.136888385 0.45381243625 0.14505104875 0.43268926 0.14796788624999999 0.42808603 0.1411484625
14 0.0898908525 0.01506999 0.0963239575 0.16043260625 0.1373353725 0.1598125975 0.16921244000000002 0.13962357875 0.20325490625 0.13404568749999998 0.23950284 0.13978438875 0.26505296625 0.158182925 0.35163095125 0.16771577000000001 0.40115072875 0.14180152125 0.4152809225 0.13590352125000002 0.43391018000000003 0.145390735 0.451504815 0.143618945 0.47276420375 0.12950069125 0.4697324425 0.08979351749999999 0.46103678125 0.0326659325 0.0898908525 0.01506999
14 0.15720958625 0.3559431975 0.1161020225 0.36447008875000003 0.11617514 0.4547979075 0.20574381625000002 0.41107448249999995 0.26838320125 0.36602650750000004 0.33546556250000004 0.3409760925 0.2915585975 0.29068751375 0.2788957125 0.27226355125 0.28152584 0.248658085 0.29468551125000003 0.226229825 0.32315422374999997 0.1973022525 0.33507094000000004 0.18074656625 0.32932090875 0.17189283374999997 0.27280814875000003 0.1948259225 0.19495587125 0.23846633125 0.11386350625000001 0.2595311425 0.14622233125 0.29606569625 0.19716233875 0.34604090499999995 0.15720958625 0.3559431975
14 0.26012991 0.37022946875 0.272816835 0.38667671249999996 0.2574276675 0.39976509625 0.26430847375 0.4119709525 0.293851875 0.39100784875 0.34082164625 0.38210999749999996 0.41232294875000003 0.3790338625 0.4769113925 0.36638749750000005 0.5626630775 0.34752976375000005 0.58852569875 0.340230935 0.5440818924999999 0.33408911 0.50921312625 0.31127642125 0.49059188 0.30113030125 0.4083847625 0.31752517375 0.31547183125 0.34723879125 0.2813252 0.36138247 0.26012991 0.37022946875
14 0.2948865 0.40226685375000004 0.2924807225 0.40742292874999997 0.29840703 0.401780715 0.29426953125 0.4530026775 0.288343225 0.45864489249999996 0.26366746750000003 0.464683495 0.285849305 0.4710489425 0.34216175125 0.46458852125 0.3632208275 0.46694294 0.45134624 0.44556475624999997 0.54397071875 0.439571785 0.62965830375 0.42598530250000005 0.60054758 0.4113674425 0.5718374875 0.36380423875 0.5331597375 0.36519833375 0.45105678625 0.37302742 0.36075795875 0.38045338375 0.31263337375 0.38797583375 0.2948865 0.40226685375000004
14 0.5985067725 0.5787289624999999 0.59343079875 0.6107850375 0.6048106725 0.6383761062500001 0.625949875 0.634141455 0.68235046 0.62043306125 0.7118778362499999 0.60078777125 0.7296487487500001 0.58452003125 0.7358795337499999 0.5538393575 0.73961640375 0.5355627350000001 0.7221820200000001 0.52415639 0.68980716875 0.48893964875 0.6643852425 0.45999860499999995 0.6319462925 0.43005311874999996 0.61529814375 0.45033189 0.5985067725 0.5787289624999999
14 0.74075519125 0.53825595125 0.7308356112500001 0.58325980625 0.68824471625 0.6174264712499999 0.623568135 0.6373208125000001 0.6268562987499999 0.6559429675 0.6620215325 0.6543761075000001 0.6839229299999999 0.6838032925 0.77548874625 0.6685280362500001 0.77321918125 0.6624826975000001 0.7908538787499999 0.6574163725 0.75869536875 0.60440914875 0.857310255 0.5875027075 0.85352253125 0.58022688375 0.8362271425 0.5871250100000001 0.8163869800000001 0.58087474125 0.74075519125 0.53825595125
14 0.7871270262500001 0.867550045 0.79093600875 0.8433432625 0.77359777625 0.8240300374999999 0.77026955 0.8087024137500001 0.7588015375 0.78835932 0.7507819425 0.77346024625 0.73350781 0.74887576625 0.71846317875 0.7336311587500001 0.7174686187499999 0.7190776212500001 0.704669515 0.71185507375 0.6827040162500001 0.68769914375 0.6654939849999999 0.6578434075 0.63154766625 0.6555144187499999 0.6055888975 0.67072012875 0.6253168825000001 0.6861950924999999 0.6414922862500001 0.7047918224999999 0.62129957125 0.7275334512499999 0.56385635 0.7306417487500001 0.54830692875 0.75690826875 0.5293331275 0.77575404625 0.54543641875 0.8002809375 0.58465201375 0.8509980699999999 0.6134822962500001 0.88867766875 0.652160045 0.88728357625 0.7389623774999999 0.87836703125 0.7871270262500001 0.867550045
14 0.56432007875 0.596167175 0.5264195487500001 0.53364731125 0.4815661 0.4648517525 0.46883910874999996 0.451699045 0.38908584875 0.45898440125 0.35736102000000003 0.46665419125 0.30225146375 0.4705365725 0.26827309499999996 0.47084321 0.2694519475 0.47024189125 0.2236610275 0.47853842625 0.20597024125000002 0.48821709875 0.24736726125 0.5522275425000001 0.20275519374999998 0.55992276 0.1440529925 0.5702214425 0.1217589775 0.57308069125 0.11904070750000001 0.6039341312500001 0.16749481125 0.665654485 0.21207483124999998 0.660594895 0.2963431875 0.6673769337500001 0.35846976374999995 0.6644989925 0.38991415125 0.6798909412499999 0.4755296225 0.67223462125 0.55768866125 0.6597931875 0.589557715 0.640263075 0.56432007875 0.596167175
14 0.363169145 0.6634115375 0.282277095 0.6680036787500001 0.23428871999999998 0.6643247125 0.20500973625 0.6635438925 0.18602792125 0.6830485787499999 0.25680809125 0.7392740550000001 0.352039665 0.8079103175 0.37441380625 0.798462 0.3975741825 0.8206988 0.402025175 0.8400374525 0.45328568500000005 0.86365639 0.48501051250000005 0.8559865999999999 0.51979013875 0.7897892837499999 0.5519957225000001 0.7425850862500001 0.5604960725 0.7179497512499999 0.5385546099999999 0.69181710125 0.51423942 0.6682048987500001 0.44973911375 0.67360329 0.38871927375 0.6818100724999999 0.363169145 0.6634115375
14 0.6055869225 1 0.6625784075 0.9939434575 0.7083693275 0.9856469237500001 0.7110475362500001 0.9580880162500001 0.76744812125 0.9443796225 0.77224365125 0.93538528375 0.74884289875 0.93291568875 0.7524515649999999 0.92518157375 0.7314405650000001 0.91887371625 0.74207426625 0.9114851375 0.71873761375 0.9037442875 0.7119369325 0.884949365 0.7084324275 0.8841176900000001 0.67323514625 0.88832017875 0.6146531325 0.8887352575 0.52808216125 0.782285525 0.5065263062500001 0.82078332875 0.48619737749999997 0.85472637375 0.46032674375 0.86268411 0.40435883875 0.8408115375 0.39058921124999996 0.81705873125 0.37554458250000006 0.8018141225 0.3590486725 0.809573665 0.26025650875 0.74471807625 0.2033341025 0.7049974312499999 0.33744474125 0.8520249099999999 0.41720701875000005 0.940338625 0.474214255 1 0.6055869225 1
