11 0.5345052087500001 0.173828125 0.509765625 0.181640625 0.49544270875 0.1884765625 0.48502604125 0.1962890625 0.48177083375 0.20703125 0.49283854125 0.22119140625 0.5006510412499999 0.2255859375 0.5045572912499999 0.232421875 0.5052083337500001 0.25244140625 0.5221354162499999 0.29150390625 0.5201822912499999 0.30615234375 0.5260416662499999 0.33740234375 0.5266927087500001 0.36474609375 0.5377604162499999 0.40185546875 0.5546875 0.431640625 0.5579427087500001 0.43408203125 0.576171875 0.4375 0.5983072912499999 0.43896484375 0.6028645837500001 0.44189453125 0.6171875 0.44482421875 0.640625 0.4560546875 0.64973958375 0.46435546875 0.65755208375 0.4765625 0.67903645875 0.521484375 0.68489583375 0.52978515625 0.69075520875 0.53173828125 0.70703125 0.52978515625 0.71614583375 0.52490234375 0.728515625 0.51171875 0.73502604125 0.4951171875 0.73958333375 0.2099609375 0.7421875 0.1982421875 0.75065104125 0.19189453125 0.75520833375 0.18505859375 0.755859375 0.17529296875 0.748046875 0.16650390625 0.73046875 0.16064453125 0.67252604125 0.15673828125 0.611328125 0.16015625 0.5670572912499999 0.16650390625 0.5345052087500001 0.173828125
11 0.12369791625 0.19677734375 0.11588541625 0.21533203125 0.12174479125 0.34228515625 0.13346354124999998 0.49951171875 0.1328125 0.53564453125 0.13020833375000002 0.53857421875 0.12174479125 0.54150390625 0.12825520875000002 0.546875 0.265625 0.53564453125 0.31705729125000004 0.529296875 0.32877604125 0.52099609375 0.35546875 0.4951171875 0.37174479125 0.47705078125 0.37434895875 0.470703125 0.359375 0.408203125 0.349609375 0.3779296875 0.3359375 0.34765625 0.32552083375 0.33447265625 0.31901041625000004 0.30810546875 0.30859375 0.28955078125 0.29752604125000004 0.2578125 0.28580729125000004 0.24560546875 0.28190104125000004 0.236328125 0.275390625 0.22998046875 0.27799479125000004 0.22607421875 0.302734375 0.22216796875 0.30533854125000004 0.21533203125 0.28450520874999996 0.1923828125 0.26106770874999996 0.17822265625 0.24869791625 0.17431640625 0.22265625 0.17041015625 0.18815104125 0.169921875 0.15950520875000002 0.17431640625 0.13997395875000002 0.1826171875 0.12369791625 0.19677734375
11 0.27213541625000004 0.22900390625 0.27994791625000004 0.23583984375 0.28059895874999996 0.24755859375 0.28515625 0.25830078125 0.294921875 0.26025390625 0.30013020874999996 0.26708984375 0.32291666625 0.3330078125 0.33333333375 0.34423828125 0.34114583375 0.35791015625 0.357421875 0.37451171875 0.3671875 0.396484375 0.36783854125 0.4169921875 0.37239583375 0.42138671875 0.38020833375 0.42431640625 0.42057291625 0.427734375 0.46223958375 0.4228515625 0.49348958375 0.41357421875 0.5045572912499999 0.40673828125 0.51171875 0.3984375 0.5104166662499999 0.3447265625 0.5143229162499999 0.32373046875 0.5149739587500001 0.28955078125 0.5071614587500001 0.26611328125 0.5045572912499999 0.24365234375 0.5052083337500001 0.23291015625 0.5143229162499999 0.2216796875 0.513671875 0.2119140625 0.5188802087500001 0.205078125 0.51171875 0.2021484375 0.5026041662499999 0.2021484375 0.38541666625 0.21142578125 0.27669270874999996 0.22509765625 0.27213541625000004 0.22900390625
13 0.2578125 0.5849609375 0.236328125 0.6083984375 0.23111979125 0.6171875 0.216796875 0.63037109375 0.21614583375 0.6435546875 0.21875 0.64794921875 0.23111979125 0.64697265625 0.28776041625000004 0.6025390625 0.35611979125 0.54541015625 0.3984375 0.5048828125 0.44270833375 0.46875 0.4453125 0.4619140625 0.439453125 0.4521484375 0.42578125 0.4443359375 0.41145833375 0.443359375 0.39778645875 0.44921875 0.34700520875 0.501953125 0.2578125 0.5849609375
13 0.5052083337500001 0.25 0.509765625 0.26220703125 0.5494791662499999 0.34228515625 0.5677083337500001 0.3720703125 0.599609375 0.43798828125 0.60546875 0.4423828125 0.6321614587500001 0.4521484375 0.64713541625 0.46533203125 0.654296875 0.48486328125 0.64778645875 0.5185546875 0.68098958375 0.5986328125 0.71809895875 0.67236328125 0.72591145875 0.677734375 0.74153645875 0.67724609375 0.75130208375 0.67333984375 0.755859375 0.66845703125 0.75325520875 0.6572265625 0.68359375 0.52685546875 0.6341145837500001 0.4248046875 0.5859375 0.33447265625 0.544921875 0.2451171875 0.5390625 0.2353515625 0.53125 0.232421875 0.521484375 0.23486328125 0.5065104162499999 0.2431640625 0.5052083337500001 0.25
13 0.38932291625 0.5625 0.38802083375 0.5732421875 0.39322916625 0.5791015625 0.39973958375 0.58154296875 0.41145833375 0.57958984375 0.46809895875 0.54638671875 0.47005208375 0.53955078125 0.46549479125 0.53271484375 0.45703125 0.52734375 0.44986979125 0.52734375 0.43880208375 0.53466796875 0.41341145875 0.54638671875 0.38932291625 0.5625
13 0 0.82568359375 0.38020833375 0.5986328125 0.38411458375 0.591796875 0.37109375 0.58349609375 0.36588541625 0.57763671875 0.35872395875 0.57763671875 0.001953125 0.7822265625 0 0.78369140625 0 0.82568359375
13 0.25520833374999996 1 0.3046875 0.99951171875 0.36067708375 0.82373046875 0.38997395875 0.716796875 0.423828125 0.60986328125 0.42317708375 0.607421875 0.41536458375 0.6025390625 0.39322916625 0.59521484375 0.388671875 0.6005859375 0.34440104125 0.72900390625 0.25520833374999996 1
13 0.34114583375 0.7041015625 0.35221354125 0.7060546875 0.35611979125 0.70361328125 0.36197916625 0.685546875 0.36067708375 0.681640625 0.34700520875 0.67919921875 0.29036458374999996 0.65966796875 0.28059895874999996 0.658203125 0.26497395874999996 0.66552734375 0.25716145874999996 0.67236328125 0.34114583375 0.7041015625
13 0.39192708375 0.72021484375 0.5078125 0.7607421875 0.69791666625 0.8232421875 0.70833333375 0.82568359375 0.716796875 0.82470703125 0.72526041625 0.8046875 0.72265625 0.7998046875 0.55078125 0.74658203125 0.39973958375 0.697265625 0.39453125 0.69970703125 0.38997395875 0.71533203125 0.39192708375 0.72021484375
11 0.48567708375 0.44970703125 0.46809895875 0.4560546875 0.45833333375 0.4619140625 0.45247395875 0.46240234375 0.44401041625 0.47119140625 0.39518229125 0.50830078125 0.369140625 0.533203125 0.35872395875 0.546875 0.35872395875 0.5634765625 0.36197916625 0.572265625 0.37239583375 0.5849609375 0.39192708375 0.59765625 0.41471354125 0.60546875 0.43033854125 0.61865234375 0.484375 0.671875 0.5052083337500001 0.6953125 0.56640625 0.751953125 0.626953125 0.7724609375 0.64973958375 0.77880859375 0.66015625 0.779296875 0.681640625 0.77294921875 0.69596354125 0.7646484375 0.70833333375 0.7548828125 0.720703125 0.73779296875 0.724609375 0.7265625 0.72526041625 0.712890625 0.71549479125 0.6689453125 0.70638020875 0.6455078125 0.66341145875 0.5595703125 0.654296875 0.53515625 0.64973958375 0.50927734375 0.65690104125 0.484375 0.650390625 0.4677734375 0.6399739587500001 0.45654296875 0.6243489587500001 0.4462890625 0.6015625 0.43994140625 0.5651041662499999 0.4375 0.5338541662499999 0.43896484375 0.5149739587500001 0.44189453125 0.48567708375 0.44970703125
