14 0.97217820875 0.73106799375 0.9301890625 0.632667485 0.7973605324999999 0.43140820249999995 0.75731589 0.42638697875 0.72382684375 0.4386365075 0.648993145 0.4383665525 0.61810412125 0.4656126025 0.59564290125 0.46957572625 0.5973762487500001 0.47957340625 0.58103729 0.498307865 0.62109868 0.6574826025 0.65997114875 0.76871799 0.72773259625 0.77954858875 0.7964440349999999 0.7650472075 0.91882796375 0.7622771675 0.9442947662500001 0.7859202575 0.96456152875 0.77957030875 0.9738837825000001 0.7511759474999999 0.97217820875 0.73106799375
14 0.71282679 0.43681264249999996 0.76791038 0.41560115000000003 0.7894771525000001 0.41674946125 0.8622442325 0.52834501 0.90093332 0.54608852125 0.9400835162500001 0.55622117875 0.94501685625 0.52305316375 0.97468918875 0.45797803375 0.9707891574999999 0.4354832525 0.96244467 0.42843536125 0.77682707 0.37459709625000004 0.7416046762499999 0.37684894625 0.7133989900000001 0.38876069874999997 0.71282679 0.43681264249999996
14 1 0.765914135 0.99761723875 0.7648213575 0.9707671062500001 0.7640108250000001 0.95266702875 0.7828578749999999 0.9298557912500001 0.75399075875 0.91533349625 0.75239208 0.79424957875 0.7626603799999999 0.7316881725000001 0.7818228225 0.73157708125 0.8222639150000001 0.746716095 0.9198538912499999 0.8657275475 1 1 1 1 0.765914135
14 0.21050784749999998 0.7747091075 0.240474655 0.76268476375 0.2274190075 0.70792270625 0.25039688125000004 0.676128185 0.29580819999999997 0.65048081375 0.353058475 0.6417664225 0.36324740125 0.6183709025 0.34548059375 0.5158946775 0.31977486375 0.41898025625 0.1568851825 0.424339925 0.1436628975 0.43023950499999997 0.14363512625 0.44034977750000004 0.21050784749999998 0.7747091075
14 0.20069671374999998 0.8208245949999999 0.19275778875 0.82638639875 0.19619671 0.85649203125 0.24233584 0.8863948662500001 0.29996390625 0.90040043875 0.30695283875 0.920170615 0.330336275 0.90098578625 0.36924754375 0.837847115 0.36355862125 0.8255752 0.2905415875 0.8049721049999999 0.260252535 0.7740559387499999 0.229880165 0.7734705912500001 0.2034355975 0.7852697512500001 0.20069671374999998 0.8208245949999999
14 0.633394325 1 0.62956038375 0.97788641625 0.60799361125 0.976738105 0.58954351375 0.9627549175 0.5391821075 0.86741679 0.5162430324999999 0.7248372525000001 0.4582094025 0.69822198625 0.4251536925 0.7129709362500001 0.39813692625 0.7728220399999999 0.38800354374999996 0.77599701625 0.360959005 0.8459583937499999 0.31101991 0.9173834737500001 0.31361993 0.93237999375 0.42369056625 1 0.633394325 1
14 0.41367537749999994 0.52922469625 0.47355344625 0.5253965512500001 0.55467604 0.479776205 0.53937039125 0.44284786750000005 0.47778674875 0.4265680575 0.360852815 0.368338685 0.31977486375 0.41898025625 0.34845840625 0.55361116375 0.36335849125 0.57792980875 0.40698091875000003 0.56250530375 0.41367537749999994 0.52922469625
14 0.4022530125 0.360637625 0.39298630500000004 0.36881144 0.39515298875 0.38130854124999997 0.43909766125 0.40882454625000003 0.54289263 0.4426226825 0.55248158375 0.47738937875 0.56348163875 0.47921324374999996 0.5714483349999999 0.4635411675 0.53921478 0.3392457175 0.50930351875 0.33104951625 0.4868145275 0.3451229125 0.4542477025 0.34215073625000003 0.4022530125 0.360637625
14 1 0.46899547625 0.9979893087499999 0.469124025 0.96363359 0.47637471374999996 0.9374557225 0.5513349325 0.8692609375000001 0.53800491375 0.9472558325 0.66948323125 0.9651892750000001 0.7112978175000001 0.9729893350000001 0.75628737875 1 0.764801995 1 0.46899547625
14 0.38180858875 0.59191299875 0.38001969625 0.6021358637499999 0.397086465 0.63895161 0.40705321 0.6964382725 0.41363658000000003 0.703598755 0.5227704525 0.7168385675000001 0.5421983137499999 0.6953795024999999 0.5686151075 0.6936906162500001 0.5976319237500001 0.7069982487500001 0.613426455 0.7262054625000001 0.6204709337500001 0.7257550924999999 0.62713762125 0.7025847575 0.62153201625 0.6599820225 0.59828744125 0.6286154875 0.500642505 0.59947841375 0.38180858875 0.59191299875
14 0.72569098125 1 0.72229934875 0.99470151625 0.70637698 0.8617818812500001 0.7090603175 0.8464475825 0.735504885 0.8346484225 0.72903260625 0.78704684875 0.66747673625 0.7606567662499999 0.6411710325 0.7219045625 0.6257542925 0.725417315 0.60025971625 0.7118844975 0.54214276875 0.71560004875 0.5214148975 0.72956085125 0.51697044 0.7450077425 0.52725943 0.84543491625 0.5386095025000001 0.8800890200000001 0.577593065 0.95088331625 0.60568766 0.979412655 0.6211321725 0.9657896287500001 0.63476002125 0.9724997424999999 0.636931235 1 0.72569098125 1
14 0.38218638 0.614632965 0.367664085 0.61303428375 0.34029730125 0.64005515 0.29231373250000003 0.64059572625 0.25925802375 0.6553446775 0.21685228875 0.70859826125 0.22338011375 0.73597928875 0.25190804624999996 0.7670080475000001 0.2712803625 0.76576953125 0.290974925 0.807471525 0.33148067750000004 0.80488189875 0.33936405625 0.81954064125 0.37193088375 0.8225128162500001 0.43430890625 0.7098584975 0.40881433 0.6963256800000001 0.39928092125 0.64133843875 0.38218638 0.614632965
14 0.6666598874999999 0.41702008125 0.50219247 0.51598421875 0.41148092249999996 0.52683786875 0.40605870000000005 0.5777270099999999 0.4008031125 0.5679545149999999 0.377041885 0.56441937625 0.36463072875 0.59553834375 0.41218096000000004 0.59249834625 0.56488171375 0.6105341975 0.58994295375 0.62156759625 0.60888193125 0.6178296587500001 0.57887060625 0.48581076375000004 0.6163707737499999 0.4556149225 0.6815877462500001 0.43122845499999995 0.678987725 0.41623193375 0.6666598874999999 0.41702008125
