5 0.28732638875 0.69573643375 0.26041666625000004 0.7015503875 0.25173611125 0.70865633125 0.24392361125 0.710594315 0.2309027775 0.7099483200000001 0.22048611125 0.69767441875 0.2152777775 0.69832041375 0.18489583375 0.7377260987500001 0.1840277775 0.74870801 0.18923611125 0.7583979325 0.203125 0.77454780375 0.250868055 0.7958656325 0.28645833374999996 0.806847545 0.32204861125 0.806847545 0.36545138875 0.8029715762499999 0.4184027775 0.789405685 0.446180555 0.77325581375 0.44791666625 0.76614987125 0.44357638875 0.7596899225 0.4609375 0.75452196375 0.4730902775 0.72545219625 0.47135416625 0.7028423775 0.4652777775 0.69250646 0.460069445 0.66731266125 0.4565972225 0.6647286825000001 0.44010416625 0.6640826875000001 0.3472222225 0.6750646 0.313368055 0.6757105937500001 0.28732638875 0.69573643375
5 0.133680555 0.66731266125 0.10329861125 0.72545219625 0.1059027775 0.731912145 0.13107638875 0.730620155 0.194444445 0.71834625375 0.20572916625 0.7099483200000001 0.23697916625 0.67054263625 0.2387152775 0.65697674375 0.219618055 0.65051679625 0.21875 0.6466408262500001 0.22395833375 0.63953488375 0.2222222225 0.63113695125 0.2387152775 0.6040051675 0.2378472225 0.5478036175 0.233506945 0.54392764875 0.20486111125 0.53359173125 0.194444445 0.53229974125 0.180555555 0.540697675 0.1753472225 0.5490956075 0.133680555 0.66731266125
5 0.3559027775 0.5613695087499999 0.3402777775 0.57170542625 0.33767361125 0.58979328125 0.3402777775 0.59625323 0.34548611125 0.596899225 0.352430555 0.59237726125 0.3628472225 0.59108527125 0.3671875 0.6259689925 0.4418402775 0.6240310075 0.4565972225 0.6259689925 0.477430555 0.62080103375 0.485243055 0.6227390175 0.49045138875 0.61757106 0.5112847225 0.61757106 0.532118055 0.61240310125 0.5407986112500001 0.61240310125 0.5503472225 0.61950904375 0.5642361112500001 0.62144702875 0.585069445 0.613049095 0.5963541662499999 0.5865633075000001 0.5954861112500001 0.57622739 0.5876736112500001 0.5691214475 0.5807291662499999 0.5678294575 0.530381945 0.5374677 0.5104166662499999 0.53423772625 0.45833333375 0.53229974125 0.4262152775 0.5348837212499999 0.4019097225 0.5400516799999999 0.3559027775 0.5613695087499999
5 0.6154513887499999 0.5846253225 0.6128472225 0.59883720875 0.6293402775 0.66860465125 0.6362847225 0.6828165375 0.6388888887499999 0.711886305 0.6796875 0.7874677 0.6831597225 0.790697675 0.694444445 0.79134366875 0.702256945 0.78875969 0.7265625 0.770671835 0.7465277775 0.74677002625 0.75954861125 0.71382429 0.76041666625 0.66989664125 0.75173611125 0.636950905 0.74045138875 0.61175710625 0.71701388875 0.57881137 0.696180555 0.5665374675 0.66927083375 0.56266149875 0.64670138875 0.56459948375 0.631944445 0.5704134362500001 0.6154513887499999 0.5846253225
5 0.296006945 0.3953488375 0.296006945 0.40697674375 0.313368055 0.43604651125 0.34375 0.4715762275 0.37760416625 0.48578811375000003 0.41579861125 0.49741602125 0.43142361125 0.49741602125 0.46701388875 0.48901808750000003 0.5026041662499999 0.48514211875 0.5190972225 0.47674418625000003 0.5407986112500001 0.4321705425 0.5407986112500001 0.42764857874999995 0.532118055 0.41860465124999996 0.500868055 0.41214470249999996 0.428819445 0.39082687374999997 0.3949652775 0.38436692499999997 0.38107638875 0.37790697625 0.352430555 0.3733850125 0.335069445 0.36627907 0.3168402775 0.364341085 0.30989583374999996 0.36886304875 0.30295138875 0.37919896625 0.296006945 0.3953488375
5 0.4027777775 0.5096899225 0.366319445 0.52454780375 0.36458333375 0.5271317825 0.374131945 0.54521963875 0.37239583375 0.55426356625 0.41232638875 0.53875969 0.4453125 0.53423772625 0.4800347225 0.53359173125 0.516493055 0.5368217049999999 0.5329861112500001 0.540697675 0.5833333337500001 0.5684754525 0.6111111112500001 0.539405685 0.6189236112500001 0.53617571 0.6232638887499999 0.500645995 0.5815972225 0.49547803625 0.5173611112500001 0.49354005125 0.475694445 0.49612403125 0.42795138875 0.50322997375 0.4027777775 0.5096899225
5 0.1050347225 0.85142118875 0.12239583375 0.8662790699999999 0.1684027775 0.8882428937500001 0.1953125 0.8979328162500001 0.1996527775 0.8966408262500001 0.20052083375 0.8901808787500001 0.2109375 0.87919896625 0.22135416625 0.8585271312499999 0.235243055 0.80232558125 0.235243055 0.789405685 0.22916666625 0.78617571 0.16579861125 0.8062015499999999 0.094618055 0.8365633075 0.1050347225 0.85142118875
5 0.48177083375 1 0.469618055 0.9916020675 0.44357638875 0.98255814 0.43489583375 0.97416020625 0.4340277775 0.960594315 0.430555555 0.95542635625 0.375 0.9179586562500001 0.35416666625 0.9082687337500001 0.34635416625 0.90891472875 0.34201388875 0.89922480625 0.30729166625000004 0.8837209300000001 0.264756945 0.8740310075 0.24392361125 0.87209302375 0.20920138875 0.88242894 0.20052083375 0.8901808787500001 0.20052083375 0.89922480625 0.23177083375 0.9347545225 0.3081597225 1 0.48177083375 1
5 0.3628472225 0.15956072375 0.38802083375 0.17764857875 0.391493055 0.17764857875 0.4019097225 0.17054263625000002 0.421006945 0.14987080125 0.43229166625 0.1427648575 0.44010416625 0.13049095624999998 0.43489583375 0.11950904375 0.42708333375 0.11369509000000001 0.374131945 0.09689922499999999 0.3628472225 0.11950904375 0.359375 0.151808785 0.3628472225 0.15956072375
5 0.3793402775 0.27971576249999996 0.3784722225 0.29328165375000004 0.405381945 0.306847545 0.44357638875 0.3191214475 0.4652777775 0.3171834625 0.475694445 0.31266149875 0.4800347225 0.309431525 0.47916666625 0.3003875975 0.4921875 0.29134366875 0.4765625 0.269379845 0.438368055 0.24612403125 0.40104166625 0.23578811375 0.397569445 0.23643410875 0.389756945 0.250645995 0.3793402775 0.27971576249999996
5 0.352430555 0.33397932875 0.374131945 0.34043927625000003 0.40364583375 0.3191214475 0.4027777775 0.305555555 0.3784722225 0.29328165375000004 0.3784722225 0.28100775250000004 0.375868055 0.2790697675 0.33072916625 0.27131783 0.328993055 0.2997416025 0.335069445 0.32428940625 0.352430555 0.33397932875
5 0.49298669375000004 0.37811829 0.493576925 0.37020479125 0.49682312625 0.36339037249999995 0.503315525 0.3589939825 0.5263340962499999 0.35591652375000005 0.52869493625 0.35327867875 0.53017048375 0.34998138625 0.53400691625 0.3440462575 0.53843355875 0.33789131375 0.539909105 0.33085708750000004 0.5419748624999999 0.32404270375000005 0.540499315 0.32338322875000003 0.5366629275 0.32382287 0.532236285 0.32426250250000005 0.52456342125 0.32558142500000004 0.51305414625 0.32690033874999996 0.5036106525 0.3286588925 0.48885517874999995 0.32690033874999996 0.44252297625 0.34096879 0.423635965 0.347563375 0.43076259 0.36089031875000005 0.44842516625 0.3669074975 0.46436108249999997 0.371084055 0.49298669375000004 0.37811829
5 0.62542864875 0.3731868375 0.6483885574999999 0.36659026375000003 0.66249251125 0.36341412375 0.673972465 0.3604823175 0.6897163625 0.35974935625 0.70283631 0.36072663125 0.6979163300000001 0.3406925675 0.6956203487499999 0.3299425975 0.6907003675 0.3167494125 0.684140395 0.3133289675 0.6759404275 0.31259601625 0.6562605062500001 0.31308464375 0.63297262875 0.316993735 0.6021407212500001 0.31821532375 0.57721282625 0.32114714 0.5640928787499999 0.347533465 0.57761125 0.38066138125000004 0.59558074875 0.38100500125000003 0.6057487025 0.37758456625000003 0.62542864875 0.3731868375
5 0.73054036375 0.39641395500000004 0.7321892674999999 0.39047743625000003 0.73603679125 0.3790138225 0.73603679125 0.36611724875 0.7335633737499999 0.36366077375000005 0.72421946375 0.36407017375 0.71212733875 0.36366077375000005 0.7041574925 0.36161369875 0.69453874375 0.36059016125 0.68024804 0.36018073 0.6593616175 0.36488899875 0.62473410375 0.373896145 0.63825804875 0.39643216625 0.6703544725 0.39764219625 0.69069126125 0.39743749125 0.73054036375 0.39641395500000004
5 1 0.2784237725 0.95138888875 0.26679586625 0.91579861125 0.24870801 0.897569445 0.27131783 0.8862847225 0.28036175750000003 0.8637152775 0.31976744125 0.8706597225 0.32299741625 0.883680555 0.32299741625 0.90017361125 0.32945736375 0.9175347225 0.344315245 0.922743055 0.33979328125 0.9496527775 0.33268733875 0.960069445 0.32558139500000005 1 0.28875969 1 0.2784237725
5 0.68576388875 0.23255814 0.6753472225 0.24677002625 0.6762152775 0.251937985 0.68229166625 0.25645994875 0.735243055 0.28617571 0.74392361125 0.28488372125 0.79427083375 0.24677002625 0.7890625 0.20671834625 0.7734375 0.2009043925 0.749131945 0.19896640875 0.72829861125 0.20155038749999998 0.71701388875 0.20607235124999998 0.68576388875 0.23255814
5 0.86979166625 0.2189922475 0.87326388875 0.22480620125 0.8984375 0.22997416 0.90798611125 0.24483204125 0.938368055 0.23708010375 0.969618055 0.21705426374999998 0.9730902775 0.211886305 0.97048611125 0.20542635625 0.9496527775 0.190568475 0.913194445 0.18023255875 0.890625 0.17829457375000002 0.875868055 0.18023255875 0.8706597225 0.1841085275 0.86979166625 0.2189922475
5 0.66666666625 0.12919896625 0.65885416625 0.17829457375000002 0.66666666625 0.18540051625 0.6918402775 0.19379844999999998 0.70486111125 0.19379844999999998 0.70833333375 0.190568475 0.71614583375 0.17764857875 0.717881945 0.15891472875 0.72482638875 0.1427648575 0.743055555 0.1240310075 0.750868055 0.10142118875 0.749131945 0.09496124 0.73611111125 0.08914728625 0.725694445 0.08914728625 0.686631945 0.10271317875 0.67795138875 0.11046511625000001 0.66666666625 0.12919896625
5 0.5190972225 0.25322997375 0.524305555 0.268087855 0.5338541662499999 0.2777777775 0.5685763887499999 0.28552971625 0.5807291662499999 0.28488372125 0.5963541662499999 0.26421188624999997 0.6223958337500001 0.24612403125 0.633680555 0.21576227374999998 0.6276041662499999 0.20994832 0.5989583337500001 0.20478036125 0.5798611112500001 0.2041343675 0.5434027775 0.2222222225 0.5208333337500001 0.24741602125 0.5190972225 0.25322997375
5 0.467881945 0.14793281625000002 0.4644097225 0.16085271375000001 0.4765625 0.18023255875 0.4809027775 0.194444445 0.48611111125 0.19767441875 0.49479166625 0.19832041374999998 0.500868055 0.20478036125 0.5138888887499999 0.21124031 0.5295138887499999 0.21447028375 0.5347222225 0.18798449625 0.5486111112500001 0.16795865625 0.553819445 0.15374677 0.5251736112500001 0.11757106 0.5138888887499999 0.11498708 0.49479166625 0.12209302375 0.47829861125 0.13372093 0.467881945 0.14793281625000002
5 0.75954861125 0.34366925125000003 0.774305555 0.363049095 0.81076388875 0.36111111125 0.8315972225 0.34948320375 0.84375 0.3385012925 0.84982638875 0.326873385 0.84982638875 0.308139535 0.8359375 0.30103359125 0.77170138875 0.28100775250000004 0.76041666625 0.28682170500000004 0.75260416625 0.30167958625 0.75954861125 0.34366925125000003
5 0.7378472225 0.154392765 0.7456597225 0.17764857875 0.74479166625 0.1821705425 0.73958333375 0.18540051625 0.756944445 0.18798449625 0.78732638875 0.17894056875 0.8203125 0.17635658875000002 0.82291666625 0.17183462500000002 0.819444445 0.14341085250000002 0.805555555 0.13759689875 0.7690972225 0.13372093 0.74826388875 0.13695090499999998 0.7378472225 0.14341085250000002 0.7378472225 0.154392765
5 0.585069445 0.14147286875 0.586805555 0.15245478 0.6232638887499999 0.1647286825 0.6371527775 0.173126615 0.65451388875 0.17571059375 0.65798611125 0.17248062 0.66666666625 0.13953488375 0.66579861125 0.13178294625 0.65885416625 0.12209302375 0.6519097225 0.11821705375000001 0.600694445 0.11434108500000001 0.594618055 0.11757106 0.5885416662499999 0.12984496125 0.585069445 0.14147286875
