17 0.636245265 0.552201705 0.594223485 0.54376775625 0.54983428 0.5366654825 0.5427320075000001 0.5375532675 0.5427320075000001 0.55131392 0.54746685625 0.55530894875 0.5989583337500001 0.56329900625 0.65814394 0.5686257100000001 0.66702178 0.55974786875 0.636245265 0.552201705
17 0.30208333374999996 0.54296875 0.3046875 0.55810546875 0.31510416625000004 0.56787109375 0.32161458375 0.57080078125 0.337890625 0.5712890625 0.35091145875 0.5673828125 0.36653645875 0.5595703125 0.3671875 0.548828125 0.357421875 0.53662109375 0.34244791625 0.52880859375 0.31966145874999996 0.52880859375 0.3125 0.52978515625 0.30729166625000004 0.533203125 0.30208333374999996 0.54296875
17 0.294921875 0.46875 0.29752604125000004 0.484375 0.3125 0.5283203125 0.31380208374999996 0.52978515625 0.34440104125 0.52880859375 0.35091145875 0.53125 0.36588541625 0.54541015625 0.36783854125 0.55908203125 0.37955729125 0.57421875 0.38216145875 0.58447265625 0.38802083375 0.5849609375 0.39322916625 0.580078125 0.38997395875 0.5751953125 0.39713541625 0.5712890625 0.40104166625 0.56640625 0.40559895875 0.56689453125 0.41341145875 0.5595703125 0.41276041625 0.55322265625 0.40885416625 0.5498046875 0.408203125 0.54052734375 0.40364583375 0.53369140625 0.39322916625 0.52734375 0.38541666625 0.5068359375 0.36458333375 0.4765625 0.349609375 0.4599609375 0.33984375 0.45947265625 0.30989583374999996 0.462890625 0.298828125 0.4658203125 0.294921875 0.46875
17 0.34440104125 0.46142578125 0.35026041625 0.4638671875 0.373046875 0.48974609375 0.38736979125 0.51171875 0.40169270875 0.51220703125 0.40625 0.509765625 0.40755208375 0.50390625 0.39127604125 0.4931640625 0.390625 0.4892578125 0.39388020875 0.482421875 0.40299479125 0.47509765625 0.41015625 0.45751953125 0.40364583375 0.45654296875 0.396484375 0.4599609375 0.39322916625 0.43701171875 0.38802083375 0.42626953125 0.384765625 0.42333984375 0.37434895875 0.42041015625 0.33072916625 0.41552734375 0.32356770875 0.439453125 0.32161458375 0.4609375 0.34440104125 0.46142578125
17 0.32682291625 0.39990234375 0.34049479125 0.40966796875 0.353515625 0.412109375 0.4140625 0.40771484375 0.43684895875 0.3994140625 0.45182291625 0.39697265625 0.458984375 0.392578125 0.45963541625 0.38232421875 0.44856770875 0.38330078125 0.43424479125 0.38134765625 0.359375 0.390625 0.32877604125 0.39794921875 0.32682291625 0.39990234375
17 0.498046875 0.5302734375 0.5182291662499999 0.55419921875 0.5247395837500001 0.55810546875 0.53515625 0.55908203125 0.544921875 0.5498046875 0.5436197912499999 0.53857421875 0.5501302087500001 0.53564453125 0.548828125 0.52734375 0.5384114587500001 0.517578125 0.5266927087500001 0.49951171875 0.5 0.4892578125 0.49153645875 0.5078125 0.49153645875 0.5146484375 0.498046875 0.5302734375
17 0.5705492424999999 0.46075994375 0.57232481 0.46741832375000003 0.5794270837500001 0.47452059625 0.58771306875 0.46209161875 0.603101325 0.4563210225 0.60487689375 0.46741832375000003 0.62144886375 0.44788707375000003 0.625 0.4367897725 0.58889678 0.41326349375 0.56344697 0.42436079499999996 0.5456912875 0.43590198874999997 0.5569365525 0.4443359375 0.5675899625 0.44966264250000004 0.5705492424999999 0.46075994375
17 0.55871212125 0.51447088125 0.549242425 0.51846590875 0.5368134475 0.50204190375 0.5202414774999999 0.48206676125000003 0.50426136375 0.46741832375000003 0.490648675 0.46297940375 0.5036695075000001 0.47674005625 0.5036695075000001 0.49227627875 0.529711175 0.49849076750000004 0.54628314375 0.5251242899999999 0.549242425 0.53844105125 0.56818181875 0.53045099375 0.5764678025 0.5224609375 0.58771306875 0.5246803975000001 0.5871212125 0.53622159125 0.61138731 0.522017045 0.62677556875 0.52068536875 0.64453125 0.5171342325 0.6545928025000001 0.52423650625 0.65755208375 0.5078125 0.652817235 0.4931640625 0.6516335225000001 0.47762784125 0.6291429924999999 0.49183238625000003 0.610795455 0.49982244375 0.5959990525 0.50337358 0.5859375 0.50692471625 0.61316287875 0.47984730124999997 0.60842803 0.4736328125 0.594223485 0.4811789775 0.5764678025 0.5007102274999999 0.55871212125 0.51447088125
17 0.45987215875 0.6028053975000001 0.43560606 0.61390269875 0.44152462124999997 0.62855113625 0.45513731 0.6272194600000001 0.45454545500000004 0.63387784125 0.4788115525 0.63609730125 0.48177083375 0.61834161875 0.48709753749999996 0.63299005625 0.505445075 0.63831676125 0.5172821975 0.62899502875 0.52556818125 0.6147904825 0.535629735 0.5979225850000001 0.54095644 0.58016690375 0.53622159125 0.56951349375 0.541548295 0.55486505625 0.52438447 0.55575284125 0.51254734875 0.54554332375 0.5007102274999999 0.5295632100000001 0.49597537875000003 0.5202414774999999 0.49124053 0.51225142 0.50011837125 0.48739346625 0.5036695075000001 0.47540838125 0.48828125 0.480735085 0.4728929925 0.50381747125 0.46756628749999996 0.54509943125 0.466382575 0.576171875 0.45987215875 0.6028053975000001
17 0.5374053025 0.6636186075 0.5622632575000001 0.6369850850000001 0.57114109875 0.61922940375 0.60073390125 0.595703125 0.62677556875 0.5641867899999999 0.6374289774999999 0.54021661875 0.622632575 0.53533380625 0.6125710225000001 0.5442116475000001 0.6013257575000001 0.56818181875 0.5859375 0.580610795 0.56699810625 0.59170809625 0.56167140125 0.60635653375 0.54095644 0.6178977274999999 0.52379261375 0.64142400625 0.52142519 0.6227805399999999 0.5089962125 0.65562855125 0.48650568125 0.67205255625 0.49479166625 0.67693536875 0.5208333337500001 0.673828125 0.5374053025 0.6636186075
17 0.5593039774999999 0.64009233 0.5456912875 0.6534090912499999 0.600142045 0.64586292625 0.5959990525 0.63831676125 0.574692235 0.6369850850000001 0.57705965875 0.6418678975000001 0.5593039774999999 0.64009233
17 0.4000946975 0.6396484375 0.382339015 0.6325461649999999 0.37701231 0.619673295 0.368726325 0.61834161875 0.36576704499999996 0.60680042625 0.35333806875 0.61656605125 0.36635890125000004 0.6321022725000001 0.38589015125000004 0.64763849375 0.41311553 0.658735795 0.4421164775 0.6640625 0.437973485 0.66228693125 0.45217803 0.63609730125 0.4421164775 0.634765625 0.42672822 0.64586292625 0.4000946975 0.6396484375
17 0.5403645837500001 0.47274502875 0.54628314375 0.48828125 0.555160985 0.49405184625 0.558120265 0.51180752875 0.5598958337500001 0.5126953125 0.5597414362500001 0.513158505 0.5729166662499999 0.50204190375 0.5817945075000001 0.48251065375 0.5764678025 0.47230113625000003 0.56581439375 0.46297940375 0.549242425 0.46297940375 0.5403645837500001 0.47274502875
17 0.6096117424999999 0.6076882100000001 0.5900804924999999 0.6050248575 0.58120265125 0.6103515625 0.57114109875 0.61922940375 0.580610795 0.6343217325 0.60191761375 0.63609730125 0.6096117424999999 0.6298828125 0.6096117424999999 0.6174538350000001 0.6096117424999999 0.6076882100000001
17 0.546875 0.56507457375 0.535629735 0.56995738625 0.54746685625 0.58238636375 0.59185606 0.5690696024999999 0.59777462125 0.5637428975000001 0.5729166662499999 0.5588600850000001 0.546875 0.56507457375
17 0.41666666625 0.57972301125 0.41607481 0.59392755625 0.43087121250000004 0.5934836649999999 0.43323863625000003 0.58283025625 0.446851325 0.57927911875 0.4616477275 0.57750355125 0.46579072 0.5712890625 0.46519886374999997 0.56507457375 0.46401515125000004 0.56551846625 0.457504735 0.56241122125 0.43560606 0.56640625 0.42080965875 0.56995738625 0.41666666625 0.57972301125
17 0.45513731 0.46253551125000003 0.460464015 0.45765269875000003 0.48650568125 0.45143821 0.50307765125 0.4443359375 0.5078125 0.43767755625 0.4983428025 0.43190696 0.47466856 0.4345703125 0.44803503749999996 0.44034090875 0.4367897725 0.45498934625 0.42495265125000004 0.46741832375000003 0.42199337124999997 0.48517400625 0.42317708375 0.48473011374999997 0.42613636374999997 0.48473011374999997 0.44448390125000004 0.48162286875 0.44744318125 0.47407670500000004 0.44270833375 0.47274502875 0.45513731 0.46253551125000003
17 0.36931818125 0.60281187875 0.36931818125 0.61524085625 0.37868583499999997 0.62304723375 0.37582859874999996 0.61967977625 0.38470644 0.61435307125 0.38766572 0.60991415125 0.39535984874999996 0.606363015 0.37760416625 0.59526571375 0.36931818125 0.60281187875
17 0.40897253749999996 0.6254503725 0.4006865525 0.61524085625 0.38884943125 0.61923588375 0.37997159125 0.62411869625 0.37868583499999997 0.62304723375 0.37997159125 0.62456258875 0.388257575 0.63477210625 0.40897253749999996 0.6405427025 0.42672822 0.6436499462499999 0.41785037875000003 0.630333185 0.40897253749999996 0.6254503725
17 0.44448390125000004 0.6631811962499999 0.45691287875000003 0.6627373049999999 0.46579072 0.6658445487500001 0.48709753749999996 0.66406898125 0.49479166625 0.6658445487500001 0.5036695075000001 0.65918616875 0.5078125 0.6525277875000001 0.505445075 0.6476449750000001 0.49124053 0.64409383875 0.48768939375000003 0.64187437875 0.47348484874999996 0.64098659375 0.46815814375000003 0.63965491875 0.45454545500000004 0.63787935 0.44981060624999997 0.6485327587499999 0.4397490525 0.6609617362500001 0.44448390125000004 0.6631811962499999
17 0.66761363625 0.55753489 0.6628787875000001 0.569519975 0.65222537875 0.5699638674999999 0.65222537875 0.58106116875 0.6640625 0.5894951174999999 0.6729403412499999 0.58816344125 0.69010416625 0.5766222475 0.69010416625 0.56552494625 0.6764914774999999 0.55620321375 0.66761363625 0.55753489
17 0.68300189375 0.46564923625 0.6711647725000001 0.44744966249999996 0.66347064375 0.44656187875000003 0.66228693125 0.42880619625 0.64749053 0.4128260825 0.622632575 0.398177645 0.6344696975 0.41682111125 0.649857955 0.44256684999999996 0.6516335225000001 0.45810307125 0.639204545 0.46431756 0.625 0.47319540125000004 0.58889678 0.5055995200000001 0.60487689375 0.50027281625 0.62204072 0.49494611125 0.652817235 0.47852210624999997 0.65044981 0.49450221874999994 0.675307765 0.50959454875 0.6735321974999999 0.48739994625 0.66761363625 0.474083185 0.67057291625 0.46609312875000003 0.68300189375 0.46564923625
17 0.46875 0.51403346875 0.4563210225 0.5011606 0.432054925 0.49805335624999997 0.41548295500000004 0.510926225 0.41489109874999996 0.530457475 0.4202178025 0.53844753125 0.4397490525 0.54421812875 0.44981060624999997 0.5375597475 0.460464015 0.53134525875 0.46875 0.51403346875
17 0.44744318125 0.4714198325 0.44566761374999997 0.4820732425 0.44389204499999996 0.49228275875 0.45987215875 0.5011606 0.47940340875 0.4940583275 0.485913825 0.48074156625000003 0.44744318125 0.4714198325
17 0.46756628749999996 0.510926225 0.46875 0.5082628725 0.44034090875 0.4918388675 0.41074810624999997 0.48828773124999997 0.392992425 0.49139497499999996 0.398910985 0.49627778749999996 0.43856534125 0.49805335624999997 0.4533617425 0.50293616875 0.46756628749999996 0.510926225
17 0.6374289774999999 0.59704128125 0.6184895837500001 0.60236798625 0.60842803 0.6059191225 0.6155303025 0.6254503725 0.64630681875 0.62456258875 0.6652462124999999 0.6090263674999999 0.66583806875 0.5983729575000001 0.649857955 0.59570960625 0.6374289774999999 0.59704128125
17 0.45987215875 0.60014852625 0.4616477275 0.5792856 0.44448390125000004 0.5788417075000001 0.43264678 0.58283673625 0.43087121250000004 0.59260236125 0.42791193125 0.59881685 0.4225852275 0.60281187875 0.4225852275 0.61257750375 0.4172585225 0.606363015 0.41015625 0.606363015 0.4060132575 0.61701642375 0.40838068125 0.6276698325000001 0.43560606 0.62189923625 0.44034090875 0.60991415125 0.44625947 0.60281187875 0.451586175 0.6081385825000001 0.45987215875 0.60014852625
17 0.33794981 0.59304625375 0.3444602275 0.59215846875 0.35097064375000003 0.60059241875 0.362807765 0.60281187875 0.36931818125 0.61168971875 0.37050189375000003 0.60103631 0.37760416625 0.60059241875 0.39417613625000003 0.60725079875 0.401870265 0.5943779299999999 0.3864820075 0.60014852625 0.3781960225 0.5917145775 0.37701231 0.58150506 0.3781960225 0.5748466799999999 0.36635890125000004 0.5766222475 0.3391335225 0.5766222475 0.32907197 0.5837245200000001 0.32137784125 0.5837245200000001 0.32552083375 0.59260236125 0.33262310624999997 0.5992607424999999 0.33794981 0.59304625375