13 0.48938986 0.154000935 0.48908050000000003 0.14907577 0.461335255 0.16445423 0.48660407499999997 0.22889228125 0.5212586275000001 0.30363956999999997 0.5821100849999999 0.45760041125 0.6037691825 0.5043174675000001 0.64636527625 0.6061291637499999 0.674006375 0.66858754625 0.71113607125 0.7628665275000001 0.74486357125 0.7433597512500001 0.7016484975 0.6515673624999999 0.632752125 0.4887700325 0.56808445 0.33367439125 0.524353775 0.23367339125 0.48938986 0.154000935
13 0.63357914 0.34294668 0.62965672 0.57860585375 0.60716906875 0.796929995 0.63078847625 0.7953612087499999 0.6412079837500001 0.6233912575 0.6507006912500001 0.33729759875 0.6537540725 0.24752884125000002 0.64018114375 0.269190135 0.63357914 0.34294668
13 0.19636164874999998 0.417539025 0.29362326875 0.4754600225 0.33673599375 0.506001765 0.36427448375 0.5270791425 0.4407017125 0.57128650375 0.4853614975 0.60658443875 0.5230078225 0.6295934675 0.5713807037499999 0.6643844799999999 0.648323535 0.71680045125 0.6353283325 0.6689005775 0.5928345887500001 0.62833952625 0.51217865875 0.5764304775 0.4493661225 0.5303644024999999 0.36097463625000004 0.47454403125 0.20956437375 0.36937413999999996 0.19110148999999998 0.413289755 0.19636164874999998 0.417539025
13 0.617695545 0.32855714874999997 0.6142918075 0.33398923750000004 0.57798501875 0.4118011625 0.47906756875 0.7846143575000001 0.49639510375 0.80211836 0.617695545 0.32855714874999997
13 0.5196066524999999 0.43632914375 0.49773951875 0.52541613125 0.47876026250000003 0.62073206125 0.50991001375 0.5403125875 0.62244344 0.06629247125 0.6046000462500001 0.060449498750000004 0.60367170875 0.06554363875 0.5863431462500001 0.12751820125 0.57128348875 0.20574101125 0.54260862125 0.3255618175 0.5196066524999999 0.43632914375
13 0.45112224500000003 0.319837985 0.37005203999999997 0.40044953624999996 0.22472381625 0.5510983875000001 0.22606463625 0.552571135 0.228643155 0.55387490875 0.24184511125 0.565318945 0.227302335 0.5524021612500001 0.24421738875 0.56333927625 0.52878845875 0.264528165 0.57148972875 0.20902445375 0.5263133175 0.24499647249999998 0.45112224500000003 0.319837985
13 0.283927145 0.5397041837500001 0.28310199625 0.54102105375 0.286711905 0.5442914012500001 0.4640143275 0.36609613750000003 0.5103258325 0.28857414124999997 0.27381930875 0.5377725325 0.27903916125 0.5379237987500001 0.2787701075 0.5370966362499999 0.27970443625 0.5379430775 0.28382402500000004 0.53806246125 0.283927145 0.5397041837500001
13 0.442460405 0.162063675 0.4245131225 0.2141879025 0.4043998 0.27157524625 0.37603480875 0.35658193875 0.344987665 0.47838241625 0.2999128325 0.6352140025 0.250712165 0.805855265 0.26742098 0.813508935 0.3050693575 0.67756083375 0.3415831575 0.54342342875 0.3862455075 0.3800249525 0.41976779375 0.2777561675 0.46143837499999996 0.1660959525 0.4447295625 0.1584422825 0.442460405 0.162063675
13 0.5610697087500001 0.42073369 0.5026898025 0.56447951875 0.45400550625 0.6837204687499999 0.4706111975 0.689732415 0.5450817099999999 0.50405064125 0.58479249375 0.40093698375000003 0.6057307749999999 0.35668342000000003 0.55611891 0.42140958625 0.5610697087500001 0.42073369
13 0.38510913125 0.5209231375000001 0.43121439625 0.4401176975 0.49433809125000006 0.35202145125 0.53734897625 0.28157326625 0.56426926 0.25306102750000004 0.5658168324999999 0.21807793749999999 0.56468225375 0.21988863375 0.41141120625 0.44282128375 0.34013896125000004 0.5601786 0.3256987925 0.58864282 0.34106678625000003 0.59482374125 0.38510913125 0.5209231375000001
13 0.31001784625 0.8557117074999999 0.38252779 0.7381854162499999 0.6317232325 0.29352603875 0.61748981875 0.2855344225 0.6151175400000001 0.2875140925 0.5646802000000001 0.3788457625 0.49361393875 0.51935616625 0.42791146875 0.6260182787499999 0.302488785 0.83521418875 0.31001784625 0.8557117074999999
13 0.5441556825 0.33031801 0.5514792725000001 0.28792316125 0.49485343375 0.38009970375 0.40831605875 0.51278746125 0.3254917825 0.6449682987500001 0.2250300975 0.7944592475000001 0.16397770375 0.87146373125 0.175624215 0.8823385 0.31620839624999997 0.6959097074999999 0.36798655500000005 0.60605078375 0.45359559125 0.47845716625 0.5182666025 0.37524747249999996 0.5441556825 0.33031801
13 0.6459522825 0.6393015575 0.5725173375 0.503616655 0.4625711575 0.30337274375 0.38738290999999997 0.15964820375 0.364512275 0.186869375 0.40532814 0.266481105 0.4403954325 0.32792564125 0.56158377 0.54816014875 0.6140814612500001 0.64862005125 0.66812621125 0.7538361475 0.6997910512500001 0.7213645674999999 0.6459522825 0.6393015575
13 0.49557424875 0.47107032375 0.41873197124999995 0.618992485 0.434099965 0.6251734075000001 0.595004475 0.32503179375 0.72558445375 0.09857379 0.7099071000000001 0.0874677 0.70753482125 0.0894473725 0.6737036875 0.14705170875 0.62625760375 0.22638439999999999 0.56808445 0.33367439125 0.49557424875 0.47107032375
13 0.6075900200000001 0.147798725 0.6027423425 0.15011634625 0.5893333775 0.19499778750000002 0.6756642549999999 0.07889622625 0.6638031187500001 0.06892493625 0.6075900200000001 0.147798725
13 0.41873274250000003 0.5593835625 0.4020239275 0.55172989375 0.30935808625 0.70834180875 0.32239663625 0.7149344775 0.32227554750000004 0.7155989312500001 0.323737455 0.71640722625 0.41873274250000003 0.5593835625
