6 0.580555555 0.4875 0.58888888875 0.565625 0.60138888875 0.56875 0.6402777775 0.5677083337500001 0.6541666662500001 0.55833333375 0.6486111112499999 0.53541666625 0.6486111112499999 0.46979166624999996 0.63611111125 0.44479166625 0.63333333375 0.403125 0.6222222225 0.39166666624999996 0.62083333375 0.3625 0.6041666662499999 0.36041666624999996 0.58888888875 0.365625 0.5833333337500001 0.415625 0.580555555 0.4875
6 0.5125 0.52291666625 0.48888888875 0.578125 0.493055555 0.59375 0.5152777775 0.59791666625 0.543055555 0.6125 0.55833333375 0.615625 0.5722222225 0.61354166625 0.5833333337500001 0.60104166625 0.58888888875 0.56354166625 0.581944445 0.48645833375 0.5875 0.38958333375000004 0.5833333337500001 0.38020833375 0.575 0.378125 0.5569444450000001 0.38854166625 0.530555555 0.43125 0.5125 0.52291666625
6 0.42083333375000004 0.62916666625 0.40555555499999996 0.6583333337499999 0.40555555499999996 0.6625 0.4125 0.66145833375 0.40694444500000004 0.6833333337499999 0.42916666625 0.6989583337499999 0.44583333375 0.69791666625 0.4875 0.68125 0.50138888875 0.63958333375 0.50416666625 0.60208333375 0.49722222250000003 0.59166666625 0.49722222250000003 0.571875 0.5055555549999999 0.546875 0.50416666625 0.50625 0.5 0.49895833375000004 0.4722222225 0.49583333375000005 0.4652777775 0.52291666625 0.443055555 0.55104166625 0.42083333375000004 0.62916666625
6 0.4777777775 0.6875 0.44861111125 0.69583333375 0.4 0.7302083337499999 0.3972222225 0.7364583337499999 0.3847222225 0.74166666625 0.381944445 0.74895833375 0.35694444500000005 0.75520833375 0.35555555499999997 0.77291666625 0.37777777749999997 0.7947916662500001 0.39166666624999996 0.7989583337499999 0.4097222225 0.79791666625 0.45416666624999996 0.759375 0.48194444500000005 0.746875 0.48611111125 0.7375 0.5 0.73333333375 0.51666666625 0.7125 0.54583333375 0.696875 0.593055555 0.653125 0.58888888875 0.64375 0.5722222225 0.6354166662499999 0.5402777775 0.65625 0.50416666625 0.6677083337499999 0.4777777775 0.6875
6 0.555555555 0.70625 0.51666666625 0.71875 0.47638888875 0.75 0.45555555499999995 0.75729166625 0.42916666625 0.77604166625 0.42638888875 0.78854166625 0.43611111125 0.8010416662500001 0.45 0.80729166625 0.46805555499999996 0.8083333337499999 0.48333333375000004 0.78958333375 0.5152777775 0.77083333375 0.530555555 0.75625 0.56388888875 0.74166666625 0.593055555 0.7208333337499999 0.6277777775 0.71145833375 0.66666666625 0.6916666662500001 0.67361111125 0.68125 0.6652777775 0.67083333375 0.6527777775 0.66666666625 0.625 0.68125 0.5763888887499999 0.690625 0.555555555 0.70625
6 0.82083333375 0.31041666625000003 0.8347222225 0.33854166625 0.86111111125 0.35520833375000005 0.85416666625 0.371875 0.856944445 0.38125 0.88888888875 0.39375 0.9 0.40833333375 0.95138888875 0.43958333375 0.975 0.44270833375 0.9986111112499999 0.43333333375000005 1 0.375 0.97916666625 0.37604166624999996 0.9625 0.36041666624999996 0.94583333375 0.35208333375 0.9319444450000001 0.33645833375 0.893055555 0.32083333375 0.8805555549999999 0.31145833375 0.875 0.3 0.8527777775 0.29479166625000003 0.82916666625 0.28125 0.82083333375 0.27083333374999996 0.8125 0.27083333374999996 0.80138888875 0.28020833375 0.8 0.28854166625 0.82083333375 0.31041666625000003
6 0.6222222225 0.7854166662500001 0.5902777775 0.79791666625 0.57361111125 0.8145833337499999 0.5527777775 0.81979166625 0.50833333375 0.8479166662500001 0.49861111125 0.86041666625 0.49722222250000003 0.875 0.5208333337500001 0.903125 0.555555555 0.90520833375 0.5680555549999999 0.89166666625 0.644444445 0.8416666662500001 0.6652777775 0.815625 0.7027777775 0.79375 0.7277777775 0.76041666625 0.7513888887500001 0.740625 0.7375 0.725 0.7263888887500001 0.721875 0.6875 0.7458333337499999 0.655555555 0.7541666662500001 0.6222222225 0.7854166662500001
6 0.62638888875 0.7166666662500001 0.5902777775 0.7229166662500001 0.58888888875 0.7322916662500001 0.57361111125 0.74375 0.5375 0.7541666662500001 0.4875 0.7854166662500001 0.4875 0.80208333375 0.519444445 0.8375 0.5375 0.83333333375 0.55833333375 0.8145833337499999 0.60138888875 0.79375 0.6097222225 0.7833333337499999 0.631944445 0.77604166625 0.6930555549999999 0.71875 0.7138888887500001 0.70625 0.7347222225 0.7 0.7458333337499999 0.68020833375 0.730555555 0.6677083337499999 0.718055555 0.66666666625 0.705555555 0.68125 0.6541666662500001 0.69583333375 0.62638888875 0.7166666662500001
13 0.58153884 0.9400697237500001 0.67742855 0.92300523 0.6777573250000001 0.920688285 0.6730097025 0.9118621525 0.42118623 0.9539820874999999 0.4191024025 0.9537837025 0.42094675125000003 0.9665235400000001 0.58153884 0.9400697237500001
6 0.5290466275 0.91291774125 0.51354770375 0.92462367 0.485925405 0.92322068125 0.46863321999999996 0.9235117325000001 0.366774535 0.93996705 0.34621537875 0.95947195375 0.34921965499999996 0.97893098625 0.3682744175 0.9951758087499999 0.39688520125 1 0.50437946375 0.98705629625 0.51768353 0.96863047625 0.5376538737500001 0.9671072612499999 0.55159261375 0.9682242187500001 0.56803983625 0.96297162875 0.5958855049999999 0.9484536687499999 0.6324457675 0.935261055 0.62496780375 0.9156995600000001 0.6153625775 0.91049825125 0.60100338375 0.914563675 0.57971543625 0.91941203 0.5484828675 0.91375933625 0.5290466275 0.91291774125
6 0.6237613475 0.38538561875 0.63239218375 0.40547553625 0.6572980925 0.41921015875 0.6676531162499999 0.43276733874999995 0.7156043624999999 0.45988885625000003 0.7556424749999999 0.46563300375 0.7991969 0.472903935 0.81943300125 0.44673216625 0.8189468925 0.4316501075 0.77390606375 0.41444218875 0.69980536625 0.38654341625 0.6709758549999999 0.38437242875000005 0.6338910475 0.37185883875000003 0.627862175 0.36137774749999996 0.6237613475 0.38538561875
6 0.67361111125 0.48125 0.73611111125 0.51458333375 0.7722222225 0.52395833375 0.8027777775 0.54479166625 0.9222222225 0.5875 0.9347222225 0.5875 0.9527777775 0.56979166625 0.9625 0.5520833337500001 0.9625 0.53958333375 0.930555555 0.525 0.9125 0.52395833375 0.8708333337499999 0.50833333375 0.86666666625 0.496875 0.7513888887500001 0.46354166625 0.6819444450000001 0.45625 0.668055555 0.46666666625 0.668055555 0.47708333375 0.67361111125 0.48125
6 0.706944445 0.81770833375 0.675 0.88541666625 0.67083333375 0.91458333375 0.67638888875 0.92291666625 0.67083333375 0.93229166625 0.7111111112499999 0.946875 0.731944445 0.946875 0.7555555549999999 0.92083333375 0.7722222225 0.86458333375 0.7902777775 0.84479166625 0.7847222225 0.82083333375 0.7902777775 0.8145833337499999 0.80138888875 0.8125 0.8083333337499999 0.79375 0.819444445 0.71770833375 0.805555555 0.709375 0.79166666625 0.7072916662500001 0.7791666662500001 0.71979166625 0.743055555 0.78645833375 0.706944445 0.81770833375
6 1 0.303125 0.981944445 0.28541666625 0.94583333375 0.271875 0.9041666662500001 0.27083333374999996 0.8805555549999999 0.26041666625000004 0.82638888875 0.25 0.8222222225 0.259375 0.8277777775 0.27291666625 0.856944445 0.290625 0.8763888887500001 0.296875 0.9013888887500001 0.32395833375000005 0.930555555 0.33541666625 0.94583333375 0.34791666624999995 0.98333333375 0.35729166625 0.993055555 0.36666666625 1 0.365625 1 0.303125
6 0.6916666662500001 0.38541666625 0.7902777775 0.42083333375000004 0.82083333375 0.421875 0.831944445 0.41666666625 0.8402777775 0.38854166625 0.825 0.36770833375 0.730555555 0.33958333375000005 0.64583333375 0.33333333375 0.6375 0.33958333375000005 0.643055555 0.35416666625 0.6916666662500001 0.38541666625
6 0.6597222225 0.5520833337500001 0.7 0.58125 0.79166666625 0.6197916662499999 0.86666666625 0.66354166625 0.89583333375 0.66666666625 0.9027777775 0.66354166625 0.930555555 0.62916666625 0.9375 0.6041666662499999 0.9333333337499999 0.59583333375 0.9152777775 0.58541666625 0.80138888875 0.54375 0.76666666625 0.521875 0.7097222225 0.50416666625 0.6597222225 0.49895833375000004 0.6472222225 0.5052083337500001 0.6486111112499999 0.5375 0.6597222225 0.5520833337500001
6 0.8027777775 0.22083333375 0.8277777775 0.22083333375 0.8375 0.22708333374999998 0.8388888887500001 0.23854166625 0.85 0.24583333375 0.8986111112499999 0.25625 0.9625 0.27708333375 1 0.28333333374999997 0.9986111112499999 0.24583333375 0.9347222225 0.228125 0.91666666625 0.215625 0.88333333375 0.20520833375 0.868055555 0.19479166625000002 0.7972222225 0.1875 0.7555555549999999 0.175 0.74166666625 0.178125 0.7444444450000001 0.19479166625000002 0.8027777775 0.22083333375
6 0.3625 0.85208333375 0.35 0.8625 0.3527777775 0.89166666625 0.34583333375 0.89895833375 0.39305555499999995 0.89791666625 0.430555555 0.88125 0.443055555 0.86875 0.45694444500000003 0.86666666625 0.48055555499999997 0.83645833375 0.5027777775 0.8239583337499999 0.49583333375000005 0.8145833337499999 0.4722222225 0.8125 0.42083333375000004 0.81875 0.37777777749999997 0.846875 0.3625 0.85208333375
6 0.7652777775 0.9197916662500001 0.7625 0.95 0.7458333337499999 0.9802083337499999 0.743055555 1 0.82083333375 0.9979166662500001 0.8402777775 0.940625 0.8402777775 0.921875 0.82638888875 0.91354166625 0.82638888875 0.90625 0.8402777775 0.88020833375 0.8416666662500001 0.859375 0.8152777775 0.85208333375 0.80416666625 0.85833333375 0.79861111125 0.88020833375 0.7652777775 0.9197916662500001
6 0.8527777775 0.73958333375 0.8125 0.7677083337499999 0.8 0.8125 0.7861111112499999 0.81979166625 0.7902777775 0.8416666662500001 0.7722222225 0.86458333375 0.775 0.875 0.781944445 0.8791666662500001 0.79861111125 0.8791666662500001 0.80138888875 0.8635416662500001 0.8097222225 0.853125 0.8347222225 0.853125 0.86111111125 0.846875 0.8902777775 0.80520833375 0.9319444450000001 0.6875 0.930555555 0.67708333375 0.9013888887500001 0.671875 0.8875 0.69479166625 0.8652777775 0.7145833337499999 0.8527777775 0.73958333375
6 0.881944445 0.19583333374999998 0.8875 0.20729166625 0.9125 0.21145833374999998 0.9430555549999999 0.23125 0.981944445 0.240625 1 0.240625 0.9986111112499999 0.17708333375 0.9652777775 0.16666666625 0.92083333375 0.1625 0.8972222225 0.153125 0.8597222225 0.153125 0.8152777775 0.14583333375000002 0.8111111112499999 0.16458333374999998 0.86111111125 0.19166666625 0.881944445 0.19583333374999998
6 1 0.11458333375 0.95138888875 0.11666666625 0.918055555 0.109375 0.8708333337499999 0.109375 0.8486111112499999 0.10520833375000001 0.8375 0.12291666625 0.8388888887500001 0.13125 0.8972222225 0.14270833375 0.9111111112499999 0.14895833375 0.944444445 0.153125 1 0.175 1 0.11458333375
6 0.694444445 0.13854166625 0.69583333375 0.15729166625 0.7125 0.16770833375 0.7208333337499999 0.18020833374999998 0.7277777775 0.20729166625 0.743055555 0.20104166625 0.76388888875 0.165625 0.76388888875 0.15833333375 0.7555555549999999 0.15208333375 0.7652777775 0.12916666625 0.756944445 0.10625 0.768055555 0.09270833375000001 0.756944445 0.07708333375 0.731944445 0.07395833375 0.718055555 0.08125 0.7097222225 0.09270833375000001 0.694444445 0.13854166625
13 0.56284047125 0.9664217937499999 0.5287147575 0.9684364474999999 0.5192890425000001 0.97173495125 0.63249072875 0.9800152 0.63551667625 0.97582040375 0.63240485875 0.97076844625 0.56284047125 0.9664217937499999
6 0.618055555 0.59479166625 0.63611111125 0.6 0.6472222225 0.60833333375 0.6541666662500001 0.63854166625 0.7222222225 0.6604166662500001 0.7527777775 0.6916666662500001 0.7736111112499999 0.703125 0.79583333375 0.7072916662500001 0.8097222225 0.7145833337499999 0.8277777775 0.7145833337499999 0.830555555 0.7010416662500001 0.8805555549999999 0.6989583337499999 0.89166666625 0.69270833375 0.8902777775 0.678125 0.8791666662500001 0.66666666625 0.856944445 0.659375 0.7833333337499999 0.615625 0.70416666625 0.58229166625 0.675 0.56041666625 0.6583333337499999 0.55625 0.643055555 0.565625 0.60138888875 0.56979166625 0.618055555 0.59479166625