10 0.47572895000000004 0.806302775 0.44148788125000005 0.82104711125 0.42978106 0.8523396649999999 0.44797333375000004 0.9188853987500001 0.48134789625 0.9897972075 0.6696260125000001 0.98561324875 0.66231155 0.96355515625 0.6218789499999999 0.9280820300000001 0.6227296612500001 0.91078536125 0.58951494875 0.8702067825 0.58572977 0.8552868024999999 0.5452971675 0.819813675 0.5242887025 0.80669836625 0.47572895000000004 0.806302775
10 0.8298774925 0.78772601 0.8438723950000001 0.7060838675 0.8398231625 0.69270430625 0.82650214875 0.6840781237500001 0.6215528087500001 0.609304155 0.6076451375 0.61643422375 0.56061116625 0.6194715412499999 0.54764261875 0.64579077 0.5836448375 0.69477558375 0.73765793125 0.78301772125 0.7902669175 0.7967928725 0.8298774925 0.78772601
10 0.650597655 0.32886029625 0.60503091625 0.34800593874999997 0.57099535625 0.37388527250000003 0.5647165887500001 0.39817988249999997 0.59819535625 0.437218045 0.62794749375 0.44866081 0.7492142574999999 0.39492104625 0.7804623112500001 0.36063547749999997 0.840200775 0.33281934999999996 0.8933665550000001 0.2816770075 0.91369995125 0.27406273999999997 0.92367548625 0.22820228 0.91352313 0.20109108375 0.8963583900000001 0.19022033749999998 0.8837709925 0.1896483175 0.835094145 0.21460355625 0.77720406375 0.23163676 0.67747387375 0.295411 0.650597655 0.32886029625
10 0.55987519125 0.389421575 0.56767973875 0.3685598725 0.5617821225 0.36596323625 0.507413165 0.399456835 0.45861922125 0.44976290625 0.425375825 0.47102098499999995 0.40780125125 0.54887814625 0.383301525 0.5684636825 0.38118908625000003 0.580787025 0.41041311375 0.5953106287500001 0.43491283875000003 0.57572509125 0.47816163250000004 0.55776779375 0.49154119375 0.55371856125 0.52440344 0.5593517299999999 0.52525415125 0.54205506125 0.57284491875 0.47410024874999995 0.6003376575 0.474055945 0.6462568625 0.48985571499999997 0.69816091625 0.43374004499999996 0.6866297375000001 0.42700635499999995 0.63669116375 0.44698826750000004 0.61151636875 0.44584422625000003 0.56571426125 0.40469362750000004 0.55987519125 0.389421575
10 0.48511075124999997 0.11021115 0.45403834125000003 0.1064704725 0.41257938375000003 0.12632026 0.40192878125 0.15145114375000002 0.41155302875 0.181643175 0.46524809625 0.23841789875 0.4671263425 0.27679621875 0.48839886374999997 0.28837111125 0.51518785 0.32943388874999996 0.54467593125 0.34241707374999997 0.56588990375 0.36666738125000004 0.57847730125 0.3672394025 0.6310564225 0.33185330999999996 0.6221657925 0.30971544125 0.6230750525 0.2797433575 0.5786517662499999 0.21821525375 0.5423269425 0.18344627249999998 0.51712228625 0.13314098875000002 0.48511075124999997 0.11021115
10 0.6291196275000001 0.30615040625 0.7156172162500001 0.27023581375 0.7887937887500001 0.22569503624999998 0.8405222000000001 0.20760561375000003 0.848238335 0.1502580825 0.791022145 0.07702296125000001 0.75499124125 0.08987480625 0.6789686125 0.13868476375 0.60379669625 0.17019805000000002 0.576597875 0.21786318125 0.615651655 0.27371381125 0.62143217625 0.30166127875 0.6291196275000001 0.30615040625
10 0.5639876875000001 0.83411733 0.6086451675 0.8449437725 0.66157675625 0.8445030925 0.6839640425 0.8372408975000001 0.7779734374999999 0.84384167875 0.80963250625 0.831826105 0.8135933287500001 0.8087198375 0.7674100675 0.79446048625 0.7079643437500001 0.75889953875 0.6371929475 0.72773989625 0.57751303 0.7428806075 0.52446434625 0.76867212 0.5118184 0.780775515 0.50891379875 0.7977201100000001 0.5639876875000001 0.83411733
10 0.32358938625 0.3124473475 0.31352544125000004 0.32182198 0.32400039999999997 0.33471734249999996 0.3218879625 0.34704068499999996 0.33520897499999996 0.35566686750000004 0.466922015 0.37665912375 0.5028358225 0.38915810875 0.52363878125 0.39113842125 0.56330790375 0.36939614374999996 0.56283834125 0.359801565 0.5449399862500001 0.34087665625 0.5154519049999999 0.32789347125 0.49934338375000004 0.310861055 0.46342957625 0.29836206875 0.336029825 0.289208955 0.32006826250000003 0.29598694999999997 0.32358938625 0.3124473475
10 0.7531428575 0.10065773125 0.76194507625 0.0863097725 0.7152038425 0.0259700125 0.6628589137500001 0.010654442500000002 0.6196101199999999 0.02861174 0.5826114087500001 0.08411108375 0.60940039375 0.12517386249999998 0.6205504225 0.15879880125 0.6364534350000001 0.16469622125 0.6681125025 0.15268064750000002 0.7531428575 0.10065773125
11 1 0.35692418875000004 0.9986143912500001 0.35838855625 0.92520244625 0.34263309 0.9256720075 0.35222767 0.9148744462499999 0.35354814124999995 0.91012146 0.38127566125 0.932186145 0.3882293 0.90959335125 0.3843564975 0.896185105 0.45024238875 0.926201295 0.4601447375 0.89486483 0.45794447750000006 0.8949532425 0.494430305 0.88826346125 0.49645492124999996 0.8740045025000001 0.5796374825 0.8728897375 0.5984745687499999 0.88547713375 0.59904659 0.8921083675 0.60969738875 0.9711538725 0.6295899075 1 0.4910680325 1 0.3706185475 0.9929222799999999 0.36692691625 1 0.36670038875000005 1 0.35692418875000004
11 0.82371110625 0.34267818125 0.7781443662499999 0.36182382250000006 0.75021193 0.40143479 0.73163968375 0.4727782075 0.7337819837499999 0.5096161075 0.7454601225 0.5401602125 0.78774110625 0.56485041625 0.85751483375 0.58949631375 0.89817926875 0.35227197375 0.82371110625 0.34267818125
10 0.56747659 0.57942068 0.6172395212499999 0.5974650112500001 0.6987499312500001 0.6399796 0.8144428612500001 0.6804252675 0.83729971 0.6827576525000001 0.844781655 0.6761117824999999 0.8540821200000001 0.609521745 0.7869489425 0.5694716675 0.7357773274999999 0.52264359625 0.70265102625 0.5185508449999999 0.61650472625 0.4784129475 0.57774486375 0.47018314125000005 0.52862831625 0.5347050449999999 0.52340576875 0.55283798625 0.56747659 0.57942068
