16 0.2227272725 0.62820512875 0.22045454500000003 0.6923076924999999 0.22045454500000003 0.7147435900000001 0.225 0.7243589737499999 0.29090909125 0.79166666625 0.2977272725 0.7820512825 0.36590909125000004 0.33333333375 0.36363636374999997 0.29166666625000004 0.34090909125 0.2371794875 0.29886363625 0.23397435875 0.28409090875 0.29166666625000004 0.24090909124999998 0.5480769225000001 0.2227272725 0.62820512875
16 0.29090909125 1 0.292045455 0.91666666625 0.267045455 0.7660256412500001 0.22159090875 0.7147435900000001 0.22045454500000003 0.68910256375 0.1875 0.68589743625 0.17159090875 0.69871794875 0.170454545 0.82051282 0.17386363625 0.865384615 0.18181818125 0.91346153875 0.18977272750000002 0.92628205125 0.19886363625 1 0.29090909125 1
16 0 0.9775641025 0.00340909125 0.9807692312499999 0.054545455 0.9070512825 0.0772727275 0.75320512875 0.07840909125 0.634615385 0.045454545 0.5929487175 0.0272727275 0.5833333337500001 0 0.66666666625 0 0.9775641025
16 0.095454545 0.62820512875 0.104545455 0.59935897375 0.142045455 0.59935897375 0.14431818124999998 0.53525641 0.1875 0.48717948749999995 0.18068181875 0.4326923075 0.17159090875 0.41346153874999997 0.075 0.41346153874999997 0.0602272725 0.4230769225 0.04886363625 0.51923076875 0.095454545 0.62820512875
16 0.4375 1 0.39886363625 0.80448718 0.37840909125000005 0.75 0.37272727250000004 0.75 0.33409090874999997 0.82051282 0.33863636375 0.91346153875 0.35681818125 1 0.4375 1
16 0.50568181875 0.63141025625 0.50909090875 0.66346153875 0.5465909087499999 0.7660256412500001 0.5625 0.75 0.5897727275 0.6474358975 0.6125 0.58974359 0.6147727275 0.56089743625 0.6102272725 0.5128205125 0.642045455 0.46474359 0.60568181875 0.35576923125 0.59431818125 0.34615384624999995 0.554545455 0.42628205125 0.5397727274999999 0.52564102625 0.50568181875 0.63141025625
16 0 0.36858974375000003 0.07159090875 0.33333333375 0.07840909125 0.32051282000000003 0.07159090875 0.16025641000000002 0.06590909125 0.1378205125 0.054545455 0.134615385 0.018181818750000002 0.1474358975 0 0.169871795 0.0056818187499999995 0.25320512875 0 0.27884615375 0 0.36858974375000003
16 0.20113636375 0.28846153874999997 0.225 0.33974359 0.26590909125 0.3269230775 0.3 0.240384615 0.34318181875 0.22756410249999998 0.34659090875 0.205128205 0.34431818125 0.14102564125 0.32727272749999997 0.13141025625 0.20681818124999998 0.169871795 0.2 0.18269230749999998 0.20113636375 0.28846153874999997
16 0.50568181875 0.28525641 0.517045455 0.27884615375 0.52386363625 0.19551282 0.520454545 0.16346153875 0.46931818125 0.11538461500000001 0.4022727275 0.08333333375 0.39090909125 0.13141025625 0.39090909125 0.19551282 0.50568181875 0.28525641
16 0.345454545 0.48717948749999995 0.39204545500000004 0.55448718 0.43181818125 0.45833333375 0.5102272725 0.30128205125 0.50909090875 0.28525641 0.49431818125 0.2628205125 0.42613636374999997 0.23076923125 0.38977272749999997 0.27884615375 0.36477272749999995 0.33333333375 0.345454545 0.48717948749999995
16 0.50568181875 0.580128205 0.52613636375 0.5769230774999999 0.5625 0.4423076925 0.570454545 0.21474358999999998 0.5465909087499999 0.16025641000000002 0.52613636375 0.169871795 0.520454545 0.18589743625 0.50568181875 0.580128205
16 0.37727272749999996 0.75 0.3977272725 0.8076923075000001 0.417045455 0.8910256412500001 0.44318181875 0.9102564099999999 0.45227272749999997 0.9006410262500001 0.47159090875 0.81410256375 0.475 0.71153846125 0.33863636375 0.60576923125 0.3147727275 0.81410256375 0.33409090874999997 0.82371794875 0.37727272749999996 0.75
16 0.557954545 0.87820512875 0.5852272725000001 0.9551282050000001 0.6977272725 0.7275641025 0.6965909087500001 0.6826923075000001 0.6897727275 0.6570512825 0.62840909125 0.6474358975 0.62159090875 0.634615385 0.545454545 0.7756410262500001 0.545454545 0.80128205125 0.557954545 0.87820512875
16 0.62840909125 0.6506410262500001 0.68863636375 0.6570512825 0.69886363625 0.6923076924999999 0.7170454549999999 0.69551282 0.72386363625 0.66346153875 0.732954545 0.6506410262500001 0.732954545 0.6089743587499999 0.72613636375 0.6025641025 0.71136363625 0.5320512825 0.67613636375 0.48717948749999995 0.6670454549999999 0.44871794875 0.6590909087500001 0.43910256375 0.6090909087499999 0.5160256412500001 0.625 0.6378205125 0.62840909125 0.6506410262500001
16 0.157954545 0.28846153874999997 0.18863636374999998 0.49679487125 0.2147727275 0.46153846125000003 0.22159090875 0.33974359 0.2 0.26923076875 0.19886363625 0.21153846125 0.18295454500000002 0.1121794875 0.175 0.09615384625000001 0.1625 0.09615384625000001 0.13636363625 0.14423076875 0.1352272725 0.17628205125000002 0.157954545 0.28846153874999997
16 0.0977272725 0.38782051250000005 0.14886363625 0.35256410250000003 0.16590909125 0.36217948749999995 0.15909090875 0.2820512825 0.13636363625 0.16346153875 0.1352272725 0.12179487124999999 0.09431818125 0.09615384625000001 0.06590909125 0.1121794875 0.08409090875 0.35256410250000003 0.0977272725 0.38782051250000005
16 0.570454545 0.33653846125000003 0.5840909087499999 0.3269230775 0.6090909087499999 0.35897435875 0.6227272725 0.36217948749999995 0.6375 0.4070512825 0.6545454549999999 0.4070512825 0.6965909087500001 0.375 0.7022727275 0.36217948749999995 0.7022727275 0.25 0.68636363625 0.19230769250000002 0.6784090912499999 0.18910256375 0.5784090912500001 0.25641025625 0.5727272725 0.27884615375 0.570454545 0.33653846125000003
16 0.767045455 0.48076923125 0.7795454549999999 0.544871795 0.8056818187499999 0.5833333337500001 0.82386363625 0.58974359 0.8397727275 0.57371794875 0.875 0.5 0.88068181875 0.5 0.8875 0.5224358975 0.9079545450000001 0.53525641 0.90113636375 0.41025641 0.87386363625 0.36858974375000003 0.85909090875 0.31089743625 0.84318181875 0.29166666625000004 0.8318181812500001 0.3173076925 0.7977272725 0.27884615375 0.77159090875 0.3269230775 0.74431818125 0.41025641 0.767045455 0.48076923125
16 0.8465909087500001 0.16025641000000002 0.857954545 0.21474358999999998 0.85909090875 0.28525641 0.8704545450000001 0.294871795 0.8772727275 0.32051282000000003 0.88863636375 0.31089743625 0.90681818125 0.33012820499999995 0.9170454549999999 0.3269230775 0.9420454549999999 0.35897435875 0.95340909125 0.30128205125 0.95909090875 0.19230769250000002 0.93636363625 0.16666666625 0.9284090912499999 0.134615385 0.9079545450000001 0.134615385 0.85909090875 0.0929487175 0.8568181812500001 0.10897435875 0.84886363625 0.10897435875 0.8465909087500001 0.16025641000000002
16 0.7477272725 0.8910256412500001 0.8079545450000001 0.92628205125 0.857954545 0.759615385 0.83863636375 0.66666666625 0.81136363625 0.62179487125 0.8147727275 0.58974359 0.7920454549999999 0.58974359 0.7397727275 0.7275641025 0.7409090912499999 0.80448718 0.7477272725 0.8910256412500001
16 0.7375 0.2179487175 0.77613636375 0.2179487175 0.80909090875 0.16025641000000002 0.8102272725 0.13141025625 0.8056818187499999 0.1121794875 0.7409090912499999 0.09615384625000001 0.73409090875 0.10897435875 0.73409090875 0.21153846125 0.7375 0.2179487175
16 0.5602272725 1 0.55909090875 0.884615385 0.54318181875 0.75641025625 0.50681818125 0.6474358975 0.51363636375 0.58653846125 0.504545455 0.5833333337500001 0.48068181875 0.615384615 0.47159090875 0.6410256412500001 0.475 0.71153846125 0.4727272725 0.9230769225000001 0.4772727275 0.94551282 0.48863636374999997 0.9519230774999999 0.50113636375 1 0.5602272725 1
16 0.02159090875 0 0 0.01602564125 0 0.14423076875 0.00681818125 0.1570512825 0.067045455 0.1474358975 0.067045455 0.11538461500000001 0.08181818125 0.1025641025 0.075 0.0769230775 0.07840909125 0.035256409999999995 0.070454545 0 0.02159090875 0
16 0.60568181875 0 0.59090909125 0.028846153750000002 0.55681818125 0.1474358975 0.5897727275 0.22756410249999998 0.592045455 0.25 0.62386363625 0.22435897375 0.6681818187499999 0.028846153750000002 0.66363636375 0 0.60568181875 0
16 0.179545455 0 0.175 0.0224358975 0.18522727249999998 0.09615384625000001 0.19090909125 0.12820512875 0.20568181875 0.16346153875 0.21363636374999997 0.16025641000000002 0.25340909125 0.07051281999999999 0.242045455 0.028846153750000002 0.24545454500000002 0.01602564125 0.23409090875 0 0.179545455 0
16 0.15340909125 0.10576923125 0.18522727249999998 0.08333333375 0.18295454500000002 0.03846153875 0.16136363625000003 0.00320512875 0.06818181875 0 0.067045455 0.08012820500000001 0.0727272725 0.09615384625000001 0.15340909125 0.10576923125
16 0.0875 0.74358974375 0.0852272725 0.7660256412500001 0.09431818125 0.83653846125 0.12386363624999999 0.87179487125 0.16590909125 0.87179487125 0.1772727275 0.8589743587499999 0.18636363625000002 0.80448718 0.1727272725 0.74358974375 0.170454545 0.6923076924999999 0.16136363625000003 0.68910256375 0.11477272749999999 0.69551282 0.10113636375 0.71153846125 0.0875 0.74358974375
16 0.19659090875000002 1 0.19431818125 0.9326923075000001 0.1772727275 0.91666666625 0.125 0.9230769225000001 0.08863636375 0.94551282 0.03636363625 0.9326923075000001 0.02386363625 0.94551282 0 1 0.19659090875000002 1
16 0.9602272725000001 1 0.96136363625 0.87179487125 0.9522727275 0.8397435900000001 0.8943181812500001 0.7980769225000001 0.8465909087500001 0.8076923075000001 0.8352272725000001 0.83333333375 0.82386363625 0.87179487125 0.8193181812500001 0.91346153875 0.820454545 0.97115384625 0.8272727275 1 0.9602272725000001 1
16 1 0.79166666625 0.9818181812500001 0.6506410262500001 0.9465909087500001 0.5929487175 0.9272727275 0.58653846125 0.9079545450000001 0.59935897375 0.9 0.62179487125 0.8931818187499999 0.7179487175 0.89886363625 0.78846153875 0.92386363625 0.8493589737499999 0.9272727275 0.83333333375 0.9375 0.8301282050000001 0.94886363625 0.8557692312499999 0.9568181812500001 0.84615384625 0.9875 0.8493589737499999 0.9909090912499999 0.82371794875 1 0.8076923075000001 1 0.79166666625
16 0.44886363625000003 0.52564102625 0.457954545 0.5416666662499999 0.47613636375 0.5416666662499999 0.50681818125 0.5224358975 0.5159090912500001 0.33974359 0.51363636375 0.30128205125 0.507954545 0.30128205125 0.43181818125 0.4519230775 0.404545455 0.52884615375 0.44886363625000003 0.52564102625
16 0.15568181875 0.7019230774999999 0.2227272725 0.67948718 0.22386363625000003 0.61858974375 0.24545454500000002 0.51923076875 0.24431818125 0.509615385 0.22954545499999998 0.509615385 0.14318181875 0.53525641 0.1477272725 0.69551282 0.15568181875 0.7019230774999999
16 0 0.5 0.020454545 0.5673076925 0.0477272725 0.5416666662499999 0.0477272725 0.5128205125 0.067045455 0.41666666625 0.057954544999999996 0.38461538500000003 0.02613636375 0.37820512875 0 0.42948717999999997 0 0.5
16 0.27840909125 0 0.270454545 0.06410256375000001 0.3 0.12820512875 0.33863636375 0.125 0.35568181875 0.2179487175 0.354545455 0.25641025625 0.36931818125 0.26602564125 0.38636363625000003 0.19871794874999998 0.38181818125 0.18589743625 0.38181818125 0.14423076875 0.32159090874999996 0 0.27840909125 0
16 0.3477272725 0.6121794875 0.4125 0.6570512825 0.42727272749999995 0.5929487175 0.417045455 0.55448718 0.40113636375 0.5320512825 0.39318181875 0.55128205125 0.37159090874999995 0.53525641 0.3477272725 0.6121794875
16 0.62840909125 0.8942307687500001 0.6352272725 0.9679487175 0.6965909087500001 0.9743589737499999 0.7022727275 0.96153846125 0.7147727275 0.7307692312499999 0.7125 0.69871794875 0.7056818187499999 0.6923076924999999 0.6897727275 0.74358974375 0.63181818125 0.8557692312499999 0.62840909125 0.8942307687500001
16 0.742045455 0.41346153874999997 0.7522727275 0.42628205125 0.7795454549999999 0.38141025624999997 0.7897727274999999 0.35576923125 0.7943181812500001 0.31089743625 0.8022727275 0.29166666625000004 0.8272727275 0.3076923075 0.84318181875 0.28846153874999997 0.85340909125 0.259615385 0.85 0.16025641000000002 0.82840909125 0.11858974375 0.732954545 0.294871795 0.7295454549999999 0.35256410250000003 0.742045455 0.41346153874999997
16 0.4772727275 0 0.47613636375 0.1378205125 0.52386363625 0.17307692249999998 0.5272727275 0.05128205125 0.5227272725000001 0 0.4772727275 0
16 0.8215909087500001 0 0.84318181875 0.12820512875 0.85909090875 0.09935897375 0.882954545 0.10897435875 0.87159090875 0 0.8215909087500001 0
16 0.81136363625 0.62179487125 0.83409090875 0.6570512825 0.8647727275 0.80448718 0.8977272725000001 0.80128205125 0.9 0.79166666625 0.8875 0.7371794875000001 0.8875 0.7179487175 0.89886363625 0.66666666625 0.90113636375 0.5929487175 0.88068181875 0.49038461499999997 0.86931818125 0.48076923125 0.84886363625 0.50320512875 0.8147727275 0.59615384625 0.81136363625 0.62179487125
16 0.9090909087500001 0 0.90681818125 0.06410256375000001 0.8977272725000001 0.12820512875 0.9329545450000001 0.1474358975 0.9443181812500001 0.17307692249999998 0.95909090875 0.01602564125 0.945454545 0 0.9090909087500001 0
16 0.6477272725000001 0.15384615375 0.67613636375 0.17307692249999998 0.69886363625 0.22756410249999998 0.70340909125 0.32371794875 0.7272727274999999 0.32051282000000003 0.7454545450000001 0.26602564125 0.7477272725 0.240384615 0.7147727275 0.17628205125000002 0.6897727275 0.05128205125 0.67613636375 0.0224358975 0.6693181812500001 0.0224358975 0.65113636375 0.09615384625000001 0.6522727275 0.12820512875 0.6477272725000001 0.15384615375
16 0.69318181875 0 0.6965909087500001 0.0673076925 0.71136363625 0.10897435875 0.7295454549999999 0.11858974375 0.7375 0.09615384625000001 0.7545454549999999 0.0929487175 0.75340909125 0.041666666250000005 0.7375 0.0320512825 0.73409090875 0 0.69318181875 0
16 0.78863636375 0.10576923125 0.8034090912499999 0.11538461500000001 0.8102272725 0.134615385 0.8193181812500001 0.134615385 0.82613636375 0.11858974375 0.82613636375 0.0929487175 0.8079545450000001 0.009615384999999999 0.7840909087500001 0.0320512825 0.7840909087500001 0.06410256375000001 0.78863636375 0.10576923125
