0 0.23135722250000001 0.5448840349999999 0.2896376575 0.55476100125 0.311053225 0.54264286875 0.336044615 0.51243059125 0.340166575 0.50933288125 0.32453106249999997 0.51511924 0.29946625 0.517057945 0.294937815 0.47523452749999995 0.28275815125000003 0.444628065 0.27988781 0.39957058375000004 0.24506064625 0.38101407875 0.19876648125 0.35517132625000003 0.15377767 0.35767032249999997 0.11833813125 0.38231564874999996 0.09668979750000001 0.44430827125 0.10261669250000001 0.494523645 0.12529105875000002 0.5207221587499999 0.1545978025 0.53398441875 0.23135722250000001 0.5448840349999999
14 0.3980262975 0 0.3123154925 0.052153580000000005 0.25193111625 0.0970362875 0.24252868625000001 0.13143710375 0.22161270125000002 0.16852657000000001 0.24824967999999997 0.26977543625 0.27441394375 0.38430144 0.2912420175 0.47502999625000003 0.29759507375 0.52194312875 0.32040910250000004 0.51821695 0.349429345 0.5048567575 0.34980895375000004 0.5115294137499999 0.37127107375 0.48943638375 0.397874005 0.46596494 0.42949777375 0.4228164075 0.45695302875000005 0.3927404825 0.4683931625 0.36177826 0.46530974 0.31837189875 0.46367133375 0.2733825925 0.47553762749999995 0.23911812999999998 0.47648305874999997 0.21256385375 0.47868011000000005 0.137854385 0.4623319325 0.12032053124999999 0.46102657874999997 0.09197878250000001 0.46071321125 0.02710785875 0.45206950874999996 0 0.3980262975 0
1 0.5453800262499999 0.5439704375000001 0.55748627 0.546303325 0.5561612300000001 0.56618494375 0.5298179325 0.5780303687499999 0.504660015 0.59991887 0.47121162499999997 0.63797769 0.47898282875 0.6450594062499999 0.50651150375 0.643257055 0.55427036875 0.61929349625 0.63526454125 0.55892223875 0.7331261625000001 0.49283279874999997 0.83430397 0.42027523125 0.92939666 0.35547443375 0.89558004375 0.27234130624999997 0.56094211875 0.50991050375 0.5453800262499999 0.5439704375000001
1 0.9269532137500001 0.63492952 0.89480299625 0.61485824875 0.87305437375 0.61032882625 0.88520717 0.60268681625 0.8614673987499999 0.5847439025 0.83784760125 0.58509966375 0.8516584924999999 0.57422359125 0.8324202887500001 0.559855625 0.77563142125 0.5384208175 0.72469603 0.53892781 0.6733810275000001 0.5327621462500001 0.6748260399999999 0.5311792025 0.6721490937500001 0.53269396875 0.6723621762499999 0.53104284875 0.6346253000000001 0.56387559875 0.59202160625 0.759404425 0.7348201587500001 0.9219579337499999 0.7888453387500001 0.9874354875 0.9034335975000001 0.98573788375 0.90898261375 0.9703089149999999 0.91235781625 0.9441551712499999 0.91295078375 0.9068722325 0.9266613875 0.829474115 0.9361300575 0.7368750325000001 0.94409836 0.6982043099999999 0.9498167125000001 0.6538939874999999 0.9269532137500001 0.63492952
1 0.4840252075 0.88479783625 0.5032830975 0.85094243625 0.51112054 0.7998258862500001 0.51521563375 0.75847970625 0.51663377875 0.7186482925 0.51066033125 0.67840781625 0.49298711375000004 0.68075558125 0.4876332225 0.683785115 0.502389545 0.646354765 0.46313423375 0.65249688625 0.49160834000000003 0.62414025875 0.47457436875 0.6215346625 0.43477292 0.61268035 0.3457407275 0.59112406625 0.21278513 0.56381118 0.06489417624999999 0.7003000749999999 0.018327871250000002 0.8207785475 0.047142215 0.895541315 0.22193696375 0.9351471100000001 0.423834225 0.9762527937500001 0.4538464525 0.92636342625 0.4840252075 0.88479783625
1 0.82670461875 0.20035024375 0.855705175 0.23521341875000001 0.83984940125 0.15617905875 0.70992348875 0.09577559125 0.57829292875 0.048581086249999995 0.55562574375 0.1088544125 0.5428802575 0.111474885 0.55325498625 0.0887682625 0.5432795525 0.06992417249999999 0.4994367475 0.17891298249999998 0.4612074675 0.27324624 0.47161624500000005 0.37525992875 0.44458715125 0.4020336125 0.47853512375 0.3889461275 0.5166784775 0.401034505 0.5503471287499999 0.44779640625 0.5607755925 0.50158672625 0.57785611875 0.49421742375 0.62897772375 0.45381084 0.7130284525 0.39859747375 0.74600412875 0.3738157925 0.79342993625 0.33320467875 0.8282033662499999 0.27526424125 0.8470816487499999 0.23473618125 0.7937020762500001 0.18688345250000002 0.82670461875 0.20035024375
6 0.5722444475 0.81651186375 0.58700077 0.77908151375 0.596449755 0.7347058 0.6094745625 0.6722359400000001 0.60570534375 0.6437578362499999 0.59774074625 0.59010386875 0.60228886625 0.58370391875 0.5489164774999999 0.62232302875 0.49992568 0.64621841125 0.48661437125 0.6820658175 0.5092153175 0.67999076 0.51239184625 0.7034473262500001 0.51279832 0.7483684549999999 0.51235247375 0.79989406375 0.50681236875 0.8428231875000001 0.49800262625 0.8822455425 0.51837965625 0.91663148 0.55266068375 0.92019155 0.5758274525 0.8848895575 0.5811544775 0.84361155375 0.5722444475 0.81651186375
10 0.15861761875 0.15672577625 0.15963646875 0.15844507375 0.15575445875 0.19814013500000002 0.1728618525 0.2290193025 0.21117173250000001 0.24943145749999998 0.24685122125 0.2613834825 0.22365040375 0.17196516375 0.24044442875000002 0.1379734075 0.25358921 0.09380222249999999 0.23086829 0.077578605 0.20499770875 0.07614689375 0.17867409875 0.0397689525 0.159648975 0.023749863750000003 0.141123435 0.03270211125 0.11468703 0.0644973325 0.10999924875 0.10082197624999999 0.12961706125 0.1218626 0.15861761875 0.15672577625
2 0.50398672375 0.48015192 0.467361805 0.4947541725 0.44199080625 0.5182937925000001 0.43067064625 0.56755469 0.438561825 0.59293508375 0.45308538 0.6053792225 0.48286483875 0.60536434625 0.5055123375 0.5933143900000001 0.50428040625 0.59324621375 0.53322722875 0.55161244625 0.54144428 0.507168555 0.5292180625 0.48653699250000004 0.50398672375 0.48015192
2 0.49761398125 0.48146215625000005 0.52883845375 0.47986433375 0.5300228075 0.47755429 0.5278196024999999 0.47814503875 0.52179960125 0.44787946125 0.48858397875000004 0.43606378999999995 0.4708642075 0.44838645374999997 0.49761398125 0.48146215625000005
2 0.45056059875000004 0.4422740875 0.4595906025 0.48767245375 0.4639256425 0.48292362375000003 0.4622675475 0.48615768625 0.46349948124999996 0.48622586375 0.485887345 0.48580192625 0.48453544 0.46743507375 0.47294846375 0.44185015 0.45056059875000004 0.4422740875
2 0.43467263250000004 0.5461583050000001 0.45023472499999995 0.5120983725 0.45975712874999997 0.49599623125000003 0.45143979125 0.47391807874999997 0.45104799624999997 0.46315976625 0.42772688625 0.49422363500000005 0.41353638625 0.49842705125000003 0.431116495 0.51602908125 0.41590714375 0.5185132 0.41254440125 0.53495622625 0.40960782125 0.54809701125 0.43467263250000004 0.5461583050000001
