3 0 0.90867579875 0.03994293875 0.9132420087500001 0.087018545 0.89497716875 0.18972895874999998 0.88584474875 0.19971469375 0.57534246625 0 0.5547945200000001 0 0.90867579875
3 0.390870185 0.37899543375 0.36091298125000004 0.39954337875 0.3651925825 0.442922375 0.38231098375 0.49086758 0.34379457875 0.5913242012500001 0.34236804625 0.6552511412500001 0.34807418 0.67123287625 0.4707560625 0.7283105025000001 0.55492154125 0.7488584475000001 0.61768901625 0.7305936074999999 0.75463623375 0.6575342462499999 0.7674750362499999 0.64383561625 0.7703281025 0.62100456625 0.76462196875 0.57762557125 0.7417974325 0.506849315 0.70898716125 0.44520548 0.7018544937500001 0.36757990874999996 0.5962910124999999 0.33333333375 0.57061341 0.2922374425 0.53780313875 0.2808219175 0.5149786025 0.2945205475 0.47646219625 0.34474885875 0.390870185 0.37899543375
3 0.589641465 0 0.553502615 0.05479452 0.49358820625 0.1476407925 0.4878820725 0.15372907125 0.5316291012500001 0.22526636249999998 0.5687189725 0.28310502249999997 0.5991516875 0.33637747249999994 0.70186210125 0.36986301374999997 0.70947028125 0.45053272375 0.7389519725 0.49923896624999997 0.7551193537499999 0.537290715 0.76843366625 0.6179604275 0.779845935 0.6316590575 0.79981740375 0.6407914775000001 0.812180695 0.6316590575 0.8701930575 0.547945205 0.95578506875 0.40487062375 0.8882624825000001 0.28310502249999997 0.8045725149999999 0.14003044125 0.71612743625 0 0.589641465 0
3 0.99858107375 0.8249619475 0.85117261 0.83561643875 0.8549767 0.9923896512499999 0.8644869224999999 0.99847792875 0.9995320974999999 1 0.99858107375 0.8249619475
3 0.10462006750000001 0.5631659062500001 0.21874274875000002 0.511415525 0.27390204375 0.1887366825 0.40419210749999995 0.24809741375000002 0.3661512125 0.06697108 0 0.22222222125 0.0000076075000000000004 0.5190258750000001 0.0076157874999999995 0.55403348625 0.10462006750000001 0.5631659062500001
3 0.36329814499999996 0.44140030375 0.36044507875 0.39421613499999997 0.42131050875 0.36681887500000004 0.4736167375 0.34855403375 0.50690252125 0.2968036525 0.42986970999999996 0.26331811125000004 0.27390204375 0.18721461125000002 0.2082815025 0.550989345 0.33476747500000004 0.6133942175 0.34237565375 0.59056316625 0.3804165475 0.49010654625 0.36329814499999996 0.44140030375
3 0.41845744250000005 0.7031963475 0.38136757000000004 0.68493150625 0.34237565375 0.6681887375 0.34047360875000005 0.6118721462500001 0.21113456875 0.552511415 0.21779172625 0.51293759625 0.112228245 0.560121765 0.20162434625 0.57534246625 0.19782025625 0.6955859974999999 0.51831478875 0.8021308975 0.5230699 0.74581430875 0.47076366999999997 0.7275494675 0.41845744250000005 0.7031963475
3 0.42416357625 0.8569254175000001 0.2995796475 0.8691019799999999 0.21779172625 0.88280061 0.12268949125 0.89041095875 0.09035473124999999 0.89497716875 0.04565668 0.90867579875 0.0323423675 0.9147640800000001 0.00190965375 0.90867579875 0.0000076075000000000004 1 0.4327227775 0.99695586125 0.42796766499999994 0.93302892 0.42416357625 0.8569254175000001
3 0.43462482125 0.99847793 0.50309843125 1 0.6333884925000001 0.9345509887500001 0.84261341 0.83105022875 0.8064745600000001 0.67123287625 0.715176415 0.6757990862500001 0.650506895 0.7168949775 0.6020047550000001 0.7351598174999999 0.56396386125 0.7503805174999999 0.5259229675 0.7473363775 0.51451069875 0.8112633175 0.4327227775 0.7732115675 0.36329814499999996 0.7473363775 0.3680532575 0.7595129375 0.36520019 0.7595129375 0.36520019 0.7625570775 0.3861226825 0.8630136987500001 0.42511459875 0.85388127875 0.43462482125 0.99847793
3 0.12173846875000001 0.00152207125 0.00095863 0 0.00095863 0.1339421625 0.12173846875000001 0.00152207125
3 0.45269424625 0 0.456498335 0.0761035 0.54589443625 0.06849315125000001 0.5867883975 0.00152207125 0.45269424625 0
3 0.0000076075000000000004 0.2237442925 0.18545696625000002 0.14003044125 0.28151022375 0.00152207125 0.12078744625 0 0.0000076075000000000004 0.12785388125 0.0000076075000000000004 0.2237442925
3 0.9034788399999999 0.3044140025 0.9548340475 0.40182648375 0.7960133137500001 0.6560121762500001 0.77128673375 0.624048705 0.7322948175 0.66514459625 0.91013599625 0.6818873675 0.9957280075 0.6773211575000001 0.99858107375 0.30289193375 0.9034788399999999 0.3044140025
3 0.9995320974999999 0.006088281250000001 0.885409415 0.00304413875 0.87875225875 0.05479452 0.808376605 0.05022831 0.99858107375 0.29375951375 0.9995320974999999 0.006088281250000001
3 0.28151022375 0 0.22920399375 0.0761035 0.19782025625 0.12328767125000001 0.2101835475 0.1293759525 0.36900427999999996 0.06849315125000001 0.38802472625 0.16590563249999998 0.5097555874999999 0.18721461125000002 0.48978411875 0.15525114125 0.5439923925 0.07001522125 0.45459629125 0.07458143125 0.45459629125 0 0.28151022375 0
3 0.9976300525 0.7534246575 0.95388302375 0.68340943625 0.8074255825000001 0.6727549475 0.8378582987500001 0.8295281575 0.77128673375 0.8706240475 0.8549767 0.94824961875 0.85117261 0.8371385087500001 1 0.81887366875 0.9976300525 0.7534246575
3 0.7199315262499999 0 0.7560703750000001 0.05327245 0.87494817 0.05327245 0.8882624825000001 0 0.7199315262499999 0
3 0.38136757000000004 0.85083713875 0.3661512125 0.75646879625 0.19401616749999998 0.69710806625 0.25297955375000003 0.8782344000000001 0.38136757000000004 0.85083713875
3 0.19877128 0.88127853875 0.25012648625 0.87671232875 0.19401616749999998 0.6940639274999999 0.19021207875 0.88280061 0.19877128 0.88127853875
3 0.8644869224999999 0.23439878249999999 0.88731145875 0.16438356124999998 0.80076842625 0.05022831 0.7551193537499999 0.05327245 0.8644869224999999 0.23439878249999999
3 0.61531906875 0.94520548 0.5107066087500001 0.99847792875 0.52116785625 0.99847792875 0.8578297675000001 0.99695586125 0.8549767 0.94672755 0.759874465 0.86757990875 0.61531906875 0.94520548
