7 0.1921875 0.43333333375000005 0.1796875 0.46875 0.1765625 0.51875 0.209375 0.56041666625 0.2484375 0.57083333375 0.2296875 0.54583333375 0.228125 0.50833333375 0.25 0.51458333375 0.2921875 0.55 0.29375 0.51666666625 0.2671875 0.46666666625 0.2859375 0.37291666625 0.25 0.34166666625 0.221875 0.34166666625 0.1953125 0.36458333375 0.1875 0.40625 0.1921875 0.43333333375000005
7 0.6859375 0.7375 0.65 0.77083333375 0.63125 0.8125 0.5890625 0.84375 0.5828125 0.85416666625 0.584375 0.86875 0.6 0.8875 0.60625 0.9125 0.61875 0.92083333375 0.65625 0.8791666662500001 0.6921875 0.79375 0.715625 0.7875 0.7703125 0.89166666625 0.80625 0.9020833337499999 0.8390625 0.89375 0.84375 0.8875 0.8375 0.85625 0.840625 0.83541666625 0.83125 0.82916666625 0.8234375 0.79583333375 0.8015625 0.76041666625 0.8046875 0.7375 0.7921875 0.7208333337499999 0.7859375 0.68125 0.7421875 0.62916666625 0.7234375 0.63125 0.7078125 0.60208333375 0.69375 0.60208333375 0.6578125 0.64375 0.6625 0.675 0.6859375 0.7375
7 0.1765625 0.6625 0.178125 0.6916666662500001 0.2 0.72708333375 0.2140625 0.85208333375 0.24375 0.92916666625 0.259375 0.9354166662500001 0.275 0.9104166662500001 0.2859375 0.875 0.2765625 0.7479166662500001 0.259375 0.73333333375 0.2609375 0.775 0.25 0.76458333375 0.2578125 0.79375 0.2546875 0.80208333375 0.240625 0.80416666625 0.228125 0.76875 0.225 0.72916666625 0.23125 0.7166666662500001 0.2421875 0.7145833337499999 0.2421875 0.66666666625 0.215625 0.64375 0.1984375 0.64375 0.184375 0.65 0.184375 0.6625 0.1765625 0.6625
7 0.55 0.7236111099999999 0.5427083325000001 0.75 0.528125 0.76388889 0.525 0.73611111 0.5125 0.74305555625 0.48645833250000003 0.7277777775 0.4770833325 0.7402777775 0.4645833325 0.76805555625 0.409375 0.7847222225 0.3958333325 0.7875 0.3854166675 0.76944444375 0.37395833250000005 0.7555555562499999 0.3479166675 0.76666666625 0.3239583325 0.8 0.3197916675 0.82638889 0.29166666750000003 0.8277777775 0.296875 0.8513888900000001 0.3145833325 0.8527777775 0.3135416675 0.86666666625 0.32708333250000005 0.8805555562499999 0.34479166749999995 0.89444444375 0.35833333250000005 0.8791666662500001 0.3708333325 0.89444444375 0.39270833250000003 0.88194444375 0.4114583325 0.83333333375 0.4604166675 0.8083333337499999 0.4947916675 0.79305555625 0.5197916674999999 0.80555555625 0.5229166675 0.7888888900000001 0.5427083325000001 0.7763888900000001 0.5614583325 0.76111111 0.575 0.73055555625 0.55 0.7236111099999999
7 0.69375 0.25833333375 0.690625 0.27916666625000003 0.7015625 0.31041666625000003 0.7046875 0.40833333375 0.6890625 0.46458333375000005 0.6875 0.5104166662499999 0.6953125 0.52708333375 0.71875 0.54791666625 0.78125 0.52708333375 0.784375 0.50625 0.79375 0.49791666625 0.7828125 0.45 0.753125 0.41458333375 0.7421875 0.38541666625 0.7390625 0.325 0.759375 0.24166666625000002 0.753125 0.20416666625000002 0.7375 0.2 0.6921875 0.21666666625 0.6875 0.22708333374999998 0.69375 0.25833333375
7 0.303125 0.38958333375000004 0.2984375 0.39791666625 0.2984375 0.45833333375 0.33125 0.48958333375 0.3734375 0.50208333375 0.39375 0.48541666624999996 0.3890625 0.38333333375 0.415625 0.3375 0.4609375 0.29791666625 0.4609375 0.2875 0.44375 0.2625 0.4515625 0.24375 0.4296875 0.23125 0.409375 0.23125 0.3734375 0.2875 0.3328125 0.38125 0.303125 0.38958333375000004
7 0.5078125 0.6583333337499999 0.4109375 0.64375 0.396875 0.61875 0.3859375 0.6145833337500001 0.3578125 0.625 0.328125 0.625 0.3109375 0.6625 0.3015625 0.71875 0.2921875 0.72708333375 0.284375 0.76041666625 0.303125 0.775 0.3515625 0.77083333375 0.3796875 0.7458333337499999 0.39375 0.70416666625 0.4046875 0.69791666625 0.4453125 0.7 0.459375 0.725 0.5015625 0.73333333375 0.5234375 0.76041666625 0.575 0.74166666625 0.5921875 0.73125 0.6078125 0.70625 0.615625 0.64375 0.60625 0.625 0.575 0.61041666625 0.5546875 0.62708333375 0.5328125 0.62291666625 0.5078125 0.6583333337499999
7 0.44375 0.26666666625 0.4671875 0.30416666625 0.4640625 0.37083333375000005 0.4578125 0.38125 0.44375 0.46875 0.4296875 0.49166666625 0.415625 0.49791666625 0.43125 0.53125 0.43125 0.58125 0.465625 0.6 0.5125 0.5875 0.5328125 0.55416666625 0.5296875 0.42291666624999996 0.515625 0.38958333375000004 0.5171875 0.3625 0.5 0.3375 0.5265625 0.28125 0.5265625 0.26458333375 0.5015625 0.23333333374999998 0.5 0.21458333375 0.484375 0.2125 0.459375 0.225 0.44375 0.25625 0.44375 0.26666666625
7 0.5734375 0.1875 0.5546875 0.225 0.521875 0.22916666625 0.509375 0.23958333375 0.51875 0.2625 0.5203125 0.28958333375 0.5 0.33125 0.5 0.34375 0.5265625 0.41666666625 0.5484375 0.40208333375000005 0.6078125 0.40208333375000005 0.63125 0.39166666624999996 0.634375 0.38333333375 0.63125 0.32708333375000004 0.6515625 0.26875 0.653125 0.22916666625 0.6671875 0.18125 0.6640625 0.17083333374999998 0.621875 0.15833333375 0.6171875 0.13958333375 0.6078125 0.13958333375 0.5953125 0.17291666625000002 0.5828125 0.1875 0.5734375 0.1875
7 0.2583333325 0.3375 0.2677083325 0.33194444375000004 0.27604166750000003 0.30694444375 0.2854166675 0.35138889 0.290625 0.3375 0.3135416675 0.275 0.309375 0.26805555625 0.3145833325 0.2472222225 0.34479166749999995 0.2222222225 0.33020833250000003 0.20138889 0.309375 0.21388889 0.2875 0.22083333375 0.2770833325 0.26111111000000004 0.2572916675 0.22777777749999997 0.22083333249999998 0.22638888999999998 0.20625 0.24444444375 0.21041666750000002 0.27638889 0.21145833249999998 0.29861111 0.2145833325 0.31805555625 0.2239583325 0.33333333375 0.2447916675 0.3375 0.2583333325 0.34861111 0.2583333325 0.3375
7 0.265625 0.46388889 0.28125 0.49166666625 0.3010416675 0.4875 0.2958333325 0.44861111000000004 0.30208333249999997 0.38611111000000004 0.33125 0.38333333375 0.3510416675 0.3402777775 0.384375 0.26805555625 0.4 0.21805555625 0.3854166675 0.19583333374999998 0.37395833250000005 0.20555555625 0.3625 0.2 0.3479166675 0.22083333375 0.3208333325 0.24166666625000002 0.3104166675 0.26944444375 0.3145833325 0.28055555625 0.29375 0.32916666624999996 0.284375 0.36666666625 0.2802083325 0.3972222225 0.275 0.42916666625 0.265625 0.46388889
7 0.34270833250000005 0.60833333375 0.3625 0.61666666625 0.3697916675 0.59166666625 0.3791666675 0.59305555625 0.3947916675 0.56388889 0.40833333250000003 0.5416666662499999 0.4177083325 0.51805555625 0.3947916675 0.48611111 0.39166666749999995 0.50833333375 0.3854166675 0.53333333375 0.38125 0.50694444375 0.3635416675 0.5027777775 0.34166666749999997 0.4902777775 0.3333333325 0.49861111 0.3083333325 0.4722222225 0.29375 0.5097222225 0.296875 0.55555555625 0.2854166675 0.56111111 0.28645833249999997 0.5833333337500001 0.2802083325 0.6152777775 0.290625 0.63194444375 0.3135416675 0.6194444437500001 0.3104166675 0.5902777775 0.3145833325 0.5902777775 0.33125 0.60138889 0.34270833250000005 0.60833333375
7 0.4572916675 0.38055555625 0.4645833325 0.37361111 0.4635416675 0.3527777775 0.4635416675 0.30138888999999996 0.453125 0.30555555625 0.4135416675 0.33611111 0.4020833325 0.37361111 0.4114583325 0.4152777775 0.425 0.43333333375000005 0.42291666749999995 0.44444444375000003 0.43125 0.46944444375000005 0.43854166749999995 0.42638888999999996 0.4416666675 0.43472222250000003 0.446875 0.44444444375000003 0.453125 0.4125 0.4572916675 0.38055555625
7 0.2739583325 0.67361111 0.2677083325 0.6902777775 0.2625 0.6875 0.259375 0.7222222225 0.26875 0.74166666625 0.2802083325 0.74166666625 0.2875 0.7444444437500001 0.29166666750000003 0.7263888900000001 0.3 0.7166666662500001 0.309375 0.66666666625 0.284375 0.66805555625 0.2739583325 0.67361111
7 0.3125 0.6152777775 0.290625 0.6305555562499999 0.2739583325 0.6125 0.28645833249999997 0.59444444375 0.2822916675 0.57083333375 0.234375 0.57638889 0.2354166675 0.56388889 0.21666666750000002 0.5597222225 0.20625 0.56944444375 0.1729166675 0.57083333375 0.1604166675 0.60138889 0.175 0.62916666625 0.1916666675 0.65 0.2125 0.64305555625 0.22708333249999998 0.6541666662500001 0.240625 0.65555555625 0.2645833325 0.6638888900000001 0.30208333249999997 0.6638888900000001 0.30625 0.66944444375 0.321875 0.62638889 0.3125 0.6152777775
7 0.6239583325 0.48611111 0.621875 0.47638889 0.6260416675 0.44861111000000004 0.6322916675 0.4277777775 0.6333333325 0.39583333375 0.6114583325 0.39583333375 0.5885416674999999 0.40694444375000005 0.5645833325 0.39861111 0.55 0.4 0.534375 0.41388889 0.53125 0.42638888999999996 0.55625 0.47361111 0.5822916674999999 0.5055555562499999 0.6 0.5027777775 0.6239583325 0.48611111
7 0.64375 0.66944444375 0.6427083324999999 0.6375 0.628125 0.62638889 0.6135416674999999 0.64444444375 0.609375 0.6930555562499999 0.5979166674999999 0.7236111099999999 0.5770833325 0.7402777775 0.5614583325 0.76944444375 0.5875 0.7847222225 0.61875 0.7444444437500001 0.6333333325 0.70138889 0.64375 0.66944444375
7 0.684375 0.5652777775 0.6791666675000001 0.55 0.6604166675 0.55 0.6364583325000001 0.55 0.6177083325 0.5722222225 0.6096933225 0.6173437712500001 0.6270833325 0.6277777775 0.65625 0.64305555625 0.6770833325 0.61805555625 0.7020833325 0.5972222225 0.7020833325 0.56944444375 0.684375 0.5652777775
7 0.40625 0.6222222225 0.4145833325 0.61666666625 0.40416666749999997 0.6041666662499999 0.39166666749999995 0.58055555625 0.38125 0.59444444375 0.37291666749999997 0.59166666625 0.35833333250000005 0.61666666625 0.3510416675 0.6041666662499999 0.33125 0.6027777775 0.31875 0.6125 0.3479166675 0.6305555562499999 0.3802083325 0.6152777775 0.40625 0.6222222225
7 0.4614583325 0.59444444375 0.43125 0.5847222225 0.4333333325 0.52916666625 0.41979166749999997 0.51944444375 0.3989583325 0.56111111 0.4145833325 0.5972222225 0.4125 0.6222222225 0.41979166749999997 0.64583333375 0.45416666749999995 0.6472222225 0.4802083325 0.6513888900000001 0.48333333250000005 0.6305555562499999 0.5020833325 0.61111111 0.5083333325 0.59305555625 0.4760416675 0.59444444375 0.46875 0.62361111 0.4614583325 0.59444444375
7 0.6302083325000001 0.39583333375 0.6322916675 0.44166666624999995 0.6489583324999999 0.4472222225 0.665625 0.47638889 0.690625 0.4625 0.7041666675 0.4222222225 0.7052083324999999 0.38194444375000003 0.7020833325 0.33333333375 0.7020833325 0.3027777775 0.6875 0.28194444375 0.6572916675 0.2972222225 0.640625 0.2972222225 0.6333333325 0.3347222225 0.6302083325000001 0.39583333375
7 0.5291666675 0.62083333375 0.5520833325000001 0.5902777775 0.5864583325 0.54444444375 0.5770833325 0.5 0.5322916675 0.43333333375000005 0.528125 0.51805555625 0.53125 0.56666666625 0.49791666749999997 0.61388889 0.5125 0.62916666625 0.5125 0.60833333375 0.5260416674999999 0.5972222225 0.5291666675 0.62083333375
7 0.44375 0.6972222225 0.40520833250000005 0.69861111 0.39375 0.7111111099999999 0.37291666749999997 0.7472222225 0.39270833250000003 0.75694444375 0.4479166675 0.7458333337499999 0.46875 0.7375 0.45520833250000003 0.7138888900000001 0.44375 0.6972222225
7 0.61875 0.57083333375 0.64375 0.53333333375 0.675 0.4875 0.6895833324999999 0.46944444375000005 0.6677083325 0.47638889 0.6458333325 0.45138889 0.6239583325 0.4875 0.603125 0.51388889 0.5770833325 0.5027777775 0.5875 0.53194444375 0.603125 0.53194444375 0.5697916675 0.5652777775 0.5385416675 0.60138889 0.53125 0.61388889 0.534375 0.61805555625 0.5479166675 0.62361111 0.5791666675 0.6125 0.60625 0.62083333375 0.61875 0.57083333375
