13 0.376614605 0.325919445 0.5824234425 0.7841308562499999 0.5853485375 0.7630867875 0.38832908000000005 0.31513264625000004 0.3815025475 0.31568550875 0.376614605 0.325919445
13 0.42064367875 0.25269679125 0.4094430825 0.25991198375 0.49125827625 0.5439583925 0.5290162925 0.62332641125 0.42064367875 0.25269679125
13 0.3967261575 0.25250377 0.3866064 0.258869705 0.43780575 0.41770245625 0.44473878125 0.396426365 0.3967261575 0.25250377
13 0.38397775375000004 0.313279635 0.370963295 0.27870325375 0.3578297075 0.28311781750000004 0.55081931375 0.816762795 0.5631059875 0.8125214275 0.4149957525 0.40802028 0.377484785 0.3265304425 0.3788983575 0.31717652 0.38397775375000004 0.313279635
13 0.49460681125 0.8032442675 0.5009952125 0.8045885749999999 0.50617262 0.79986919 0.4931414125 0.69804428375 0.47904919375 0.679118655 0.49460681125 0.8032442675
13 0.26686754749999997 0.3998551925 0.2585373725 0.4136721825 0.51704688 0.7257885425 0.50401211 0.689495155 0.26686754749999997 0.3998551925
13 0.2191227275 0.3088649 0.212842355 0.31110361625 0.20800898499999998 0.31693225625 0.25868303875 0.40805074374999994 0.26680762999999996 0.39986223625 0.272551125 0.40416026000000005 0.2191227275 0.3088649
13 0.20951337625 0.26326953124999997 0.236535465 0.33770353999999997 0.2805799525 0.415979645 0.21966675500000002 0.2562910175 0.20951337625 0.26326953124999997
13 0.266298295 0.42368750875000005 0.463238555 0.78186082375 0.4619180525 0.7516990174999999 0.31732061625 0.48655127125 0.266298295 0.42368750875000005
13 0.40688943625 0.75414697875 0.4057237275 0.76833990625 0.41345412000000004 0.787057265 0.42278700375 0.782737555 0.32921840625000004 0.53915758125 0.2804382825 0.45258374500000004 0.39498021375000003 0.74399405375 0.40688943625 0.75414697875
13 0.36639971625 0.71858764875 0.37542640374999997 0.72796611125 0.49961490750000004 0.22981998375 0.494127835 0.2250579725 0.48252001749999995 0.22402371250000003 0.36639971625 0.71858764875
13 0.4733422325 0.18390223125 0.46948289875 0.18317861375 0.46216464 0.18480754125 0.45256274124999996 0.3404111225 0.453675765 0.3478035275 0.4685947925 0.28146458750000003 0.4733422325 0.18390223125
13 0.42603868624999996 0.27095287375 0.43819958999999997 0.31357252625 0.44212670875 0.19418947374999998 0.435163725 0.19149308 0.42881920625 0.19319479 0.42603868624999996 0.27095287375
13 0.46530353625 0.80969517375 0.47211393874999996 0.810204225 0.47648837125 0.8052446037500001 0.46054558749999996 0.5690395475 0.44355859625 0.523414515 0.46530353625 0.80969517375
3 0.40240102499999997 0.79199522 0.4047482375 0.7785637875 0.40635011 0.76208977 0.40513381000000004 0.75569323125 0.40359241124999995 0.7532548925 0.37878481999999997 0.73115624625 0.37218576124999997 0.7266804925 0.35895361625 0.7120845662499999 0.353062405 0.7020198449999999 0.3515376975 0.6902902525000001 0.35180796999999997 0.66276482625 0.35056111 0.65371100375 0.33939832875 0.6230078775 0.331860175 0.59058442625 0.32311612375000004 0.56072584 0.30423941374999997 0.5118567512500001 0.2976876025 0.50074702875 0.29571273875 0.50358629 0.29161086375 0.52020531875 0.28939282 0.55024015625 0.28434967125 0.5843782025 0.2645078225 0.67449261125 0.25336906625 0.7828469162499999 0.25423035250000003 0.81477129625 0.25634478625 0.837496845 0.2589704925 0.8509681062500001 0.26414692125 0.860647525 0.26964844875 0.8663687425000001 0.28840227875 0.8803817687500001 0.2929653575 0.8823822162499999 0.3046353 0.8766169975 0.33170471625 0.859059705 0.34759530499999997 0.8443174625000001 0.364068685 0.8345969062499999 0.3857011575 0.8196200987500001 0.39335678875 0.8112317 0.3987867975 0.8026769462500001 0.40240102499999997 0.79199522
3 0.63723753625 0.4713676725 0.6410448712500001 0.46136413 0.6436428412499999 0.4509383175 0.65463138375 0.42620528999999996 0.65684313875 0.41442311 0.65548098125 0.4007144175 0.642346155 0.35161076125 0.63400501 0.31381729125 0.62345211125 0.28780600125 0.6191363249999999 0.2858240375 0.60293039375 0.28925895749999997 0.578157475 0.29703165625 0.55912644 0.30456978625000003 0.5029787175 0.3368792175 0.4863156975 0.34890872500000003 0.48412063375000003 0.35139965125000006 0.47792859125 0.36620307250000006 0.4738913 0.3911238025 0.46891555875 0.4123237625 0.4724255325 0.430175495 0.5043967500000001 0.54075647625 0.51247326875 0.56359579125 0.516128455 0.56453275375 0.52617919375 0.56030588125 0.5433875125000001 0.54466650875 0.55426139875 0.53950553875 0.5598338012499999 0.53527580375 0.5727332675 0.52362873625 0.58897604625 0.5045984437500001 0.5938642225 0.50264069125 0.6125430675 0.49939061125 0.6233051199999999 0.492561905 0.6307405525 0.483825175 0.63723753625 0.4713676725
3 0.6447206175 0.59837138875 0.64774858625 0.57968084125 0.65084114 0.56929199625 0.65722628875 0.55516676 0.6786177600000001 0.5219188100000001 0.69022311875 0.50785189 0.6946167137499999 0.50585716625 0.6989325 0.50783913125 0.70220147125 0.5074197225 0.70114772125 0.499044085 0.70312258625 0.49620482125000004 0.72562892375 0.47664708125 0.7411603875 0.46021861999999997 0.7539007712500001 0.45353778875000006 0.7555470687499999 0.45166959375 0.7615800275 0.44183240625000003 0.76791099375 0.42836686999999996 0.77579658 0.40506128375000006 0.77706013 0.40482385625 0.7806951599999999 0.412064935 0.78544787875 0.41175643125 0.79345570125 0.39907998375 0.7925408762499999 0.39204223 0.7782890062500001 0.3747150825 0.7697352412499999 0.36677447125 0.72933789375 0.334549925 0.7104756975 0.32185630000000004 0.6968406462500001 0.31519525625 0.68906278 0.31295451625 0.6699942525 0.31186109500000003 0.6612883374999999 0.31486098625000003 0.656759285 0.31850495875 0.6525622649999999 0.32416499875 0.6439007775000001 0.34177071374999995 0.6422885049999999 0.34928332875 0.6455511875000001 0.36711657625 0.6555657225 0.40271200125 0.656788955 0.41508280999999997 0.65602692375 0.42133147625 0.65095950625 0.43455958250000004 0.6429551512499999 0.45022316500000004 0.63917837375 0.46288399124999996 0.632109 0.47928120999999996 0.6220415725 0.492799335 0.61731941125 0.49576512375 0.61086621125 0.4986015225 0.593891315 0.50231084125 0.5894706275 0.5046354125 0.558404235 0.53450519875 0.5484111475 0.541059505 0.52919740625 0.556880855 0.52132504125 0.56790805375 0.5171620475 0.57921251125 0.51799559875 0.5872398175 0.5249169337499999 0.60899716125 0.5290229225 0.6195921937500001 0.5333998262499999 0.626888725 0.5625301375 0.65694360375 0.5909422 0.68362604625 0.5959456762500001 0.68632316125 0.61017674375 0.6857275025 0.61380137375 0.68400717875 0.61714815125 0.67961108625 0.621074255 0.6772495475 0.6312639175 0.6743605587499999 0.6350781875 0.67033128625 0.6384722150000001 0.659301225 0.6447206175 0.59837138875
0 0.75854359125 0.52424232625 0.7642397599999999 0.4609480875 0.76318601125 0.45257244874999997 0.76066238125 0.4560344425 0.74476896875 0.492016475 0.7409852587500001 0.49870303374999997 0.7368695137500001 0.50337352375 0.7216089675 0.5165034825 0.7076217250000001 0.5141304925 0.6983024600000001 0.50945141375 0.69340734875 0.5054348975 0.6901383775 0.5058543050000001 0.6809177225 0.51512134875 0.6704404537499999 0.53060008875 0.66399765375 0.54239789125 0.66326271375 0.54831670875 0.663355035 0.58051548625 0.66539795 0.5889650625 0.6661370025 0.610260305 0.6663786475000001 0.6527583712499999 0.6708132025000001 0.6623823387500001 0.67243587625 0.66383112625 0.67930585125 0.6650083787500001 0.70161625875 0.666012245 0.72689763 0.67022505125 0.74371344375 0.67148196875 0.7539607562499999 0.6709204149999999 0.7566233112499999 0.6687963062500001 0.75963805625 0.6623841450000001 0.76040008875 0.65613547875 0.75854359125 0.52424232625
11 0.77992328625 0.81224852375 0.7753532725 0.8042738075 0.7718231425000001 0.7927261937500001 0.7712841324999999 0.77808340375 0.76669614125 0.7309460900000001 0.7662891225 0.711666915 0.7628437325 0.7021168862499999 0.7522574525 0.6946881025 0.73692192 0.6905549562500001 0.71870363375 0.6881975850000001 0.6912001075 0.686805555 0.63773792 0.68944696625 0.613676315 0.6946178325 0.604306335 0.6935855875 0.59631520375 0.69697078375 0.5885241125 0.70700843 0.58685419125 0.71219361125 0.58527659 0.74957756875 0.58278416375 0.7799237725 0.58161229 0.78813305625 0.57778133 0.8014535825 0.5737774175 0.8077918062499999 0.5721922374999999 0.81497457125 0.574482445 0.82344263125 0.5796012225 0.830794615 0.58941853625 0.83849779625 0.6035481712499999 0.84519580625 0.6224576175 0.8512554637499999 0.6408148287500001 0.85495071875 0.68128934 0.858971655 0.71997169375 0.85754863125 0.73609635125 0.85510326125 0.7551850362499999 0.849892565 0.7704525162500001 0.84273687375 0.77657368375 0.8378844049999999 0.7816209437499999 0.8309604187499999 0.783148475 0.82145022 0.77992328625 0.81224852375
6 0.25630117625 0.0897791475 0.25936034875 0.09797280875 0.26114621625 0.12166942374999999 0.2676618225 0.1726014425 0.27072857375000003 0.21099629875 0.27580703875 0.23095652 0.28603137125 0.25793887625 0.28995811875 0.2798042625 0.29032071 0.28447761499999996 0.288932105 0.29532569875 0.2854568025 0.30734530875 0.2820426175 0.32467948874999997 0.27596587625 0.3441377775 0.2723891425 0.3634510575 0.271586795 0.3823079625 0.27451397624999996 0.39513800875 0.2829461525 0.41667640624999996 0.28894572875 0.4254217275 0.32140959625 0.4633589025 0.35613311125 0.50710685125 0.36482580124999997 0.51638534625 0.39429508124999996 0.55443056125 0.39998971625 0.56082996375 0.4060941925 0.56526875125 0.40825869750000005 0.5601205375 0.4108226425 0.5440503062500001 0.42235930625 0.4944676225 0.42497396875 0.47475055625 0.42460790875 0.46709007 0.42118614375 0.454223055 0.40470800875 0.41250262499999996 0.397813765 0.39041543124999994 0.37405863500000003 0.32823857375000004 0.36763188125 0.30651819750000003 0.36289238625000003 0.2945483125 0.36211648500000004 0.28884844125000003 0.36565290625 0.2821434 0.3689489675 0.2813941425 0.3744775875 0.28678550999999997 0.38142601499999995 0.30821300375 0.40017008875000004 0.3374915525 0.40265340250000003 0.34663779624999996 0.40882593 0.36236542 0.41557085 0.37415332749999997 0.41914476125 0.37607983875 0.41999847 0.37780302499999996 0.4214822175 0.37791393 0.42169894999999996 0.37527512875 0.4193309375 0.3707837525 0.41893778625000005 0.36345311625 0.41289378125 0.34010197374999995 0.4105257675 0.3356106 0.39544317125 0.289016355 0.38849821 0.27057599499999996 0.38626911999999997 0.26742250500000003 0.37904002 0.2645590325 0.37219367 0.260064795 0.36878230625 0.25615918375 0.365560585 0.24994462124999997 0.36041753625 0.22168269625 0.35805581125 0.19893866500000001 0.33874846 0.13410738625000002 0.32408263750000005 0.091526795 0.3210741825 0.0796863 0.31868536625 0.057272117500000004 0.31650352625 0.0474846575 0.3109137875 0.03677872125 0.311878685 0.01594271625 0.308846605 0.007419205 0.30878272 0.00686183875 0.23513088499999998 0.00522513125 0.23368042625000002 0.01076145375 0.23970773999999997 0.04340385 0.24174718750000002 0.04886629 0.2465339325 0.0542022075 0.249975855 0.0607651025 0.24932912375000002 0.07166863875 0.25098929 0.08174898000000001 0.25630117625 0.0897791475
