17 0.03382949875 0.54698795125 0.03112314 0.5783132525 0.04330175875 0.6216867475 0.07577807875 0.6795180725000001 0.09742895750000001 0.69397590375 0.1380243575 0.70120481875 0.1407307175 0.6915662650000001 0.1312584575 0.6216867475 0.1136671175 0.575903615 0.1177266575 0.56144578375 0.1488497975 0.56385542125 0.1556156975 0.575903615 0.15967523625 0.5710843375 0.21786197625 0.6216867475 0.23004059500000001 0.624096385 0.238159675 0.5951807225 0.238159675 0.54457831375 0.20433017625000002 0.49397590375 0.20027063625 0.44096385499999996 0.19215155625000002 0.41927710875 0.1542625175 0.3951807225 0.1163734775 0.3951807225 0.08795669874999999 0.41445783124999996 0.05548037875 0.46506024125 0.03382949875 0.54698795125
17 0.23410013500000001 0.874698795 0.251691475 0.92289156625 0.29228687375 0.91807228875 0.3464140725 0.88433735 0.3775372125 0.8409638549999999 0.40595399249999997 0.83855421625 0.43301759124999994 0.8216867474999999 0.43166441125 0.8120481925 0.39377537250000005 0.8 0.269282815 0.8289156624999999 0.239512855 0.84819277125 0.23410013500000001 0.874698795
17 0.3964817325 0.7975903612499999 0.3897158325 0.83614457875 0.41271989124999997 0.83855421625 0.43843031125000004 0.82650602375 0.45466847125 0.7975903612499999 0.44790257125 0.7855421687499999 0.44790257125 0.742168675 0.43978349125 0.7132530125 0.39377537250000005 0.63614457875 0.3640054125 0.6289156625 0.3558863325 0.64337349375 0.35723951249999997 0.68192771125 0.3964817325 0.7975903612499999
17 0.20568335625 0.5036144575 0.24086603499999998 0.55662650625 0.259810555 0.60722891625 0.29364005375 0.66506024125 0.32205683375 0.7445783137499999 0.34370771375 0.76626506 0.33694181375 0.6746987950000001 0.33017591375 0.64819277125 0.33288227374999996 0.624096385 0.31664411375 0.58313253 0.29634641375000004 0.48433735 0.250338295 0.43132530125 0.20433017625000002 0.42650602374999996 0.19891745624999999 0.44337349375 0.19891745624999999 0.47710843375 0.20568335625 0.5036144575
17 0.29364005375 0.19036144624999998 0.31799729374999997 0.19759036125 0.33017591375 0.159036145 0.33288227374999996 0.108433735 0.32476319375 0.10602409625 0.269282815 0.13493975875 0.261163735 0.15662650625 0.29364005375 0.19036144624999998
17 0.53721244875 0.6987951812500001 0.58863328875 0.76385542125 0.6211096075 0.7807228912499999 0.6184032475 0.7927710837499999 0.58728010875 0.8289156624999999 0.57104194875 0.8698795174999999 0.55886332875 0.8795180725 0.56292286875 0.93975903625 0.55209742875 0.9783132525 0.56292286875 0.98072289125 0.5953991875 0.95180722875 0.71718538625 0.81927710875 0.8728010825 0.8530120487499999 0.9539918812499999 0.8409638549999999 0.94993234125 0.83132530125 0.91339648125 0.8168674699999999 0.7983761837500001 0.79036144625 0.752368065 0.7710843375 0.7496617050000001 0.7614457837499999 0.7631935049999999 0.73253012 0.7469553449999999 0.6746987950000001 0.733423545 0.6626506025000001 0.68200270625 0.73253012 0.5953991875 0.69397590375 0.53721244875 0.6987951812500001
17 0.55345060875 0.51084337375 0.54533152875 0.54939759 0.51826793 0.559036145 0.49120432999999997 0.624096385 0.49391069000000004 0.6626506025000001 0.50338295 0.6867469875000001 0.52368065 0.6963855425 0.56427604875 0.69397590375 0.5967523675 0.64819277125 0.6211096075 0.5879518075 0.69147496625 0.5373493975 0.6995940462500001 0.508433735 0.6373477675 0.43373494 0.6265223275 0.43132530125 0.5926928287500001 0.457831325 0.56156968875 0.508433735 0.55345060875 0.51084337375
17 0.57916102875 0.2867469875 0.6062246275 0.3036144575 0.6481732075 0.28915662625 0.70094722625 0.25301204875 0.7239512849999999 0.2216867475 0.725304465 0.2 0.71853856625 0.19036144624999998 0.67388362625 0.1783132525 0.5953991875 0.21686747 0.57780784875 0.257831325 0.57916102875 0.2867469875
17 0.43301759124999994 0.47710843375 0.51014885 0.4698795175 0.56427604875 0.40963855375 0.6238159675 0.29879518125 0.57916102875 0.274698795 0.5412719887499999 0.31084337375 0.50608931 0.3783132525 0.43301759124999994 0.47710843375
17 0.53585926875 0 0.53044655 0.012048192499999999 0.53856562875 0.03855421625 0.52232747 0.03373494 0.51014885 0.0626506025 0.46143437125 0.08915662625 0.44248985124999995 0.11566264999999999 0.43978349125 0.15180722875 0.46820027125 0.16626506 0.50338295 0.16626506 0.56968876875 0.15180722875 0.58863328875 0.16867469875000002 0.5953991875 0.20722891624999998 0.6211096075 0.21445783124999998 0.67929634625 0.19036144624999998 0.78213802375 0.1951807225 0.7983761837500001 0.1373493975 0.80514208375 0.13493975875 0.8660351824999999 0.23373494 0.8876860625 0.240963855 0.8714479025 0.19277108375000002 0.8728010825 0.16385542125 0.8511502025 0.10602409625 0.81461434375 0.0626506025 0.771312585 0.02650602375 0.732070365 0.021686747500000002 0.70635994625 0.03132530125 0.67794316625 0.0626506025 0.6468200275 0.05301204875 0.6224627875000001 0.0698795175 0.5994587275 0 0.53585926875 0
17 0.41136671125 0.1783132525 0.33423545375 0.19277108375000002 0.33423545375 0.23132530124999998 0.35047361250000003 0.23132530124999998 0.3585926925 0.2 0.3788903925 0.25542168625 0.3829499325 0.31084337375 0.3870094725 0.3132530125 0.3897158325 0.20722891624999998 0.39377537250000005 0.19277108375000002 0.4005412725 0.19277108375000002 0.41001353125 0.224096385 0.41813261124999995 0.23132530124999998 0.43301759124999994 0.2963855425 0.41948579125 0.4120481925 0.43978349125 0.43132530125 0.46008119125 0.41927710875 0.47496617 0.39036144624999997 0.48173206999999996 0.39036144624999997 0.47902571 0.41445783124999996 0.44384303125 0.45542168625 0.43437077125 0.47710843375 0.50338295 0.47228915625 0.52503383 0.45542168625 0.56833558875 0.39759036125 0.58728010875 0.33493975875 0.58728010875 0.29879518125 0.5805142087499999 0.26506024125 0.56156968875 0.23614457875 0.57104194875 0.20240963874999998 0.55615696875 0.1879518075 0.56021650875 0.15662650625 0.56833558875 0.14698795125 0.55751014875 0.14698795125 0.52774019 0.16144578375 0.45060893125 0.16144578375 0.41136671125 0.1783132525
17 0.07171853875 0.33493975875 0.02435724 0.36144578375 0.02435724 0.3879518075 0.08795669874999999 0.38554216875 0.1407307175 0.33253012 0.21244925625 0.30120481875 0.253044655 0.308433735 0.251691475 0.28433735 0.246278755 0.2795180725 0.19485791625 0.274698795 0.17185385625 0.28192771125 0.09336941875 0.240963855 0.07442489875 0.25060241 0.06901217875 0.2626506025 0.07171853875 0.33493975875
17 0.20297699624999999 0.2216867475 0.17997293625000002 0.2289156625 0.17185385625 0.24337349374999998 0.17185385625 0.257831325 0.18267929625 0.26506024125 0.20027063625 0.30120481875 0.20838971625 0.35662650625 0.243572395 0.40240963874999996 0.276048715 0.46265060249999995 0.28958051375 0.47228915625 0.29905277375 0.49397590375 0.33558863375000003 0.525301205 0.3585926925 0.56626506 0.3897158325 0.56626506 0.41136671125 0.6289156625 0.41677943125 0.63132530125 0.40324763249999995 0.525301205 0.44384303125 0.45542168625 0.42760487124999996 0.44337349375 0.41948579125 0.41686746999999996 0.42625169125 0.31807228875 0.41542625125 0.3301204825 0.40730717125 0.31566265 0.3870094725 0.33253012 0.3788903925 0.2626506025 0.3585926925 0.20240963874999998 0.34776725249999996 0.2457831325 0.21921515500000002 0.12771084375 0.19891745624999999 0.1710843375 0.20838971625 0.1951807225 0.20297699624999999 0.2216867475
17 0.15967523625 1 0.15696887625 0.9855421687499999 0.16644113624999998 0.9301204825 0.18809201625 0.8698795174999999 0.19891745624999999 0.87228915625 0.20568335625 0.92289156625 0.21244925625 0.92771084375 0.24221921500000002 0.85060241 0.25575101499999997 0.83132530125 0.29634641375000004 0.66024096375 0.24221921500000002 0.5542168675 0.238159675 0.575903615 0.24221921500000002 0.5951807225 0.231393775 0.624096385 0.224627875 0.624096385 0.16644113624999998 0.56385542125 0.1231393775 0.55180722875 0.1123139375 0.575903615 0.1299052775 0.6216867475 0.1407307175 0.6987951812500001 0.15967523625 0.7397590362500001 0.1407307175 0.7710843375 0.1271989175 0.7397590362500001 0.07848443875 0.7349397587500001 0.08389715875 0.78313253 0.0987821375 0.8337349399999999 0.09742895750000001 0.91807228875 0.1028416775 0.9734939762499999 0.0987821375 1 0.15967523625 1
17 0.7469553449999999 0.2457831325 0.734776725 0.24819277125 0.721244925 0.21445783124999998 0.71583220625 0.21445783124999998 0.69418132625 0.25060241 0.6427604875 0.29397590375 0.6441136675 0.33253012 0.65764546625 0.3542168675 0.6617050062500001 0.375903615 0.6400541275 0.40481927749999996 0.6387009475 0.43614457875 0.69418132625 0.51566265 0.68335588625 0.54457831375 0.65764546625 0.5373493975 0.6265223275 0.58072289125 0.5926928287500001 0.657831325 0.5926928287500001 0.69397590375 0.6522327475 0.7156626500000001 0.66982408625 0.66506024125 0.67794316625 0.66506024125 0.68741542625 0.68192771125 0.70365358625 0.68192771125 0.736129905 0.6506024100000001 0.7483085250000001 0.67710843375 0.769959405 0.7614457837499999 0.7767253049999999 0.7734939762499999 0.7889039237500001 0.7734939762499999 0.79431664375 0.759036145 0.7889039237500001 0.7228915662500001 0.8064952637499999 0.7132530125 0.81055480375 0.6795180725000001 0.84167794375 0.6795180725000001 0.8660351824999999 0.66024096375 0.8917456025 0.60722891625 0.9025710425 0.6216867475 0.91069012125 0.61686747 0.9066305812500001 0.58313253 0.91745602125 0.57349397625 0.91880920125 0.5204819275 0.92557510125 0.48674698749999995 0.9025710425 0.4216867475 0.8971583225 0.31084337375 0.8863328825000001 0.274698795 0.8457374824999999 0.23614457875 0.8443843025 0.2048192775 0.82949932375 0.1710843375 0.79972936375 0.14939759 0.78213802375 0.20240963874999998 0.761840325 0.21927710874999998 0.7469553449999999 0.2457831325
17 0.80920162375 0.67710843375 0.81326116375 0.7349397587500001 0.81867388375 0.74939759 0.90798376125 0.775903615 0.95534506125 0.8120481925 0.99052774 0.8096385537499999 0.99594046 0.7349397587500001 0.9918809199999999 0.708433735 0.94181326125 0.6963855425 0.92151556125 0.6746987950000001 0.9052774024999999 0.640963855 0.8782138025 0.61927710875 0.8619756425 0.66024096375 0.8484438425 0.67228915625 0.80920162375 0.67710843375
