2 0.77229437 0.47383407125 0.7456789387499999 0.45846574250000005 0.7127365887499999 0.45782413750000006 0.67622265 0.473455195 0.65700366375 0.5022712175 0.647105155 0.533270605 0.64722677625 0.5511802674999999 0.66752531125 0.62218567375 0.6819483225 0.63637021375 0.68886830875 0.6498262724999999 0.71882712375 0.6744681450000001 0.74532093125 0.6719268125000001 0.77351057375 0.652930695 0.7968309000000001 0.6168423712500001 0.8120601437499999 0.5722979575 0.8124632625 0.54293348 0.8041922562499999 0.517840485 0.77229437 0.47383407125
2 0.6323104275 0.19816701875 0.60546679375 0.208344895 0.57686902375 0.23625031375 0.56327730625 0.26561270125 0.5557893150000001 0.32624974625000003 0.5808305324999999 0.37598252375 0.6153038275 0.40489797000000005 0.65750835125 0.40899569625 0.68523156125 0.40018163625 0.7118369649999999 0.37463961375 0.73158069125 0.334368775 0.7354387875 0.2912771475 0.724995495 0.2519106425 0.7028312275 0.22163346874999998 0.66613235125 0.20017244375 0.6323104275 0.19816701875
2 0.53940718125 0.21087995750000002 0.51665486125 0.1728751775 0.4949620375 0.15287112375 0.48106877625000005 0.1476869425 0.45299073125 0.14368236874999998 0.43013182625 0.14913345875 0.421870845 0.1649508175 0.3838359875 0.19321838625 0.371415365 0.217580805 0.36667268125 0.23885343625 0.36744567250000004 0.2836731225 0.38645149 0.34176883625000004 0.409670245 0.36959155625 0.44103337000000004 0.38414243 0.47971959875000003 0.382784885 0.50767602375 0.36887979875 0.530646525 0.34042801625 0.54558425 0.30224738875 0.5480913275 0.2475188275 0.53940718125 0.21087995750000002
2 0.43593585124999995 0.39259642874999995 0.40492255 0.37040901125 0.38176711124999996 0.36176870875 0.36306784875 0.35867474 0.33739531 0.36385264874999995 0.31295718125 0.3832130075 0.29871910625000003 0.4061205475 0.29415634625 0.44403008374999997 0.2918975225 0.5550331475 0.2996970825 0.56985302375 0.3234988775 0.58494817125 0.36459061125 0.59277310625 0.40696503624999997 0.57259738375 0.4326325625 0.54696429875 0.4527844175 0.49778416 0.45382887875 0.4544193525 0.44590769874999997 0.42168981625 0.43617407874999997 0.40796057625000004 0.43593585124999995 0.39259642874999995
2 0.6660175850000001 0.44945283750000004 0.675099835 0.4362720525 0.6764458425 0.42745381125000004 0.67204797125 0.42063472375000005 0.61952678625 0.41553533125000003 0.60012286125 0.4072592725 0.5756747099999999 0.38570927875000005 0.55503136 0.34279559125 0.54659045625 0.34197604624999994 0.53498609125 0.34851986250000005 0.507797645 0.38678946000000003 0.46958787375 0.4188753 0.45465015000000003 0.4570559275 0.45594787750000004 0.49042079875 0.4867912775 0.53688166625 0.5050241075 0.55015769375 0.57975784 0.5433511475 0.610586205 0.528446485 0.6469202175 0.4961785225 0.6660175850000001 0.44945283750000004
2 0.5817169612499999 0.6445363962499999 0.5514083225 0.6275310675 0.53364694 0.62452815875 0.52309706125 0.62861752125 0.521925965 0.63361749125 0.5460825975 0.66153127125 0.56056892625 0.69489823125 0.55900474 0.77017303125 0.54213295375 0.8094442937499999 0.51541094 0.8375318337500001 0.5189875399999999 0.8417143475000001 0.55028735 0.83708280375 0.57941487 0.8181777474999999 0.6015057975 0.78836214875 0.614859285 0.74363561375 0.6136198625 0.708997985 0.604644195 0.6787229025000001 0.5817169612499999 0.6445363962499999
2 0.5713269587500001 0.58344195625 0.5682167925 0.569077385 0.5493426175 0.5698016874999999 0.531756145 0.5629805075000001 0.5238399775 0.5507061475 0.4888419475 0.533245515 0.4729513075 0.5099695525 0.4610453975 0.48196680125 0.45717727500000005 0.4841480725 0.44909622125 0.5166023375000001 0.43661729375 0.5422375125 0.44448016875 0.5762398075 0.463889105 0.6049710425 0.47297636750000005 0.6122454350000001 0.51102125125 0.62488822 0.53663548625 0.62098307 0.5570305812499999 0.60762225375 0.5713269587500001 0.58344195625
2 0.49056284125 0.6190666137499999 0.45961285500000004 0.616061615 0.4297806725 0.6297845825 0.4048761125 0.659327 0.3868332325 0.7035982312500001 0.39306359125 0.7732377300000001 0.40215586625 0.80096729875 0.42256098375 0.8285168375 0.4555083475 0.84961362 0.48370300125 0.85107268 0.526898695 0.8335335325 0.55274113625 0.8040821762500001 0.56609462375 0.75935564 0.56760552 0.7058087749999999 0.56291111625 0.684898295 0.5246229925 0.63643618625 0.49056284125 0.6190666137499999
2 0.4294108 0.55560041875 0.397591265 0.59214195625 0.3621318125 0.6053185575 0.34408392 0.629134615 0.34778214124999995 0.65122679 0.371239125 0.69441365875 0.37968003000000006 0.69523320375 0.37927190000000005 0.70414250375 0.3888889125 0.7204172575 0.39375321625 0.71705428875 0.41706853000000005 0.6605107875 0.44291097 0.6310594300000001 0.46242649 0.6163347975 0.46125038250000006 0.60087959 0.43591764375 0.5575106012500001 0.4294108 0.55560041875
2 0.64685373125 0.703275805 0.65717039375 0.70427747125 0.6643819000000001 0.71136974375 0.6814919150000001 0.6874626275 0.693499395 0.6515543312500001 0.66752531125 0.62218567375 0.6571453325000001 0.6020015875 0.64921914125 0.54881687375 0.653432075 0.51854388 0.65160961 0.496633825 0.6469202175 0.4961785225 0.62705487375 0.5185396987499999 0.62048972625 0.517902275 0.59024941375 0.54053454125 0.5692662675 0.54616775375 0.5393707675 0.5407083 0.5383795975000001 0.56234517375 0.56733721875 0.56771356625 0.5879755525 0.59017207625 0.5872176 0.60671792 0.5801860175 0.616262555 0.57913654375 0.6391721862499999 0.61209393 0.7011793199999999 0.63272725375 0.70318265375 0.64521119125 0.6980026549999999 0.64685373125 0.703275805
2 0.72801912625 0.39155178999999996 0.7110156974999999 0.3720030375 0.68646096 0.39390891125000005 0.66325223125 0.406996545 0.663723675 0.41726966249999997 0.6692343362500001 0.42036154125 0.66841807875 0.43818014125 0.6555310237499999 0.47272462 0.65254748875 0.49672488625 0.65993390625 0.49999888499999995 0.66889954875 0.489363615 0.6811502712499999 0.489274645 0.6949802162500001 0.47527640624999995 0.7103944 0.46782407374999996 0.74919723625 0.46392101375000006 0.742505455 0.42491875125 0.72801912625 0.39155178999999996
