11 0.3003164275 0.56653106375 0.33112562124999995 0.555215515 0.44737322749999997 0.53799561 0.506755235 0.5320241262500001 0.52374394875 0.52899346 0.5394703275 0.5235683175 0.54482536625 0.515090825 0.5430038562499999 0.43029524875 0.53803801625 0.37730950375 0.5366782987500001 0.30371483375 0.52662180375 0.24359109875 0.5110606675 0.23925656625 0.4843772275 0.23774820875 0.2653067975 0.24879836 0.2340523325 0.247937035 0.2269235875 0.24574704625 0.2211645875 0.23960774625 0.2133592325 0.23890443125000002 0.2028143925 0.24609974125 0.18837513749999998 0.25245540875 0.17626226375 0.2753116425 0.17611354625 0.28409535125 0.18116288874999997 0.29367325875 0.18221041 0.30875531500000003 0.18744537125000002 0.49974959124999996 0.18710662500000003 0.5197569275 0.18360790999999999 0.5340220625 0.1878980225 0.54996648125 0.2013219225 0.5651048212500001 0.21034830124999998 0.5706425325 0.22920160125 0.57291152625 0.28071215875 0.5701405975 0.3003164275 0.56653106375
10 0.21151446125 0.8095728275 0.2194106975 0.80490832125 0.23697687625 0.80624678875 0.24746388249999998 0.8024673649999999 0.27079820625 0.7709291500000001 0.28268800250000004 0.76124848 0.28682201875 0.74793659 0.3914211925 0.6491898275 0.39943309875 0.6376935475 0.40285745749999996 0.62782026625 0.41471420625 0.62009153 0.41936785125 0.61456466125 0.43285873 0.5872711312500001 0.43300744874999997 0.57848742375 0.42987226375 0.57128127125 0.4234944875 0.5632127575 0.411902125 0.55532601125 0.39507039125 0.549084985 0.3827105375 0.5480527325 0.35398074375 0.5519803600000001 0.348073025 0.55462476875 0.32491220374999996 0.57591532375 0.31887229125 0.58636747375 0.31539836125 0.5991686575 0.29757605875 0.6129576875 0.23914892625 0.7164350475000001 0.23366169 0.7327202812500001 0.21652425749999998 0.74453465625 0.19321472125 0.77460892 0.19230677375 0.78975913875 0.19936115875 0.79634098125 0.19920418 0.8056126725 0.20304076 0.8098682012499999 0.21151446125 0.8095728275
10 0.92582918125 0.82807842 0.92856040625 0.82066777875 0.92409679 0.81497102 0.9241711475 0.81057916625 0.93350322625 0.7980614762499999 0.9335610599999999 0.7946455899999999 0.92845388125 0.7884835687499999 0.916201435 0.7811075275 0.89951015625 0.76657077625 0.8704920712499999 0.7490498375 0.766194745 0.6375891875 0.7442310462499999 0.6266500912499999 0.7219625325 0.59523839625 0.68827427875 0.5842202950000001 0.67135166125 0.58334709 0.6464501875 0.59201823 0.6450308712499999 0.598895445 0.65295013 0.66982298625 0.6632718925000001 0.67580323875 0.67280964125 0.6896139537499999 0.6992039074999999 0.7082017437499999 0.7894924925 0.762114905 0.8087828 0.77704875625 0.8234938225 0.79311762125 0.8377265250000001 0.7989615487499999 0.87629061875 0.8298052174999999 0.887338565 0.83137089625 0.9069758824999999 0.8258094275000001 0.9166788699999999 0.82986046625 0.92582918125 0.82807842
10 0.7232835862500001 0.5556889875000001 0.7442080249999999 0.551058045 0.752756085 0.5463708175 0.75349052875 0.5414682574999999 0.74354055875 0.51352873375 0.73841685625 0.50834268 0.73467942125 0.49823134625000004 0.73311227 0.47536427125 0.72043195875 0.41630738875 0.7045660075000001 0.39150025624999996 0.692008745 0.36365161625 0.6875203412499999 0.35941881000000003 0.6675773275 0.38303567875 0.64619021 0.41499371500000004 0.642698875 0.46729886625 0.65958844375 0.47012400625 0.66279798625 0.47293830375 0.6567085 0.48631835500000004 0.6642577300000001 0.50214916875 0.67066029375 0.50875373125 0.6749751912499999 0.52323419875 0.67218613375 0.53406072625 0.68477644375 0.55995743125 0.6932170987499999 0.5616139925 0.70170732375 0.5603426524999999 0.70959529875 0.55616612875 0.7232835862500001 0.5556889875000001
13 0.60730934125 0.48558211874999996 0.591512345 0.50891295125 0.5245842875000001 0.9418529212500001 0.543308165 0.94339557125 0.60730934125 0.48558211874999996
13 0.60078242 0.794309875 0.62014853375 0.7958252849999999 0.6442776487499999 0.41892564 0.62617391125 0.43994859875000003 0.60078242 0.794309875
13 0.6854390075000001 0.9561988075 0.6379574 0.52969680625 0.6301960675 0.62911596625 0.6638854575 0.958943175 0.66424168 0.95912282375 0.6854390075000001 0.9561988075
13 0.56932620125 0.91597048625 0.57432237 0.913016585 0.6185627975 0.538905835 0.60677612625 0.55424560875 0.55004704875 0.91046530625 0.56025293875 0.91628675875 0.56932620125 0.91597048625
13 0.3472657825 1 0.5660863375 0.6670516725 0.57008583375 0.63370804125 0.32345417 0.99744733 0.32757749500000005 1 0.3472657825 1
13 0.57983962375 0.56552275625 0.43679630750000004 0.772470085 0.38964076249999996 0.85193414 0.3566326575 0.90664208875 0.3497959325 0.9057134037500001 0.3310443325 0.9278397862500001 0.35175936625 0.9369204587500001 0.5748163725 0.6033354325 0.57983962375 0.56552275625
13 0.6162964025000001 0.45630014125 0.5911445075 0.49281922 0.5511462975 0.54861493375 0.53373302125 0.5797737425 0.47038341250000004 0.68543303625 0.34000127874999997 0.89628929375 0.339084085 0.90107453125 0.35684109124999996 0.9057835525 0.550040475 0.5843542075 0.6258151000000001 0.45596834125 0.62653214125 0.443187145 0.6162964025000001 0.45630014125
13 0.42994131125 0.72006461 0.7243899687500001 0.29933216 0.71866337125 0.29492910250000004 0.7097512349999999 0.29728538375 0.4157564225 0.7144035775 0.42994131125 0.72006461
13 0.14186081125 0.9623648425 0.1598997975 0.9698581787499999 0.54470908375 0.5237054400000001 0.52083883375 0.53135063625 0.14186081125 0.9623648425
13 0.63531970125 0.36559978875 0.591932025 0.45355113125 0.5781392575000001 0.48525068 0.61360877125 0.43652712250000003 0.70757281 0.26318383 0.70219103875 0.2584602025 0.69010773125 0.2579787375 0.63531970125 0.36559978875
13 0.58686899625 0.43102306 0.55814683375 0.4916513125 0.54010216625 0.53680253125 0.57620236 0.48780150999999994 0.6510117624999999 0.31958848125 0.6439812425 0.31539906500000003 0.6379417775 0.31557285375 0.58686899625 0.43102306
13 0.65125242875 0.26888028875 0.6369978675 0.315955685 0.64502694875 0.3145607125 0.6509672025000001 0.31875333125 0.6646310825 0.27134706625 0.66411239125 0.26895579375 0.6619115925 0.2668326675 0.6563022475 0.26786623 0.65125242875 0.26888028875
13 0.6281941262499999 0.27909962125 0.6261017975000001 0.27575054125000004 0.6202020625 0.27515101375 0.61218702 0.27622064749999997 0.55158873125 0.50392337125 0.5880765725 0.4273045925 0.6281941262499999 0.27909962125
13 0.54430226625 0.28377290250000003 0.549312765 0.51141930125 0.56367637625 0.4563677175 0.56182812875 0.2799412925 0.5532507325 0.27883120125 0.54430226625 0.28377290250000003