16 0.027196652499999998 0.32328767124999996 0.047419805 0.34109589 0.0732217575 0.35547945249999996 0.08647140874999999 0.35273972625 0.09344490875 0.343150685 0.147838215 0.306849315 0.15829846625 0.2965753425 0.15481171500000002 0.25547945250000004 0.11227336125000001 0.22671232875000003 0.09693166 0.2191780825 0.00976290125 0.27465753374999996 0.0195258025 0.31986301375 0.027196652499999998 0.32328767124999996
16 0.16317991625 0.297945205 0.20223152 0.31506849375 0.20990237125 0.31301369875 0.23500697375000001 0.31506849375 0.247559275 0.2760273975 0.26220362625 0.27123287625 0.2712691775 0.26506849375 0.2768479775 0.25890411 0.2775453275 0.24931506875 0.22663877249999997 0.22465753374999997 0.21129707125 0.22260274 0.20711297125000003 0.21575342500000003 0.18619246875 0.20753424625 0.152022315 0.23904109625 0.15829846625 0.29246575375 0.16317991625 0.297945205
16 0.245467225 0.23356164375 0.24965132499999998 0.238356165 0.244769875 0.24726027375 0.22663877249999997 0.265753425 0.22594142250000002 0.26986301375 0.2287308225 0.27191780875 0.23849372375000003 0.270547945 0.26499302625 0.24520548 0.2775453275 0.24931506875 0.2761506275 0.26643835625 0.28312412875 0.26643835625 0.30753138125 0.21506849375 0.32357043249999995 0.21301369874999998 0.32217573250000003 0.19589041125 0.25941422625 0.16780821875000002 0.20781032124999999 0.21575342500000003 0.21338912125 0.220547945 0.245467225 0.23356164375
16 0.11018131125 0.8541095887500001 0.10390516 0.8958904112499999 0.21129707125 0.9 0.2691771275 0.86849315125 0.2796373775 0.8582191775 0.28730822875 0.78561643875 0.28591352875 0.7561643837500001 0.13807531375 0.7513698625 0.1283124125 0.77876712375 0.1227336125 0.81095890375 0.11018131125 0.8541095887500001
16 0.4797768475 1 0.53417015375 0.92328767125 0.53207810375 0.9171232874999999 0.5209205025 0.9054794525 0.48953974875 0.8828767125 0.46304044625 0.85753424625 0.450488145 0.8486301374999999 0.44560669500000005 0.847945205 0.34588563499999997 0.97328767125 0.347280335 0.9815068487499999 0.3702928875 1 0.4797768475 1
16 0.28172942875 1 0.346582985 0.9541095887500001 0.352859135 0.9287671237499999 0.352859135 0.915753425 0.31241283124999997 0.84109589 0.30822873125 0.84109589 0.16387726625 0.929452055 0.16875871750000002 0.970547945 0.18410041875000002 1 0.28172942875 1
16 0.39191073875 0.7123287675000001 0.38842398875 0.71849315125 0.34588563499999997 0.715753425 0.33960948375 0.7191780824999999 0.33612273375 0.7335616437500001 0.33612273375 0.75958904125 0.350069735 0.77671232875 0.354253835 0.788356165 0.38354253875 0.83561643875 0.38912133875000005 0.85 0.40516039 0.870547945 0.41213389125 0.86849315125 0.44211994375 0.8486301374999999 0.46513249625 0.829452055 0.48396094875 0.8191780824999999 0.48884239874999996 0.81438356125 0.49372384875 0.7986301374999999 0.5013947000000001 0.7869863012499999 0.43165969375 0.67739726 0.4239888425 0.670547945 0.39679219000000004 0.68493150625 0.39191073875 0.702054795 0.39191073875 0.7123287675000001
16 0.18410041875000002 0.42602739749999996 0.18619246875 0.44794520499999996 0.19316596874999997 0.45342465750000005 0.22663877249999997 0.4554794525 0.23152022375 0.44726027375 0.23361227375 0.43287671250000004 0.2775453275 0.39452054750000004 0.2782426775 0.38493150625 0.2733612275 0.36986301374999997 0.254532775 0.3465753425 0.23570432375 0.3171232875 0.2294281725 0.31438356125 0.20850767125 0.31369863 0.20083682 0.329452055 0.18549511875 0.4 0.18410041875000002 0.42602739749999996
16 0.46304044625 0.85958904125 0.53207810375 0.920547945 0.53207810375 0.9260273975 0.5251046025 0.9376712325 0.5299860525 0.94520548 0.548814505 0.93150684875 0.6059972100000001 0.8691780825 0.60808926125 0.861643835 0.63807531375 0.83493150625 0.652022315 0.8102739725000001 0.649930265 0.80273972625 0.63877266375 0.7945205475 0.6227336125 0.770547945 0.6039051599999999 0.76095890375 0.5781032075 0.73561643875 0.5739191075 0.73561643875 0.4755927475 0.8280821912499999 0.46025104624999996 0.85068493125 0.46304044625 0.85958904125
16 0.59065550875 0.89041095875 0.59553696 0.9034246575 0.61576011125 0.9260273975 0.63947001375 0.94109589 0.6471408649999999 0.9541095887500001 0.66736401625 0.9719178087500001 0.6854951187499999 0.956849315 0.7287308225 0.8965753424999999 0.7482566250000001 0.8726027399999999 0.75941422625 0.8636986299999999 0.7775453274999999 0.83219178125 0.7768479775 0.82260274 0.7726638775000001 0.81780821875 0.76847977625 0.81780821875 0.744072525 0.8006849312500001 0.70571827 0.76780821875 0.69316596875 0.7602739725000001 0.6220362625 0.84589041125 0.60669456125 0.8602739725 0.59065550875 0.89041095875
16 0.71617852125 0.7780821912499999 0.7245467225 0.7869863012499999 0.7754532775 0.8260273975 0.78451882875 0.8198630137499999 0.79776848 0.7993150687499999 0.81311018125 0.7828767125 0.8702928875000001 0.6917808225000001 0.8702928875000001 0.6876712325 0.8577405862499999 0.67671232875 0.8138075312499999 0.64520548 0.80753138125 0.64383561625 0.78870292875 0.6664383562499999 0.71478382125 0.77260274 0.71617852125 0.7780821912499999
16 0.8305439325 0.6458904112499999 0.83403068375 0.6595890412500001 0.8688981875 0.6876712325 0.86331938625 0.7054794525 0.8800557875 0.72534246625 0.93375174375 0.7006849312500001 0.9839609487500001 0.6431506849999999 0.93444909375 0.5760273975 0.9232914925 0.56438356125 0.9191073925000001 0.56438356125 0.8702928875000001 0.58561643875 0.850767085 0.620547945 0.8305439325 0.6458904112499999
16 0.28800557875 0.706849315 0.3284518825 0.7130136987500001 0.33612273375 0.71643835625 0.38842398875 0.7191780824999999 0.39121338875 0.71506849375 0.39330543874999996 0.679452055 0.41283124125 0.5582191774999999 0.31241283124999997 0.5445205475 0.28382147875 0.670547945 0.28591352875 0.7041095887500001 0.28800557875 0.706849315
16 0.12133891249999999 0.6753424662499999 0.1304044625 0.6828767125 0.1694560675 0.69520548 0.18200836875 0.7034246575 0.20153417 0.70958904125 0.21617852124999998 0.7123287675000001 0.255927475 0.7109589037499999 0.26290097625000003 0.7054794525 0.28242677875 0.67328767125 0.28242677875 0.66506849375 0.29288702875 0.6356164387500001 0.29218967875 0.62739726 0.29776848 0.60479452 0.1694560675 0.55616438375 0.11366806125000001 0.6431506849999999 0.11506276124999999 0.6568493150000001 0.12133891249999999 0.6753424662499999
16 0.73291492375 0.5623287675 0.7775453274999999 0.57260274 0.8277545325 0.57876712375 0.8528591350000001 0.5397260275 0.83821478375 0.43561643875 0.8270571825 0.43013698625 0.7873082287500001 0.42534246625 0.7747559275 0.42123287625000005 0.7719665274999999 0.41780821875 0.76290097625 0.4171232875 0.746861925 0.42123287625000005 0.7294281725 0.46369863 0.73291492375 0.5623287675
16 0.5278940025 0.461643835 0.546722455 0.48493150625 0.550906555 0.4945205475 0.6192468625 0.48904109625 0.63737796375 0.484246575 0.6736401675 0.48013698625 0.68131101875 0.39589041125 0.6589958162499999 0.37260274000000004 0.651324965 0.36712328749999995 0.646443515 0.36712328749999995 0.5690376575 0.37191780874999997 0.53138075375 0.37739725999999996 0.5278940025 0.461643835
16 0.41073919125 0.5739726025 0.39748954 0.65 0.39609484 0.6787671237499999 0.40516039 0.6787671237499999 0.4232914925 0.67123287625 0.43096234250000004 0.6760273975 0.446304045 0.6760273975 0.50976290125 0.66780821875 0.5264993025 0.66369863 0.53556485375 0.6554794525 0.54184100375 0.6534246575 0.54184100375 0.63630137 0.5292887025 0.59931506875 0.5230125525 0.5554794525 0.5209205025 0.55273972625 0.5041841 0.55273972625 0.46304044625 0.5541095887499999 0.4198047425 0.56780821875 0.41073919125 0.5739726025
16 0.346582985 0.44109589 0.3214783825 0.46849315124999996 0.32008368249999997 0.47534246625000004 0.3228730825 0.4897260275 0.34449093499999994 0.5486301375 0.40934449125 0.556849315 0.41283124125 0.55890411 0.41422594125 0.56780821875 0.4211994425 0.56849315125 0.44909344500000004 0.55890411 0.452580195 0.52876712375 0.44560669500000005 0.5013698625 0.43793584375 0.48904109625 0.43096234250000004 0.45410958874999996 0.42189679249999995 0.42808219125 0.41771269125000005 0.42328767125 0.40725244125000004 0.42328767125 0.3807531375 0.43219178125 0.3723849375 0.43150684875 0.346582985 0.44109589
16 0.21408647125000002 0.56643835625 0.21129707125 0.5698630137499999 0.247559275 0.5863013699999999 0.2768479775 0.59589041125 0.29776848 0.58356164375 0.29218967875 0.54109589 0.2810320775 0.5342465750000001 0.250348675 0.50068493125 0.248256625 0.49246575375 0.20641562125000001 0.5191780825 0.21408647125000002 0.556849315 0.21408647125000002 0.56643835625
16 0.29218967875 0.54041095875 0.29497908 0.5465753425 0.29776848 0.5808219175 0.30195257999999997 0.58561643875 0.31241283124999997 0.54520548 0.34100418374999997 0.547945205 0.34239888375 0.5445205475 0.33682008375 0.53356164375 0.33403068374999995 0.51780821875 0.31450488125 0.5013698625 0.29288702875 0.47739726 0.29079497875 0.47191780875 0.253835425 0.49520548 0.253138075 0.49794520499999995 0.29218967875 0.54041095875
16 0.251743375 0.49589041125 0.29079497875 0.47328767125 0.30125523 0.47876712374999997 0.30753138125 0.47671232875 0.3249651325 0.46506849375000003 0.343793585 0.44315068500000004 0.343793585 0.4397260275 0.33333333375 0.4308219175 0.28382147875 0.39383561624999996 0.27894002749999997 0.393150685 0.23012552249999998 0.43356164375 0.2308228725 0.47739726 0.251743375 0.49589041125
16 0.60808926125 0.6513698625000001 0.60111576 0.66369863 0.60181311 0.6719178087500001 0.61854951125 0.7075342462499999 0.6199442125 0.7246575337500001 0.6311018125 0.75890411 0.6436541137499999 0.7739726025 0.65760111625 0.78356164375 0.6806136675000001 0.770547945 0.69107391875 0.76095890375 0.7029288699999999 0.76438356125 0.7126917712499999 0.7636986299999999 0.7336122737499999 0.7363013700000001 0.7252440725 0.7109589037499999 0.6806136675000001 0.63013698625 0.6715481175 0.6150684937500001 0.66736401625 0.61369863 0.61018131125 0.63698630125 0.60739191125 0.64041095875 0.60808926125 0.6513698625000001
16 0.5788005574999999 0.33150684875 0.58786610875 0.34246575375 0.59483961 0.36986301374999997 0.651324965 0.36780821875 0.6820083687499999 0.39589041125 0.68828451875 0.39452054750000004 0.7029288699999999 0.38356164375 0.70850767125 0.38219178125 0.71548117125 0.37465753375 0.71129707125 0.36369863 0.71408647125 0.32671232875 0.6820083687499999 0.29383561625 0.63668061375 0.2602739725 0.6283124125 0.25890411 0.5983263600000001 0.279452055 0.58577405875 0.29726027375 0.5788005574999999 0.33150684875
16 0.45676429625 0.70616438375 0.45746164624999996 0.715753425 0.48047419750000003 0.7554794524999999 0.49302649875 0.77123287625 0.54044630375 0.7623287675 0.5753138074999999 0.73493150625 0.61645746125 0.7171232875 0.61785216125 0.7054794525 0.58856345875 0.6445205475 0.58437935875 0.64383561625 0.48047419750000003 0.6780821912499999 0.46373779625 0.6869863012499999 0.45676429625 0.70616438375
16 0.43514644375000006 0.28561643875000003 0.4232914925 0.29315068499999997 0.4198047425 0.31095890375 0.4253835425 0.3376712325 0.447698745 0.38013698625000003 0.4762900975 0.3691780825 0.48814504875 0.36780821875 0.4972106 0.35958904124999996 0.50069735 0.35205479500000003 0.53905160375 0.34246575375 0.555090655 0.3328767125 0.5697350075 0.3034246575 0.5697350075 0.29726027375 0.5578800562499999 0.27328767125 0.551603905 0.26849315125 0.53835425375 0.24657534250000002 0.53347280375 0.24589041125000002 0.50836820125 0.2534246575 0.47838214749999997 0.26849315125 0.43514644375000006 0.28561643875000003
16 0.69107391875 0.6458904112499999 0.71478382125 0.693150685 0.7273361224999999 0.71438356125 0.73221757375 0.71780821875 0.75801952625 0.69589041125 0.7740585775 0.6760273975 0.7900976287500001 0.66369863 0.80613668 0.64520548 0.8221757325 0.63698630125 0.83612273375 0.62465753375 0.83403068375 0.62328767125 0.81729428125 0.62808219125 0.746164575 0.63013698625 0.7426778237499999 0.62465753375 0.73849372375 0.593150685 0.73500697375 0.58904109625 0.7301255225 0.588356165 0.6889818687499999 0.6143835612499999 0.68828451875 0.634246575 0.69107391875 0.6458904112499999
16 0.7754532775 0.41575342499999995 0.7782426775000001 0.42260274000000003 0.78451882875 0.42534246625 0.79986053 0.42876712375 0.8354253837500001 0.43013698625 0.8389121337500001 0.434246575 0.845188285 0.48219178125 0.8765690374999999 0.4808219175 0.89748954 0.45821917749999996 0.90167364 0.44726027375 0.86680613625 0.3582191775 0.8563458862500001 0.35273972625 0.846582985 0.35273972625 0.78382147875 0.35890411 0.7761506275000001 0.38219178125 0.7754532775 0.41575342499999995
16 0.23709902375 0.30890411 0.23709902375 0.32397260250000004 0.26429567625 0.36232876750000004 0.2761506275 0.37465753375 0.31589958125 0.36506849375 0.3214783825 0.35410958875 0.3228730825 0.32876712374999995 0.34100418374999997 0.32328767124999996 0.34449093499999994 0.31986301375 0.34309623375000003 0.31575342500000003 0.32357043249999995 0.30616438375 0.3284518825 0.2602739725 0.31032078125 0.25890411 0.25244072500000003 0.27260274 0.245467225 0.27808219125 0.23709902375 0.30890411
16 0.34588563499999997 0.3171232875 0.42468619250000006 0.34109589 0.4253835425 0.33493150625 0.42050209250000004 0.32671232875 0.42050209250000004 0.30616438375 0.4239888425 0.29246575375 0.453974895 0.27739726000000003 0.46722454625 0.261643835 0.4693165975 0.2534246575 0.36331938625 0.21438356125 0.33054393249999997 0.25753424625 0.32357043249999995 0.3054794525 0.34588563499999997 0.3171232875
16 0.32357043249999995 0.38356164375 0.33612273375 0.4102739725 0.354253835 0.43150684875 0.35983263625 0.43219178125 0.3765690375 0.42465753375 0.38493723875 0.41438356125 0.40864714125 0.41575342499999995 0.43096234250000004 0.411643835 0.46234309625000003 0.3986301375 0.46513249625 0.38767123249999996 0.46234309625000003 0.37671232875 0.448396095 0.37876712375 0.4267782425 0.34383561625 0.3723849375 0.32534246625 0.347280335 0.32191780875 0.3214783825 0.33150684875 0.32217573250000003 0.37328767125 0.32357043249999995 0.38356164375
16 0.3807531375 0.16369862999999998 0.38493723875 0.16301369875 0.39400279 0.15273972625 0.40725244125000004 0.1328767125 0.44560669500000005 0.1239726025 0.44281729374999995 0.056849315000000004 0.38284518875 0.052054795 0.3702928875 0.05479452 0.3709902375 0.1602739725 0.3807531375 0.16369862999999998
16 0.3779637375 0.17602739750000002 0.3807531375 0.18630137000000002 0.39748954 0.206849315 0.40864714125 0.22808219125 0.41771269125000005 0.23561643875000002 0.44351464375 0.24246575374999998 0.44909344500000004 0.24109589 0.451185495 0.23493150624999998 0.45467224500000003 0.18698630125000001 0.4714086475 0.15958904125 0.45746164624999996 0.13013698625 0.45188284500000003 0.1239726025 0.447698745 0.12328767125000001 0.40794979124999997 0.13219178125 0.38772663875 0.1582191775 0.3779637375 0.17602739750000002
16 0.755927475 0.33698630125 0.7566248262499999 0.34931506874999996 0.76290097625 0.36506849375 0.7740585775 0.36712328749999995 0.7796373775000001 0.36575342499999997 0.78451882875 0.35890411 0.84309623375 0.35479452 0.86401673625 0.35616438375000004 0.86750348625 0.36095890375000006 0.89260808875 0.35958904124999996 0.88772663875 0.3013698625 0.8200836825000001 0.29246575375 0.7817294287500001 0.30616438375 0.7663877262500001 0.31643835625 0.755927475 0.33698630125
16 0.8779637375 0.5013698625 0.8702928875000001 0.51506849375 0.8702928875000001 0.52328767125 0.8577405862499999 0.5328767125 0.852161785 0.5486301375 0.8528591350000001 0.5547945200000001 0.8702928875000001 0.584246575 0.9225941425 0.56438356125 0.94281729375 0.588356165 0.949093445 0.59246575375 0.9923291487500001 0.547945205 0.99093444875 0.5417808225 0.96792189625 0.50479452 0.9449093449999999 0.47260274 0.90516039 0.48493150625 0.8912133887500001 0.48493150625 0.8779637375 0.5013698625
16 0.654114365 0.23904109625 0.6645746162499999 0.25 0.70711297125 0.28219178125 0.748953975 0.27123287625 0.753835425 0.265753425 0.7587168762500001 0.25273972624999996 0.7601115762499999 0.2376712325 0.750348675 0.1917808225 0.7398884237500001 0.19041095875 0.6471408649999999 0.197945205 0.6415620637499999 0.23904109625 0.654114365 0.23904109625
16 0.845188285 0.24520548 0.850069735 0.25068493125 0.86610878625 0.2808219175 0.86052998625 0.2917808225 0.8619246862500001 0.2986301375 0.88981868875 0.302054795 0.9225941425 0.24931506875 0.89191073875 0.2013698625 0.88493723875 0.20068493125 0.844490935 0.20547945250000002 0.8263598325 0.24520548 0.845188285 0.24520548
16 0.646443515 0.59726027375 0.6443514650000001 0.6171232875 0.646443515 0.620547945 0.6701534175 0.61301369875 0.69037656875 0.611643835 0.69665272 0.60890411 0.7252440725 0.588356165 0.73500697375 0.57671232875 0.73779637375 0.56438356125 0.7336122737499999 0.5623287675 0.73221757375 0.5445205475 0.70920502125 0.506849315 0.69944212 0.50479452 0.654811715 0.5239726025 0.6345885637500001 0.53561643875 0.646443515 0.59726027375
16 0.550209205 0.49589041125 0.546722455 0.49726027375000004 0.5432357037500001 0.51438356125 0.5432357037500001 0.5397260275 0.548117155 0.57876712375 0.549511855 0.62328767125 0.5578800562499999 0.63698630125 0.59762901 0.6397260275 0.60948396125 0.63630137 0.6255230125 0.63013698625 0.646443515 0.6054794525 0.645048815 0.58561643875 0.6276150625 0.49315068500000003 0.6234309625000001 0.48904109625 0.5641562062500001 0.5013698625 0.55718270625 0.5013698625 0.550209205 0.49589041125
16 0.48535564875 0.26506849375 0.51185495125 0.25273972624999996 0.53626220375 0.247945205 0.549511855 0.26712328750000003 0.55857740625 0.27123287625 0.56764295625 0.29383561625 0.5753138074999999 0.30479451999999996 0.5746164575 0.297945205 0.5801952575 0.29589041125000004 0.59135285875 0.2828767125 0.60529986 0.25753424625 0.61087866125 0.23424657499999998 0.5760111575 0.21438356125 0.56276150625 0.20958904125 0.546025105 0.19589041125 0.51324965125 0.18013698625 0.48535564875 0.22465753374999997 0.46861924625 0.2602739725 0.48535564875 0.26506849375
16 0.49302649875 0.36780821875 0.49163179874999996 0.38493150625 0.49372384875 0.42739726 0.51046025125 0.42671232875000004 0.5209205025 0.429452055 0.5271966525 0.42602739749999996 0.5306834025 0.4082191775 0.53138075375 0.37739725999999996 0.59344490875 0.36986301374999997 0.58856345875 0.34109589 0.5850767087500001 0.33424657500000005 0.5767085075 0.33424657500000005 0.5244072525 0.34383561625 0.49930264999999996 0.35273972625 0.49302649875 0.36780821875
16 0.26499302625 0.170547945 0.29428173 0.18561643875 0.31171548125000004 0.19041095875 0.31520223125 0.1739726025 0.343793585 0.15068493125 0.347977685 0.15 0.3702928875 0.15890411000000002 0.3716875875 0.1486301375 0.36889818750000003 0.12808219125 0.3249651325 0.10479452 0.26569037625 0.14931506875 0.26359832625 0.1534246575 0.26499302625 0.170547945