8 0.38481953249999995 0.4296875 0.419320595 0.45833333375 0.44585987250000003 0.48828125 0.50159235625 0.49479166625 0.54140127375 0.47135416625 0.5254777075 0.45963541625 0.53343949 0.4296875 0.5493630575 0.41015625 0.54670913 0.3984375 0.51751592375 0.37630208375 0.45382165625 0.375 0.39278131625 0.38671875 0.41135881124999996 0.37890625 0.39278131625 0.36979166625 0.40870488375 0.36588541625 0.37951167750000003 0.35416666625 0.32908704875 0.35677083375 0.321125265 0.37760416625 0.32643312125 0.39973958375 0.32643312125 0.40234375 0.36624203875 0.41015625 0.38481953249999995 0.4296875
8 0.37685775 0.76822916625 0.42462845 0.76692708375 0.5122080675 0.76822916625 0.57855626375 0.76302083375 0.58121019125 0.72265625 0.57059448 0.69401041625 0.5546709125 0.67838541625 0.51486199625 0.67708333375 0.51486199625 0.70052083375 0.47770700625 0.71744791625 0.48832271749999995 0.64973958375 0.443205945 0.640625 0.41135881124999996 0.6341145837500001 0.37154989374999997 0.62109375 0.35031847125 0.6484375 0.321125265 0.67708333375 0.2760084925 0.71614583375 0.23619957500000002 0.73046875 0.212314225 0.73046875 0.188428875 0.75 0.19639065875 0.76692708375 0.22544418375 0.7695997812500001 0.22482559875 0.7699032737500001 0.23619957500000002 0.77213541625 0.32377919374999997 0.765625 0.2945859875 0.734375 0.32908704875 0.74739583375 0.37685775 0.76822916625
8 0.59978768625 0.76432291625 0.6900212312499999 0.76041666625 0.73248407625 0.73046875 0.7404458599999999 0.70572916625 0.74840764375 0.66145833375 0.721868365 0.64713541625 0.67940552 0.6236979162499999 0.64755838625 0.6315104162499999 0.660828025 0.6484375 0.6555201700000001 0.67317708375 0.61836518 0.69401041625 0.63163482 0.72916666625 0.59447983 0.74609375 0.5865180462499999 0.74348958375 0.57059448 0.76432291625 0.59978768625 0.76432291625
11 0.28927813125 0.68880208375 0.25477707 0.67708333375 0.20700637 0.6380208337500001 0.16188959625 0.6158854162499999 0.09023354624999999 0.6158854162499999 0.03184713375 0.6380208337500001 0.018577495 0.68489583375 0.018577495 0.69140625 0.03715499 0.72786458375 0.08492569 0.73958333375 0.12208068000000001 0.73567708375 0.188428875 0.72265625 0.24416135874999997 0.72005208375 0.25477707 0.72526041625 0.28131634875 0.70833333375 0.28927813125 0.68880208375
13 0.1061571125 0.68098958375 0.11146496875 0.67708333375 0.0026539275 0.66015625 0.0026539275 0.6796875 0.09819532875 0.68880208375 0.1061571125 0.68098958375
16 0.74840764375 0.4609375 0.6873673037499999 0.49348958375 0.75371549875 0.53125 0.7669851375000001 0.53515625 0.7616772825 0.5286458337500001 0.85721868375 0.5026041662499999 0.8917197450000001 0.46223958375 0.8519108275 0.43489583375 0.74840764375 0.4609375
6 0.44585987250000003 0.6119791662499999 0.49363057374999997 0.609375 0.5546709125 0.58984375 0.62101910875 0.5611979162499999 0.6979830149999999 0.5338541662499999 0.70859872625 0.51171875 0.69267515875 0.5026041662499999 0.64490445875 0.48177083375 0.62101910875 0.47265625 0.55732484125 0.49739583375 0.39543524374999994 0.5638020837500001 0.36889596625000004 0.6002604162499999 0.28397027625 0.6484375 0.26539278125 0.640625 0.23619957500000002 0.65885416625 0.2707006375 0.68359375 0.31316348250000003 0.66927083375 0.3184713375 0.66927083375 0.43259023375 0.6028645837500001 0.44585987250000003 0.6119791662499999
4 0.9315286625 0.68619791625 0.9952229300000001 0.68619791625 0.93949044625 0.6302083337500001 0.867834395 0.5963541662499999 0.8174097662500001 0.5611979162499999 0.76433121 0.53125 0.6900212312499999 0.49869791625 0.69267515875 0.5208333337500001 0.64490445875 0.5364583337500001 0.6471160650000001 0.5559895837500001 0.64225053125 0.5559895837500001 0.6581740975 0.62109375 0.7006369425 0.6171875 0.83864118875 0.6393229162499999 0.9049893837499999 0.671875 0.9315286625 0.68619791625
9 0 0.56298828125 0.018577495 0.59375 0.058386412500000005 0.6236979162499999 0.066348195 0.6223958337500001 0.06236730375 0.6204427087500001 0.1061571125 0.61328125 0.17250530749999998 0.6184895837500001 0.19904458625 0.6341145837500001 0.26273885375 0.6315104162499999 0.31050955375 0.62890625 0.35828025500000005 0.6041666662499999 0.39543524374999994 0.5625 0.47770700625 0.5234375 0.43789808874999997 0.47786458375 0.40870488375 0.46223958375 0.40870488375 0.44661458375 0.36889596625000004 0.41927083375 0.31316348250000003 0.39713541625 0.273354565 0.40494791625 0.23619957500000002 0.40625 0.14065817375 0.4375 0.01061571125 0.49479166625 0 0.54583333375 0 0.56298828125
10 0.00530785625 0.39322916625 0.00796178375 0.46223958375 0.042462845 0.46744791625 0.03715499 0.46614583375 0.04777070125 0.46614583375 0.05042462875 0.46875 0.05307855625 0.47005208375 0.05327274625 0.4701156 0.09288747375 0.45182291625 0.19904458625 0.41276041625 0.15658174125000002 0.40885416625 0.079617835 0.39453125 0.00530785625 0.39322916625
11 0.6873673037499999 0.48567708375 0.73248407625 0.46223958375 0.7404458599999999 0.42838541625 0.70329087 0.40104166625 0.6157112525 0.390625 0.5679405525 0.40364583375 0.5307855625 0.43880208375 0.5360934187499999 0.47005208375 0.575902335 0.48567708375 0.57855626375 0.48828125 0.6342887475 0.47265625 0.6873673037499999 0.48567708375
11 1 0.48827401625 0.9049893837499999 0.48697916625 0.8757961787499999 0.49739583375 0.8519108275 0.5013020837500001 0.7855626325 0.5221354162499999 0.83598726125 0.5768229162499999 0.89702760125 0.6028645837500001 0.96337579625 0.6028645837500001 1 0.59388020875 1 0.48827401625
8 0.49158909 0.60777243625 0.46055855 0.6121794875 0.4278948225 0.60777243625 0.38951494375 0.6262019225000001 0.41891229875 0.6358173075 0.454025805 0.6414262825 0.50710436125 0.65464743625 0.48587293875 0.65184294875 0.48750612375 0.67908653875 0.4785236 0.7167467949999999 0.51363710625 0.69350961625 0.51690347875 0.67708333375 0.55283357875 0.67788461625 0.56589906875 0.68589743625 0.57406500125 0.697115385 0.5814143399999999 0.69791666625 0.63939245375 0.6818910250000001 0.6410256412500001 0.67828525625 0.6540911312500001 0.67628205125 0.6573575037499999 0.6598557687500001 0.6540911312500001 0.65104166625 0.63040993 0.6302083337500001 0.6222439975 0.6217948725 0.6091785075 0.6097756412500001 0.5977462025 0.6005608975 0.6059121350000001 0.5941506412500001 0.587947085 0.59134615375 0.5912134575 0.5849358975 0.58059774625 0.5813301275 0.55283357875 0.5905448725 0.5242528175000001 0.6005608975 0.49158909 0.60777243625
10 0.8556263275 0.68854166625 0.79617834375 0.690625 0.76433121 0.71041666625 0.73460721875 0.72916666625 0.72611465 0.7614583337499999 0.79193206 0.7635416662500001 0.88110403375 0.765625 0.872611465 0.76458333375 0.919320595 0.74270833375 0.94267515875 0.7166666662500001 0.92144373625 0.7010416662500001 0.8556263275 0.68854166625