7 0.58125 0.3640625 0.55 0.384375 0.5625 0.40625 0.56666666625 0.4484375 0.59791666625 0.4625 0.62083333375 0.459375 0.64166666625 0.515625 0.6895833337499999 0.5484375 0.7125 0.5359375 0.73958333375 0.5078125 0.73541666625 0.478125 0.7541666662500001 0.465625 0.7479166662500001 0.4390625 0.7125 0.4 0.63958333375 0.340625 0.59375 0.31875 0.57708333375 0.31875 0.55833333375 0.340625 0.58125 0.35625 0.58125 0.3640625
7 0.41041666624999995 0.3140625 0.44166666624999995 0.3328125 0.46458333375000005 0.3765625 0.46458333375000005 0.4109375 0.45625 0.4171875 0.45625 0.4390625 0.44166666624999995 0.46875 0.4 0.540625 0.36875 0.565625 0.37083333375000005 0.5734375 0.40833333375 0.5890625 0.43541666625 0.5640625 0.47708333375 0.4890625 0.51666666625 0.44375 0.525 0.4234375 0.525 0.384375 0.49166666625 0.315625 0.45833333375 0.28125 0.44166666624999995 0.26875 0.38541666625 0.253125 0.37291666625 0.2703125 0.39583333375 0.2828125 0.41041666624999995 0.3140625
7 0.13541666624999998 0.3453125 0.10416666625 0.3390625 0.08541666625 0.3421875 0.03958333375 0.378125 0.0375 0.4265625 0.05 0.4640625 0.11666666625 0.475 0.13541666624999998 0.4875 0.17916666625000002 0.4859375 0.24375 0.4515625 0.25 0.428125 0.24166666625000002 0.384375 0.20625 0.3359375 0.1875 0.328125 0.17291666625000002 0.3359375 0.15 0.3359375 0.13541666624999998 0.3453125
7 0.2375 0.634375 0.23541666625000002 0.6859375 0.25 0.7015625 0.26458333375 0.7015625 0.3 0.6859375 0.28958333375 0.6265625 0.35416666625 0.559375 0.35 0.546875 0.32083333375 0.53125 0.2875 0.575 0.25833333375 0.6 0.2375 0.634375
7 0 0.9359375 0.00625 0.9625 0.01875 0.971875 0.04375 0.9703125 0.2625 0.8671875 0.27708333375 0.840625 0.26666666625 0.8296875 0.24583333375 0.825 0.1625 0.865625 0.04375 0.9046875 0 0.9359375
7 0.46458333375000005 0.5125 0.42916666625 0.5734375 0.43333333375000005 0.5859375 0.50625 0.6 0.54375 0.6 0.5729166662499999 0.590625 0.57916666625 0.565625 0.56458333375 0.5296875 0.59791666625 0.5015625 0.60833333375 0.4734375 0.59791666625 0.459375 0.56041666625 0.4484375 0.52708333375 0.484375 0.48333333375000004 0.4984375 0.46458333375000005 0.5125
7 0.31041666625000003 0.515625 0.375 0.559375 0.40833333375 0.5296875 0.45208333375000004 0.4546875 0.45208333375000004 0.4390625 0.43541666625 0.41875 0.4 0.4234375 0.375 0.4125 0.32916666624999996 0.4140625 0.29583333375 0.4078125 0.26666666625 0.4328125 0.26458333375 0.4640625 0.31041666625000003 0.515625
7 0.64375 0.6234375 0.64583333375 0.6328125 0.6604166662500001 0.640625 0.6895833337499999 0.6421875 0.71875 0.6328125 0.7458333337499999 0.603125 0.75 0.575 0.72916666625 0.5578125 0.71041666625 0.5578125 0.6833333337499999 0.565625 0.67916666625 0.5828125 0.64375 0.6234375
7 0.2875 0.6421875 0.30833333375 0.6859375 0.37291666625 0.728125 0.4125 0.7296875 0.47083333375 0.7609375 0.48125 0.7609375 0.48958333375 0.7421875 0.52916666625 0.728125 0.56666666625 0.73125 0.5625 0.7515625 0.5875 0.765625 0.59583333375 0.7609375 0.59583333375 0.75 0.6354166662499999 0.778125 0.67708333375 0.7828125 0.69791666625 0.7734375 0.6833333337499999 0.75625 0.6583333337499999 0.746875 0.625 0.721875 0.64375 0.6921875 0.64166666625 0.6734375 0.6583333337499999 0.6625 0.64791666625 0.640625 0.57708333375 0.6203125 0.5520833337500001 0.6 0.50625 0.6078125 0.44375 0.5890625 0.40208333375000005 0.5953125 0.3875 0.5765625 0.35625 0.571875 0.31666666625 0.5953125 0.2875 0.6265625 0.2875 0.6421875
7 0.1375 0.571875 0.17291666625000002 0.6046875 0.2 0.615625 0.23958333375 0.609375 0.24375 0.625 0.32291666625 0.5375 0.32291666625 0.5265625 0.29791666625 0.5015625 0.27916666625000003 0.4890625 0.19791666625 0.4796875 0.13958333375 0.4875 0.10416666625 0.465625 0.05416666625 0.4609375 0.041666666250000005 0.496875 0.04791666625 0.5171875 0.1375 0.571875
7 0.26666666625 0.3140625 0.23541666625000002 0.3265625 0.22708333374999998 0.365625 0.24375 0.4265625 0.2625 0.4375 0.29583333375 0.415625 0.35833333375000004 0.415625 0.39583333375 0.425 0.46041666625 0.41875 0.46666666625 0.4140625 0.4625 0.3640625 0.44166666624999995 0.3265625 0.41458333375 0.3109375 0.39375 0.271875 0.32708333375000004 0.25 0.28125 0.246875 0.25833333375 0.2765625 0.26875 0.2890625 0.26666666625 0.3140625
7 0.46875 0.50625 0.52916666625 0.484375 0.5625 0.44375 0.5625 0.4015625 0.5416666662499999 0.3703125 0.50833333375 0.3515625 0.52291666625 0.41875 0.51458333375 0.44375 0.46875 0.50625