5 0.26364169 0.203520735 0.25656642625 0.23856405625000002 0.25174056749999996 0.28201463125 0.25452274375 0.33665411375 0.2648443825 0.36698340375 0.2714705175 0.37000333374999994 0.2786708725 0.36692112 0.28028954 0.38496851374999996 0.30639242875 0.402295655 0.32891887625000005 0.4047559925 0.34026687625 0.40067916750000004 0.3660186025 0.40019719125000003 0.3692438775 0.39725487375 0.3731564125 0.38113442249999996 0.38084734124999997 0.28765458625 0.38694372 0.25420156 0.37247443375000006 0.2248668825 0.3721202575 0.19729848749999998 0.36687466 0.1874408375 0.36652651249999996 0.1793909925 0.369748775 0.16668940249999997 0.38386086875 0.15869640875 0.38426252125 0.15344898125 0.35164351875 0.11626664249999999 0.34104230625 0.11338661 0.33050062500000005 0.11672785749999999 0.31189575 0.12742489375 0.28149073375 0.17050273000000002 0.26364169 0.203520735
5 0.4721309675 0.19392018125 0.52743994125 0.2034303175 0.53210528875 0.19987155999999998 0.5479400425000001 0.17357213999999999 0.55127835625 0.16355383125 0.5458006587500001 0.14832961625 0.53859729 0.141652555 0.43090394375 0.0788242975 0.37990614 0.03818700625 0.37305091875 0.039559790000000004 0.36931396749999995 0.06458480125 0.3687578325 0.129242595 0.37475323000000005 0.1419026625 0.40719966375 0.1799397175 0.42016331749999997 0.18415100875 0.43029731750000005 0.16653863875 0.43427239749999996 0.16639874 0.44020826125 0.17283753125 0.44879217125 0.17267687124999997 0.4721309675 0.19392018125
5 0.4087776325 0.43928571 0.404636015 0.45979887249999996 0.40556441125 0.48126512499999996 0.4038387375 0.48981227625 0.3949692275 0.497903645 0.3903068925 0.51122167875 0.39440405 0.53328361375 0.4181444975 0.549279495 0.42845709499999995 0.55033096 0.43698147 0.5439490225 0.43962951250000004 0.5373495725 0.4794247575 0.4933755 0.4865625675 0.47431273124999995 0.49881786624999996 0.4233872325 0.5026678525 0.39128622625 0.502429725 0.36640111374999995 0.4906619875 0.317169715 0.48362817125 0.2998786625 0.46640082374999997 0.2939787025 0.4595456025 0.29535148625 0.45787644625 0.30036064125 0.46093216875000004 0.308032315 0.460128865 0.31852716999999997 0.42504342875 0.31636738875 0.41210389 0.3902303 0.40726898749999996 0.4044030475 0.408197385 0.4258693 0.40474302375 0.43320432875000003 0.4087776325 0.43928571
5 0.303775275 0.6954520825 0.33782229125 0.6929808787499999 0.36478198874999995 0.686515895 0.40176265125 0.66951453375 0.41794555375000003 0.65126495875 0.42709765375000003 0.6254836075 0.42968314999999996 0.602903605 0.42691302999999997 0.5873012225 0.41624927125 0.5684406375 0.40282443375 0.563255495 0.33110045624999995 0.56662836875 0.31577737625 0.5708450925 0.2867408425 0.5680481075 0.20448121375 0.59428078 0.20062218375000002 0.59710396 0.1977450575 0.60809612 0.1987269575 0.61626510125 0.21164012124999998 0.64353294 0.23111988749999998 0.6675994274999999 0.26085272 0.6864961037499999 0.303775275 0.6954520825
5 0.5956899575 0.517005995 0.6082399025 0.4874276125 0.6434768049999999 0.4204177525 0.6565444524999999 0.38827522375 0.66564305 0.37579114375000006 0.67577403625 0.34841949875 0.6861966537499999 0.332635695 0.69172182375 0.31504408500000003 0.6886661012499999 0.30737241125000003 0.6799066112500001 0.29862851 0.6654433550000001 0.28881238375 0.6540358225 0.28666793125 0.62206564375 0.29840110124999997 0.58116943375 0.32176364 0.560496765 0.3524765325 0.54149626625 0.3879395475 0.53839005375 0.40332441875 0.53955356375 0.43991651125 0.5362808125 0.47567464875 0.5412408037499999 0.4934630075 0.580655495 0.52305128625 0.5850917575 0.5238852399999999 0.5956899575 0.517005995
5 0.4630903875 0.580794715 0.4970839 0.59162078375 0.51043715 0.5515475475 0.5251083925 0.488656035 0.53085661875 0.44715316375 0.5333765575 0.39883333249999997 0.53204349375 0.37285523125 0.52471503125 0.3342170625 0.52252516 0.3320310875 0.5028818675 0.33809714 0.49435447625 0.33471980125 0.50162642125 0.3768959675 0.49950512125 0.41020909625 0.49323617875 0.44451683875000003 0.48281958875000003 0.47981919125 0.47573829625 0.4953439625 0.43847805875 0.53979458375 0.46147473375 0.57250659875 0.4630903875 0.580794715
5 0.27262650125 0.0091484225 0.2559794 0.01666487125 0.23795176 0.03101904125 0.20725812625 0.07226831125000001 0.19240226 0.09697743750000001 0.1928069275 0.101489285 0.1989718775 0.10353536375 0.20767485 0.11581725999999999 0.2258841 0.12988620125 0.27825942875 0.153926495 0.290934465 0.15630922 0.29531119624999996 0.15092189625 0.28826231 0.08483446750000001 0.27262650125 0.0091484225
5 0.18408360625 0.20985668624999998 0.202045685 0.16976269 0.20808855874999999 0.149606935 0.20485122625 0.11351214875 0.1989718775 0.10353536375 0.19009935125 0.10186745500000001 0.14903057625000002 0.1260847075 0.06983571125 0.18926688125 0.0353222325 0.36020990750000004 0.04597694875 0.34979266625 0.06002649625 0.32581912 0.06999094375 0.31882074 0.0834723 0.320467885 0.08923258499999999 0.318002115 0.1370345025 0.2702102475 0.1506823975 0.2514841275 0.1516017525 0.24367255499999999 0.16197086625 0.24118602374999998 0.18408360625 0.20985668624999998
5 0.8834750775000001 0.39811017374999996 0.8607255725 0.41956109875 0.8600353037499999 0.4229799575 0.8649357625 0.43454703875 0.8814193387500001 0.4571631325 0.8861472337499999 0.46958492625 0.8966354112499999 0.47954095 0.9084445975 0.47643797624999995 0.91570147 0.46981776625000005 0.9427056275 0.42077768499999996 0.92276769 0.40549662124999997 0.89177037 0.39612094875 0.8834750775000001 0.39811017374999996
5 0.8011559162499999 0.4181215675 0.78876648125 0.407808135 0.76231845875 0.39219042125000003 0.74918223875 0.38883384625 0.73052386125 0.412828155 0.7108896112499999 0.4481720325 0.7084766825 0.46989731874999996 0.710842135 0.48098785499999996 0.7131480575000001 0.48585711125000003 0.7221931512499999 0.48667030250000004 0.72847716625 0.5011589375 0.75313094 0.48982469625 0.78353897125 0.456506135 0.8010993974999999 0.42165956375 0.8011559162499999 0.4181215675
5 0.71882771125 0.40885513500000004 0.73230906875 0.41050228 0.74918223875 0.38883384625 0.7612235225 0.39109743375 0.76364248125 0.3888906975 0.7802210075000001 0.345875145 0.75268106125 0.33892372000000004 0.72739052125 0.34037955 0.7144328962500001 0.35568680874999997 0.7037811924999999 0.37586332624999996 0.71882771125 0.40885513500000004
5 0.6877719062500001 0.53896095125 0.6882206125 0.53452126 0.68845203375 0.526723075 0.6894461325000001 0.5151474375 0.68959825125 0.50552475625 0.69425683 0.491320365 0.6896657387499999 0.4431056575 0.68695082875 0.4232927125 0.672459705 0.42785202125 0.663045285 0.44413345125 0.65577986 0.45905420874999997 0.6431882362499999 0.48594262374999997 0.65083442 0.48798321375 0.6568743524999999 0.49243626125 0.6598967475 0.49963967875000004 0.658339845 0.52287205125 0.6604583675000001 0.5256830875 0.66339983375 0.527744055 0.6684598049999999 0.5326161025 0.67361809375 0.53810982875 0.68022567 0.54085997 0.68650023875 0.5441507099999999 0.68744055125 0.54281946 0.6877719062500001 0.53896095125
5 0.6753254725 0.63504999875 0.68025634625 0.60446663125 0.68233570125 0.57938113875 0.6590576687499999 0.56159657875 0.6238701799999999 0.56879765125 0.6199607775 0.5864276199999999 0.62129502375 0.5970701174999999 0.62169707875 0.6172586612500001 0.6236042574999999 0.64108227875 0.62391637 0.6555552324999999 0.62451042375 0.6673994525000001 0.622099645 0.6830365700000001 0.61853267625 0.69577465625 0.63916513125 0.6946250275 0.6501678 0.6943468712499999 0.66408902625 0.6919356274999999 0.66874875375 0.6861072775 0.6710979475000001 0.6781685000000001 0.67453090375 0.65870091 0.6753254725 0.63504999875
5 0.596341845 0.6256039262499999 0.58877405375 0.65698392875 0.5849319737500001 0.6770459325 0.578014205 0.7164713912499999 0.583510415 0.71918978375 0.59399188875 0.72509233 0.606644045 0.7274707537499999 0.609545675 0.72548837875 0.61100158 0.716212565 0.6138071075 0.704381775 0.61739977125 0.69691193875 0.6203160950000001 0.6876297762500001 0.6235587262500001 0.67363420375 0.6230918599999999 0.652200455 0.6211392875 0.6164439775 0.596341845 0.6256039262499999
5 0.6099791325 0.895846015 0.5919514925 0.9102001837500001 0.59535235125 0.9161624275 0.59697403 0.94396909625 0.6018744925 0.9555361775 0.6086179712500001 0.966567495 0.65861019 0.9636049925000001 0.66127158125 0.9578304225 0.68609189625 0.92612291625 0.66753449625 0.90400413 0.6609053475000001 0.89122492625 0.62673324 0.86173502125 0.62218394 0.8679770625000001 0.61959543 0.88079778875 0.6099791325 0.895846015
5 0.74766605 0.70260181 0.73579431875 0.6897242325 0.7305517374999999 0.6896258562500001 0.7249075025 0.69477490875 0.68522830875 0.7414322662499999 0.6847701387499999 0.75021769 0.71215258625 0.8068202062500001 0.7524806037499999 0.80907836125 0.7612905825 0.794765715 0.768023725 0.7711911 0.76963033625 0.75020139125 0.7674374487500001 0.73825614125 0.74766605 0.70260181
5 0.6914475125 0.9191452975 0.69301267625 0.9504899612500001 0.6972328287499999 0.96131624375 0.7422991225 0.95864564875 0.7537872900000001 0.9361872124999999 0.7601752974999999 0.9143220275 0.7612076875 0.8994344599999999 0.75844058125 0.8935913525 0.72439055125 0.88630328 0.717996515 0.888649915 0.70792204625 0.91248356375 0.6914475125 0.9191452975
5 0.87835004625 0.7786235324999999 0.88042085375 0.7683669512500001 0.8748775987499999 0.72740291 0.8689982512500001 0.7174261224999999 0.852862825 0.70285987375 0.8062507925 0.6861130837499999 0.7977264162500001 0.6924950225000001 0.7844831875 0.71573299125 0.7818946775000001 0.7285537175000001 0.7843731675 0.7325682600000001 0.79549509625 0.7426434199999999 0.8135287637499999 0.74780780125 0.8279920212499999 0.7576239287500001 0.84274690875 0.77902789625 0.8633751137500001 0.79089010125 0.8700577675 0.7903720337500001 0.87835004625 0.7786235324999999
5 0.7658775637499999 0.53746580125 0.7605189325 0.534684145 0.7449072375 0.53707230125 0.7335027187500001 0.5446871237500001 0.718995 0.57744609625 0.71721280875 0.5895312425 0.73438665375 0.60872847625 0.7469546825000001 0.637705745 0.7744976425 0.65441644375 0.78140938125 0.649505665 0.79217411875 0.622253155 0.7966043525000001 0.60356855875 0.7861071337500001 0.5643347075 0.7658775637499999 0.53746580125
5 0.8923988425 0.56568576 0.89717722625 0.5550510074999999 0.8940024375 0.5349367749999999 0.8858736875 0.51655273625 0.87400195625 0.5036751575 0.86201718875 0.4978735725 0.84058869 0.5062654975 0.8257833125 0.50791807625 0.82157915125 0.51245068625 0.819219725 0.5208787 0.811674235 0.52567034375 0.802748205 0.53729970875 0.79647323375 0.5520889 0.8214216525000001 0.5621017775 0.83830688125 0.5794704425 0.8512140175 0.5872197299999999 0.8923988425 0.56568576
5 0.60204631 0.765717235 0.596699735 0.80197268 0.60396565 0.8246302950000001 0.61232348625 0.8386216224999999 0.6225230475 0.84674908125 0.6409018500000001 0.8502040325 0.65063419875 0.8378390887499999 0.68305049125 0.77828339125 0.6795901025000001 0.7660998675 0.6665669175 0.7556672987499999 0.62399250875 0.754761165 0.60204631 0.765717235
5 0.8247697574999999 0.77032552 0.8139959775 0.7683002037500001 0.789627805 0.77170373625 0.7853641100000001 0.77001506625 0.7832307550000001 0.7642910949999999 0.7772443987500001 0.7809088525 0.78007706625 0.8124917887499999 0.7760545125 0.8454475100000001 0.77997307375 0.84884560875 0.8085484225 0.8506687425 0.8170132675 0.83806552625 0.82806360875 0.80288230875 0.8290364662499999 0.7817734625 0.8247697574999999 0.77032552
5 0.86776013875 0.625816375 0.8570428737500001 0.62025306375 0.8459239599999999 0.6199371775 0.82663484375 0.653571625 0.8156349925 0.66569829625 0.8096486375 0.68231605375 0.8121271262499999 0.68633059625 0.8427227949999999 0.700953695 0.85050038375 0.701528615 0.8613872 0.6964779375000001 0.8665702512500001 0.6903550337500001 0.88055423875 0.6406416575 0.87859345 0.63406297 0.86776013875 0.625816375
