13 0.26124338625 0.49479166625 0.34060846499999997 0.46502976250000005 0.5026455025 0.41418650749999997 0.5522486775000001 0.3955853175 0.6597222225 0.35962301625000004 0.7258597887499999 0.33606150749999997 0.8250661375 0.30505952375 0.810185185 0.27033730125 0.712632275 0.3075396825 0.54067460375 0.3658234125 0.37698412750000004 0.42038690500000003 0.27116402125 0.45758928625 0.18683862375000002 0.48735119 0.1818783075 0.48735119 0.19345238125000003 0.51587301625 0.26124338625 0.49479166625
13 0.6762566137500001 0.3658234125 0.39186507875 0.33854166625 0.30264060375 0.32990704 0.322420635 0.34474206375 0.3951719575 0.3559027775 0.6299603175 0.37450396875 0.8449074075 0.41046627 0.84656084625 0.38690476250000005 0.6762566137500001 0.3658234125
13 0.596891535 0.5617559525 0.63822751375 0.51959325375 0.6663359787500001 0.4836309525 0.7076719575 0.43774801625000004 0.770502645 0.36458333375 0.72089947125 0.37450396875 0.674603175 0.41418650749999997 0.61177248625 0.49107142875 0.557208995 0.5505952375 0.48941799 0.634920635 0.36375661375 0.77876984125 0.4050925925 0.7998511899999999 0.41005291 0.7948908725 0.48115079375 0.70188492125 0.517526455 0.6609623012500001 0.5423280425 0.634920635 0.596891535 0.5617559525
13 0.8151455025 0.536954365 0.8349867725 0.5208333337500001 0.37863756625 0.37078373 0.38359788375000003 0.37450396875 0.45634920625 0.4154265875 0.8151455025 0.536954365
13 0.2496693125 0.40922619 0.36541005249999997 0.44518849250000003 0.4728835975 0.47495039624999996 0.55886243375 0.5022321425 0.6514550262500001 0.52703373 0.575396825 0.49107142875 0.11739418 0.34970238125 0.10912698375 0.36706349250000003 0.11408730125 0.36830357125 0.17361111125 0.38938492125 0.2496693125 0.40922619
13 0.28273809499999997 0.45634920625 0.3472222225 0.5357142862500001 0.41666666625 0.6212797625 0.54728836 0.77504960375 0.54894179875 0.7738095237500001 0.5505952375 0.771329365 0.56382275125 0.75892857125 0.54894179875 0.772569445 0.5621693125 0.7564484125 0.302579365 0.45510912750000004 0.25297619 0.40922619 0.28273809499999997 0.45634920625
13 0.54164721375 0.71961076125 0.5423280425 0.7155257937499999 0.54398148125 0.7155257937499999 0.5451839825 0.7164276700000001 0.54894179875 0.713045635 0.3951719575 0.52579365125 0.32407407374999997 0.47495039624999996 0.54067460375 0.72544642875 0.5415372675 0.720270445 0.54067460375 0.72048611125 0.54164721375 0.71961076125
13 0.29265873 0.57911706375 0.37367724875 0.61259920625 0.49107142875 0.65104166625 0.64153439125 0.70560515875 0.8052248675 0.7651289687499999 0.8151455025 0.7490079362500001 0.6845238100000001 0.703125 0.555555555 0.6584821425 0.39847883625 0.60391865125 0.30092592625000003 0.5642361112500001 0.19510581999999999 0.51587301625 0.185185185 0.5319940475 0.18849206375000002 0.53447420625 0.2380952375 0.555555555 0.29265873 0.57911706375
13 0.54398148125 0.4538690475 0.44642857125 0.40798611125 0.4050925925 0.38442460375000004 0.46296296249999996 0.43774801625000004 0.46296296249999996 0.43278769875 0.59854497375 0.49975198374999996 0.7109788362499999 0.555555555 0.7192460312500001 0.53943452375 0.54398148125 0.4538690475
13 0.60681216875 0.66220238125 0.53902116375 0.6138392862500001 0.4646164025 0.56299603125 0.3852513225 0.49479166625 0.32076719625000005 0.44766865125000005 0.29596560875 0.419146825 0.26124338625 0.4154265875 0.262896825 0.41666666625 0.4646164025 0.58283730125 0.5720899475 0.6609623012500001 0.59854497375 0.67708333375 0.60681216875 0.66220238125
13 0.5522486775000001 0.50595238125 0.6498015875 0.57787698375 0.84160052875 0.7155257937499999 0.8630952375 0.70932539625 0.7556216925 0.6299603175 0.34556878249999995 0.35466269875 0.33564814875000004 0.36830357125 0.3373015875 0.37078373 0.42162698374999996 0.42658730125 0.5522486775000001 0.50595238125
13 0.37037037 0.4439484125 0.32903439125 0.4340277775 0.41335978875 0.49603174625 0.5340608462499999 0.5902777775 0.654761905 0.68080357125 0.790343915 0.789930555 0.85891542625 0.85538517875 0.8713624337500001 0.8444940475 0.70436507875 0.693204365 0.62169312125 0.6361607137499999 0.50595238125 0.5431547625 0.41170634874999995 0.47247023749999995 0.37037037 0.4439484125
13 0.7820767200000001 0.31374007875 0.692791005 0.362103175 0.54728836 0.42658730125 0.33234127 0.5233134925 0.17857142875 0.58903769875 0.20263587000000002 0.6134560287499999 0.2876984125 0.57787698375 0.35383597875 0.546875 0.5902777775 0.440228175 0.6977513224999999 0.39434523749999995 0.810185185 0.3472222225 0.7820767200000001 0.31374007875
13 0.2777777775 0.3559027775 0.37698412750000004 0.42038690500000003 0.50429894125 0.50099206375 0.64153439125 0.58655754 0.6498015875 0.5716765875 0.37202381 0.39310515875 0.16369047625 0.24925595250000002 0.1504629625 0.26413690500000003 0.1521164025 0.26661706375 0.205026455 0.303819445 0.2777777775 0.3559027775
13 0.13723545 0.2976190475 0.12566137624999998 0.3087797625 0.19675925875 0.36954365125000005 0.19841269874999998 0.37450396875 0.24140211625 0.390625 0.13723545 0.2976190475
13 0.5820105825 0.58283730125 0.5720899475 0.5989583337500001 0.7158455625000001 0.7007852275 0.72420634875 0.6882440475 0.7248533475000001 0.6884057975000001 0.7258597887499999 0.6870039687499999 0.5820105825 0.58283730125
