10 0.3328125 0.76331361 0.3234375 0.77292899375 0.2984375 0.78328402375 0.265625 0.8106508875 0.25625 0.83136094625 0.2515625 0.865384615 0.2296875 0.8860946749999999 0.2171875 0.90606508875 0.2140625 0.9356508875 0.2234375 0.9489644975 0.2515625 0.95857988125 0.2703125 0.9815088762499999 0.3921875 0.97707100625 0.4296875 0.97189349125 0.496875 0.96819526625 0.509375 0.9637573962499999 0.5 0.9408284025 0.5046875 0.8934911237500001 0.49375 0.8772189349999999 0.5 0.8232248525 0.49375 0.78920118375 0.478125 0.764053255 0.459375 0.749260355 0.4140625 0.72928994125 0.4046875 0.72928994125 0.3828125 0.735946745 0.3734375 0.7448224849999999 0.3328125 0.76331361
10 0.4359375 0.49260354999999995 0.4046875 0.496301775 0.3859375 0.50295858 0.3796875 0.509615385 0.3796875 0.52440828375 0.3875 0.53550295875 0.384375 0.5495562125 0.41875 0.5547337275 0.4421875 0.5547337275 0.528125 0.54289940875 0.575 0.5414201187500001 0.6640625 0.52810650875 0.709375 0.52588757375 0.7421875 0.512573965 0.78125 0.506656805 0.784375 0.49038461499999997 0.771875 0.47928994125 0.721875 0.48002958625 0.696875 0.47411242625 0.6734375 0.47337278125 0.6109375 0.47781065125 0.4984375 0.49112426 0.4359375 0.49260354999999995
10 0.678125 0.5584319525 0.665625 0.57914201125 0.553125 0.6871301775 0.540625 0.7093195262499999 0.540625 0.7337278112500001 0.5515625 0.762573965 0.5390625 0.76775147875 0.5203125 0.78846153875 0.51875 0.79437869875 0.528125 0.7995562125 0.528125 0.8047337274999999 0.515625 0.8084319524999999 0.51875 0.8165680475000001 0.546875 0.8254437875 0.5640625 0.8232248525 0.5640625 0.8128698225 0.58125 0.8121301775 0.5953125 0.8062130175 0.6125 0.78994082875 0.615625 0.77144970375 0.671875 0.7655325449999999 0.7203125 0.743343195 0.9078125 0.5584319525 0.90625 0.5510355025 0.8640625 0.53624260375 0.796875 0.51775147875 0.7453125 0.5118343200000001 0.71875 0.52292899375 0.696875 0.5473372775 0.678125 0.5584319525
10 1 0.65828402375 0.9625 0.65384615375 0.9203125 0.64275147875 0.8796875 0.6397929 0.846875 0.65680473375 0.834375 0.6886094675 0.790625 0.73002958625 0.75625 0.750739645 0.671875 0.84319526625 0.6671875 0.86464497 0.678125 0.89571005875 0.6640625 0.9001479287499999 0.65 0.9267751475 0.6765625 0.9393491125 0.703125 0.9452662725000001 0.725 0.9430473374999999 0.740625 0.9289940824999999 0.75 0.9260355025 0.7515625 0.91494082875 0.803125 0.90606508875 0.84375 0.8912721887499999 0.8609375 0.8587278112500001 0.8953125 0.8380177512500001 0.9265625 0.8047337274999999 0.9546875 0.75887574 0.9828125 0.7315088762499999 1 0.72633136125 1 0.65828402375
10 0.61875 0.78476331375 0.59375 0.8069526625000001 0.5734375 0.8150887575 0.54375 0.8498520712500001 0.503125 0.87943787 0.5078125 0.9289940824999999 0.5234375 0.9400887575 0.55625 0.9482248525 0.5921875 0.9497041425 0.609375 0.9452662725000001 0.6328125 0.9334319524999999 0.65 0.91346153875 0.671875 0.8779585799999999 0.6703125 0.8424556212500001 0.7078125 0.8069526625000001 0.7359375 0.77144970375 0.73125 0.76183432 0.7 0.75739645 0.6703125 0.7684911237500001 0.64375 0.77071005875 0.61875 0.78476331375
10 0.2765625 0.615384615 0.26875 0.62647929 0.240625 0.64571005875 0.1421875 0.7011834324999999 0.078125 0.7440828399999999 0.0015625 0.77958579875 0 0.8720414200000001 0.015625 0.8779585799999999 0.065625 0.87943787 0.0890625 0.88535503 0.1140625 0.8860946749999999 0.15625 0.87352071 0.190625 0.85428994125 0.2171875 0.82988165625 0.296875 0.7862426037500001 0.3265625 0.7744082837499999 0.35 0.7551775150000001 0.4390625 0.70562130125 0.4734375 0.6752958575 0.48125 0.65088757375 0.496875 0.63387574 0.4953125 0.61908284 0.5015625 0.60724852125 0.5140625 0.59689349125 0.5296875 0.59467455625 0.55 0.58136094625 0.55 0.5747041425 0.5359375 0.5658284025 0.5125 0.5576923075 0.49375 0.5576923075 0.4375 0.58579881625 0.3640625 0.60355029625 0.2765625 0.615384615
10 0 0.5835798812499999 0.0125 0.58875739625 0.028125 0.59245562125 0.053125 0.59319526625 0.065625 0.58653846125 0.06875 0.5747041425 0.1015625 0.5658284025 0.1921875 0.5680473374999999 0.2296875 0.5636094675 0.2625 0.5517751475 0.2875 0.5495562125 0.3 0.54363905375 0.309375 0.53032544375 0.3265625 0.52810650875 0.3296875 0.52292899375 0.3203125 0.5162721887499999 0.3234375 0.50443787 0.309375 0.49408284 0.2765625 0.491863905 0.25625 0.494822485 0.2171875 0.4852071 0.1671875 0.48372781125000003 0.146875 0.48668638999999997 0.0953125 0.5051775150000001 0.0421875 0.50591716 0 0.512573965 0.0046875 0.5399408287499999 0 0.5414201187500001 0 0.5835798812499999
10 0.6203125 0.21153846125 0.55625 0.20636094624999998 0.5 0.20784023625 0.4328125 0.23224852125 0.4015625 0.25 0.3765625 0.256656805 0.334375 0.28994082875 0.3296875 0.3195266275 0.334375 0.32840236625 0.375 0.34911242625 0.39375 0.36538461499999997 0.425 0.369822485 0.446875 0.368343195 0.50625 0.35281065125 0.546875 0.33653846125000003 0.615625 0.3232248525 0.6453125 0.31065088750000003 0.66875 0.27810650875 0.665625 0.23816568 0.6953125 0.22115384625 0.7109375 0.21967455624999999 0.73125 0.20784023625 0.721875 0.1945266275 0.7109375 0.1893491125 0.6984375 0.1886094675 0.671875 0.19378698249999998 0.659375 0.20414201125 0.6203125 0.21153846125
10 0.7703125 0.27366863875 0.7796875 0.27810650875 0.7953125 0.27958579875 0.959375 0.27366863875 0.9828125 0.27366863875 0.9953125 0.27662721875 1 0.27292899375 0.9984375 0.22263313624999997 0.7921875 0.22855029625 0.771875 0.23668639 0.7703125 0.27366863875
10 0.571875 0.35133136125 0.5671875 0.371301775 0.546875 0.381656805 0.5484375 0.38683432 0.5609375 0.39349112374999995 0.5765625 0.39792899374999996 0.584375 0.39718934875 0.6015625 0.38757396499999996 0.646875 0.383136095 0.6796875 0.374260355 0.7578125 0.34023668625 0.771875 0.32840236625 0.8 0.3173076925 0.803125 0.30325443750000003 0.790625 0.29142011875 0.765625 0.28402366874999996 0.7421875 0.28402366874999996 0.640625 0.3128698225 0.5921875 0.33062130125000005 0.571875 0.35133136125
10 0.4765625 0.45931952625 0.4484375 0.47928994125 0.41875 0.491863905 0.44375 0.48816568 0.4765625 0.491863905 0.50625 0.49112426 0.5875 0.48002958625 0.590625 0.47485207125 0.6296875 0.45488165625 0.6359375 0.4371301775 0.6578125 0.42381656749999996 0.65625 0.41789940875 0.6390625 0.40976331375 0.6125 0.40680473375 0.5875 0.41789940875 0.5390625 0.4260355025 0.4765625 0.45931952625
10 1 0.48964497 0.975 0.48668638999999997 0.8765625 0.48816568 0.8453125 0.48002958625 0.8296875 0.47928994125 0.80625 0.49038461499999997 0.8015625 0.49704141999999996 0.8046875 0.508136095 0.8328125 0.514053255 0.8390625 0.51923076875 0.921875 0.5502958575 1 0.5658284025 1 0.48964497
10 0.3328125 0.40532544375 0.3375 0.41863905375 0.334375 0.4371301775 0.340625 0.45710059125 0.39375 0.499260355 0.434375 0.48372781125000003 0.4328125 0.46671597624999994 0.4734375 0.40754437875 0.478125 0.389053255 0.4734375 0.380177515 0.45625 0.369822485 0.3796875 0.36464497 0.3640625 0.369822485 0.3515625 0.39718934875 0.3328125 0.40532544375
10 0.2703125 0.40088757375 0.3015625 0.41494082875 0.3390625 0.43934911249999997 0.3578125 0.38683432 0.35625 0.35576923125 0.35 0.34467455625 0.3421875 0.33949704124999996 0.3296875 0.33801775125 0.259375 0.33801775125 0.246875 0.35207100625000004 0.246875 0.39497041375 0.2703125 0.40088757375
10 0 0.7825443787499999 0.0796875 0.7477810650000001 0.184375 0.6782544375 0.2359375 0.65458579875 0.265625 0.6286982249999999 0.28125 0.622781065 0.2875 0.61612426 0.3078125 0.61168639 0.2828125 0.59911242625 0.221875 0.59467455625 0.1953125 0.58801775125 0.1875 0.57988165625 0.159375 0.57914201125 0.1140625 0.60207100625 0.0734375 0.64866863875 0.0203125 0.6871301775 0 0.70857988125 0 0.7825443787499999
10 0.6015625 0.47411242625 0.646875 0.47559171624999996 0.6890625 0.47337278125 0.725 0.48002958625 0.7578125 0.47781065125 0.765625 0.44304733749999997 0.7828125 0.4275147925 0.7640625 0.41642011875 0.7375 0.41420118375000003 0.7140625 0.42529585750000004 0.6640625 0.4341715975 0.6015625 0.47411242625
