16 0.83923224625 0.827751225 0.8827165625000001 0.82075704 0.8910797512499999 0.8156612674999999 0.8867560412500001 0.77613594625 0.85131403375 0.715825945 0.8372643150000001 0.6495390025000001 0.8220290425000001 0.6148049425 0.80648822 0.59344360375 0.6941611249999999 0.61415401 0.54317756625 0.633902345 0.51243512625 0.6424190824999999 0.373493705 0.65873027 0.35097084125 0.6633530962499999 0.34727356625 0.6726634687499999 0.34917418499999997 0.72165142 0.41006628874999995 0.7203943875000001 0.4205286875 0.73017770625 0.434165895 0.78910123 0.4427796575 0.80353973875 0.4385782375 0.86033169 0.44266969875 0.86935373375 0.433606775 0.86948980875 0.43344483500000003 0.8816606687499999 0.45921581125000005 0.88230205 0.5800497075 0.8552940099999999 0.58600813375 0.84869186875 0.67254592625 0.8383090787499999 0.7245370425000001 0.8250172612500001 0.83923224625 0.827751225
16 0.7670310512499999 0.39368542625 0.75967315125 0.390368175 0.36449175250000004 0.4528590775 0.35894583750000003 0.46682463875 0.35910477999999996 0.54120391375 0.32016109 0.54264556125 0.30329110125 0.554038965 0.29831963625 0.56319708375 0.2992882725 0.57672205875 0.30494114875 0.5834926375 0.33975672375000004 0.5949669437499999 0.34427902250000003 0.60038340625 0.35425560500000003 0.6466793049999999 0.36911501874999997 0.6521119475 0.499980475 0.63849281 0.5451698175 0.6280452975 0.7169712149999999 0.607127465 0.79076713125 0.59522212375 0.80437068375 0.58953351125 0.80494513375 0.58472607 0.78233363375 0.5576437587499999 0.7576259224999999 0.42913221999999995 0.7670310512499999 0.39368542625
16 0.6398688625 0.22489392375 0.59669009875 0.2185153875 0.5560780362500001 0.2014723625 0.54064417375 0.2008471625 0.33325415875 0.24920699124999998 0.34764608125 0.2801832125 0.34288853875 0.3308136075 0.31609394749999997 0.34955424999999996 0.307856045 0.36441715875 0.31390310499999996 0.38952015500000003 0.35420961749999996 0.41993589875 0.35756469 0.44593624499999995 0.3752597025 0.4492696775 0.629794655 0.40654328874999995 0.7663313137500001 0.38872573000000005 0.77467917375 0.3080488225 0.7659401250000001 0.2838431775 0.743023075 0.27013358625 0.7383754887499999 0.25494998375 0.71177949 0.2395817675 0.67299774 0.22885255625 0.6694440749999999 0.23696106875 0.6642037125 0.23755390875 0.6398688625 0.22489392375
16 0.33543314 1 0.36160151874999996 0.996197095 0.3853099375 0.9600213875 0.39683260375 0.9284846837499999 0.41571317 0.900265235 0.43689153875000003 0.8528160174999999 0.43933295375 0.83238439 0.4319413975 0.76445500125 0.422359 0.73649151875 0.41600638875 0.72476124375 0.40482592500000003 0.7209872274999999 0.33711372124999994 0.736057565 0.2672473275 0.76915580875 0.18174847875 0.83573771125 0.21979022 1 0.33543314 1
16 0.2129013175 1 0.215751365 0.9946164512500001 0.215213565 0.9774858949999999 0.1813359675 0.8283742924999999 0.22740531 0.79974661875 0.26484256500000003 0.7676494375 0.18966549875 0.7586663849999999 0.16175866 0.7650839112500001 0.08718970125 0.8159055525 0.06394877375000001 0.8265376799999999 0.03686695875 0.84768204125 0.0360052825 0.8548932062500001 0.0625433075 0.989718555 0.1485863125 1 0.2129013175 1
16 0 0.7965036012500001 0.0798684525 0.79065030125 0.14986013375 0.76731919625 0.15072181 0.7601080337499999 0.11701848375000001 0.7609568412500001 0.0918219575 0.7555080187500001 0.088812085 0.60764681875 0.03486537 0.604857685 0 0.60792285 0 0.7965036012500001
16 0 0.599698915 0.04834363625 0.589401935 0.09821721500000001 0.572200025 0.15812235624999998 0.5683870175 0.16257434624999997 0.5311293425 0.118390295 0.53316383125 0.10735344375 0.52818795375 0.10344524375000001 0.40947591625 0.011453167500000002 0.37897926875000004 0 0.38595779375 0 0.599698915
16 0.24051071125 0.66843931625 0.251153375 0.6550827787500001 0.32416091999999996 0.60651260375 0.3278581975 0.59720222875 0.32206171125 0.59163351125 0.22326785875 0.56398116875 0.16420606875000002 0.57155201375 0.10218338875 0.57145493125 0.08999763875 0.57609393625 0.08884873750000001 0.58570882125 0.09521368250000001 0.759570365 0.1593538975 0.76357754 0.211757525 0.75764914 0.32182347125 0.73423050375 0.33713204750000003 0.7250885662500001 0.3432524125 0.70631556375 0.34901524375000004 0.6472721450000001 0.34438598374999996 0.62111954375 0.31816584375 0.6350527425 0.313014115 0.6673507212500001 0.2605371825 0.7171551175 0.25274844375 0.7174434475 0.24341662 0.7090142425 0.23693872124999998 0.68751683 0.24051071125 0.66843931625
16 0.3276136175 0.40456768125000003 0.31984320625 0.39388701249999997 0.2440213825 0.34703726375000005 0.11175645125000001 0.35073700875 0.10226268749999999 0.35447866375 0.10140101124999999 0.36168982624999996 0.1093273675 0.533299905 0.25036800124999997 0.5318678075 0.34196589125000004 0.5440320375000001 0.357974205 0.5398497975000001 0.35503464125 0.434662735 0.3393135525 0.43644125500000003 0.32669696375 0.4446858425 0.31802822249999996 0.463154335 0.27251500624999997 0.497943565 0.257224755 0.49611650375000005 0.24579372 0.47280820875 0.24766068375 0.45718402249999995 0.26539234749999996 0.4385794575 0.32447246625 0.42003961250000005 0.3276136175 0.40456768125000003
13 0.259262995 0.7170028625 0.27670743375 0.7008020175 0.28747538625 0.69721261625 0.3188289275 0.6619504387499999 0.32708515624999995 0.6361185275 0.34138844375 0.635389615 0.34553488375 0.61150466 0.34016923499999996 0.60233036125 0.32742736 0.60080781 0.25526316375 0.6531358224999999 0.24603829875 0.6654427562499999 0.241173795 0.6953370124999999 0.24695195625 0.71187473 0.259262995 0.7170028625
13 0.31547984875 0.46284982375 0.32131298875 0.4464805425 0.35532186625 0.43225901499999997 0.35505296625 0.42369373625 0.35151762875000003 0.42083324875 0.27825951 0.44986914624999996 0.25857224625 0.45239276250000005 0.2524518825 0.47116576375 0.2610473175 0.49657326875 0.27535060625 0.49584435499999996 0.28032206875 0.4866862375 0.31547984875 0.46284982375
12 0 0.37498605249999994 0.007792545 0.3663516425 0.04233922 0.36926067250000005 0.06373150875 0.36328373124999996 0.10123907375 0.37386068625 0.10055766125 0.35793199000000003 0.1116128375 0.35193886874999997 0.22603914374999998 0.34610755249999997 0.24274719375 0.34688500875 0.2800928175 0.369632825 0.29396526875 0.3725094925 0.32190876125 0.3441539675 0.34288853875 0.3308136075 0.33971373125 0.2816734025 0.286595035 0.20706097 0.2414423475 0.19557048375 0.1498444575 0.18340625374999997 0.05928850875 0.14089100125 0.04302962125 0.12553896375 0.01160577 0.11812700375 0 0.2152529725 0 0.37498605249999994