11 0.29475668375 0.44889445625 0.5065708624999999 0.36074432625 0.5258992125 0.33006204250000004 0.5351478924999999 0.2728509675 0.54548673375 0.24698784624999998 0.54266301 0.21366629125 0.5291474825 0.20204266499999998 0.5339326725 0.16609353875 0.4950883825 0.1143438925 0.45492602625000006 0.10249057375 0.42880864750000003 0.10850867375 0.40803717125 0.10367781000000001 0.38768119 0.14071688125 0.36315215500000003 0.16547835500000002 0.2152407475 0.28686445 0.20678068625 0.2979314025 0.20681195125 0.3167837725 0.22039001 0.3661121375 0.24921716 0.4290377325 0.26828633875 0.4507473625 0.29475668375 0.44889445625
11 0.30674449125 1 0.30670813875 0.9780804275 0.27247255625 0.8882990574999999 0.29855867125 0.8634285875000001 0.2946760525 0.81761145 0.27134002375 0.72706711875 0.2384850375 0.6350941575 0.21209738 0.5824725537500001 0.19302820125 0.560762925 0.16811493625 0.56250683625 0.17076217625 0.59374579375 0.19148222874999998 0.67190353625 0.13475271625 0.68634931875 0.10519947874999999 0.7072725825 0.2385788325 0.69165126375 0.2434578175 0.7122592475 0.0706533025 0.743210005 0.02952584625 0.77541821125 0.03834997875 0.87954807125 0.06170616625 0.87791315375 0.07486872875 0.885371585 0.08565433 0.92023076625 0.14286186875 0.98535965375 0.1491769575 1 0.30674449125 1
13 0.25453385375 0.71357888375 0.26267221500000004 0.717199105 0.314055825 0.7136022875000001 0.52008844875 0.6866104362500001 0.5306350362500001 0.68168228125 0.5306037725 0.6628299124999999 0.5186453225000001 0.65109729 0.44234844625 0.65643802 0.25500077125 0.68212193625 0.24325006999999998 0.69132428125 0.25453385375 0.71357888375
13 0.055611959999999995 0.7505477412499999 0.23464479125 0.71916100625 0.24381078250000002 0.7164244424999999 0.243603035 0.69548947625 0.23978294625 0.68737707625 0.21486968125 0.6891209875 0.04967407875 0.717444175 0.036189815 0.7246729175 0.0363975625 0.74560788375 0.055611959999999995 0.7505477412499999
13 0.7099027675 0.061597913750000004 0.55088406 0.16281200250000002 0.52620980625 0.20434325125 0.561316695 0.1935059875 0.6489487775 0.13709298125 0.71807239375 0.084070505 0.7195982075 0.06510914 0.7099027675 0.061597913750000004
11 0.00049988875 0.03374245625 0.00328849625 0.22197348625 0.01287188875 0.22770685499999999 0.043338803749999995 0.236048945 0.10509252 0.22544137374999998 0.1503617675 0.18665839250000002 0.1677488075 0.13306753999999998 0.13683513125 0.06400314875 0.13192488125000001 0.02454279625 0.00049988875 0.03374245625
14 0.7461553525 0.63726669125 0.72206197 0.61171885125 0.68897907875 0.5909901725000001 0.6562804175 0.59327905625 0.6466162425 0.6086201987500001 0.63510455375 0.65760987875 0.64483125875 0.6799734737500001 0.69736756 0.7454293475 0.7105301224999999 0.7528877799999999 0.7340315275 0.7344830899999999 0.75271647625 0.73317515625 0.7647576137500001 0.6904332687500001 0.74257427625 0.6689416275000001 0.7461553525 0.63726669125
9 0.33965280625 0.49812552875 0.31682606875 0.50600823875 0.36054934375000003 0.5783658675000001 0.40048379375000004 0.6614634687500001 0.51468001625 0.6597546624999999 0.5216142625 0.6676490724999999 0.51524072875 0.6848548225000001 0.41749771125 0.69588667 0.411975325 0.7046530375000001 0.42917683250000005 0.8521904537499999 0.45747453374999997 0.9088682575 0.5011665425 0.96237351875 0.524553995 0.9795909712499999 0.5768200175 0.9864071375000001 0.5917161424999999 0.99583917375 0.742752815 0.9852667087499999 0.7498010150000001 0.9575389774999999 0.74709124625 0.8885952825 0.7346547700000001 0.79728799 0.71590729125 0.760891185 0.60166869625 0.632716005 0.51055838375 0.57415018875 0.47110195875000005 0.57062725875 0.44163140875 0.53707601375 0.406814955 0.51437373125 0.33965280625 0.49812552875
0 0.27673323624999996 0.014406308750000001 0.27414852625 0.02087208875 0.2580482875 0.0157142425 0.13348196 0.02443380125 0.13792529125 0.0953511 0.1528526825 0.123635505 0.18957917875 0.1503939875 0.31314914 0.16688358250000002 0.37939761125 0.15386643125000002 0.39631773375 0.131732525 0.38388125875 0.040425232500000005 0.3385494825 0.041503475 0.30787481875 0.01222641875 0.27673323624999996 0.014406308750000001
11 0.549349195 0.3849842325 0.54776085 0.3662408575 0.57037984125 0.33742318375 0.5710232425 0.30804883375 0.56285361625 0.2855762425 0.5414074750000001 0.29126735875000004 0.52313802 0.33444522624999995 0.503456705 0.36096231500000003 0.44984135125 0.37519010875 0.39728489125000005 0.40191348374999997 0.39473144625 0.42723163375 0.40954488375 0.49113818000000004 0.39885307750000004 0.51283610625 0.45185629624999996 0.5468350325 0.5032399075 0.543238215 0.51234336875 0.5027969125 0.5667160775 0.42357262875 0.56321768875 0.400773055 0.549349195 0.3849842325
14 0.48253960749999997 0 0.4557973325 0.0018719412499999999 0.44439959625000003 0.015239481249999999 0.45600507999999995 0.0228069075 0.46017813375000005 0.0350845025 0.45312993375 0.0628122325 0.46946918625 0.10775741500000001 0.53375618875 0.1640109425 0.5514135075 0.16905979375000002 0.6834636875 0.08230318875 0.709404585 0.07420249125 0.7054392787499999 0.0828598625 0.71322467375 0.08231489 0.8376972075000001 0.017038225 0.8582807825000001 0 0.48253960749999997 0
9 0.5960726749999999 0.49274601500000004 0.7096254962499999 0.52041155875 0.7329816825000001 0.51877664125 0.8285131124999999 0.42619652125 0.8392049187499999 0.40449859250000003 0.83899717125 0.38356362625 0.8313569925000001 0.3673388275 0.80138826125 0.34639215874999996 0.7918380374999999 0.32611116 0.73601109625 0.25879067875 0.7065718112499999 0.24409180249999998 0.6677587862500001 0.21119452375000003 0.6268905 0.19101081625 0.5815587237500001 0.19208905999999998 0.5521819674999999 0.21509492125000002 0.5619399387499999 0.25631088625 0.56620678625 0.32514558875 0.5423836825 0.3582374525 0.54344257875 0.37073303625000004 0.58376125875 0.4768482 0.5960726749999999 0.49274601500000004
9 0.86114703 0 0.85429562875 0.0095914925 0.82488760875 0.013744985000000001 0.73049776125 0.06434617875 0.71633883125 0.08209690124999999 0.65238463625 0.1221878175 0.5824098725 0.18364967750000002 0.66949234875 0.21316812625 0.7086583387500001 0.25023059875000003 0.7297827800000001 0.25922665625 0.75649213625 0.29716108625 0.7698311825 0.306702115 0.778997175 0.30396555124999997 0.81230797125 0.25344994875 0.8236744437500001 0.22123004125 0.8241413625 0.18977309375 0.85986038625 0.1307091125 0.8941675487499999 0.05498435625 0.90567923875 0.0059946750000000005 0.9051712399999999 0 0.86114703 0
12 0.83072675625 0.82198727875 0.81183406 0.802360245 0.80469206375 0.7735308675 0.7911765362500001 0.76190724125 0.74510756375 0.7358027262500001 0.72054726375 0.7417118325 0.7105301224999999 0.7528877799999999 0.7430321437499999 0.84069554625 0.7722949462500001 0.85331182625 0.79465476625 0.8768860637500001 0.8150732775 0.8775517325 0.833965975 0.89717876625 0.84122192125 0.89038600125 0.84048472625 0.8632032425 0.83072675625 0.82198727875
14 0.20863025749999997 0.5785253487500001 0.2586443775 0.68815173875 0.3871760125 0.6707748087500001 0.39789908375000005 0.6679292499999999 0.39839726625 0.6553246724999999 0.37130367875 0.59437268 0.3138883925 0.50830882375 0.26952171750000004 0.46532554249999997 0.19192693375 0.41838335375 0.1327266625 0.40367277625 0.0735576575 0.40781456624999995 0.037246655 0.42292601750000003 0.006677865 0.45075588875 0.00766608 0.51746038375 0.025290262499999997 0.72543588 0.09153873125 0.7124187275 0.13475271625 0.68634931875 0.18819158875 0.6700389275 0.17058569375000002 0.59166319625 0.17260969125 0.5600972550000001 0.19302820125 0.560762925 0.20863025749999997 0.5785253487500001
14 0.33756957625 1 0.353275295 0.9915803649999999 0.38973151375 0.9596991425 0.40612218749999995 0.9313174449999999 0.42333274625 0.8756439949999999 0.42911430250000004 0.814485715 0.4264357975 0.76439438875 0.41388537 0.70870923625 0.40192692 0.696976615 0.27650944375000003 0.7141355575 0.26769641624999996 0.7210373149999999 0.2752226425 0.77288425625 0.2901812975 0.82002103 0.29353446875 0.8595903774999999 0.28266618 0.8792057074999999 0.26918191625 0.88643444875 0.26850725000000003 0.89695643 0.2865800625 0.943875215 0.29741177875 1 0.33756957625 1
