14 0.1083984375 0.56640625 0.1064453125 0.70182291625 0.1064453125 0.85807291625 0.119140625 0.9375 0.1494140625 0.97786458375 0.1787109375 1 0.2314453125 0.9921875 0.3115234375 0.97395833375 0.3251953125 0.98828125 0.3486328125 1 0.3837890625 0.98177083375 0.423828125 0.98177083375 0.45703125 0.97916666625 0.46875 0.99088541625 0.5048828125 0.98567708375 0.52734375 0.94791666625 0.642578125 0.92578125 0.6953125 0.88151041625 0.7080078125 0.8046875 0.6962890625 0.71354166625 0.681640625 0.5859375 0.6572265625 0.43229166625 0.625 0.38411458375 0.6171875 0.35677083375 0.5400390625 0.37369791625 0.4423828125 0.38541666625 0.32421875 0.39973958375 0.2392578125 0.41015625 0.15234375 0.42578125 0.1494140625 0.44791666625 0.1201171875 0.5052083337500001 0.1083984375 0.56640625
17 0.3544921875 0.71223958375 0.357421875 0.70572916625 0.375 0.671875 0.3564453125 0.609375 0.345703125 0.6028645837500001 0.318359375 0.6341145837500001 0.3193359375 0.66015625 0.3310546875 0.69270833375 0.3544921875 0.71223958375
5 0.19921875 0.76041666625 0.1708984375 0.83463541625 0.16796875 0.90494791625 0.1982421875 0.97005208375 0.2431640625 0.98697916625 0.302734375 0.97135416625 0.359375 0.93619791625 0.4169921875 0.90625 0.466796875 0.86979166625 0.3935546875 0.8515625 0.37109375 0.8125 0.349609375 0.7734375 0.3544921875 0.71354166625 0.3173828125 0.68359375 0.2763671875 0.65755208375 0.25390625 0.67057291625 0.2333984375 0.7109375 0.19921875 0.76041666625
5 0.37109375 0.80859375 0.38671875 0.84244791625 0.408203125 0.85807291625 0.4609375 0.8671875 0.4970703125 0.87239583375 0.5185546875 0.88541666625 0.55078125 0.89583333375 0.5869140625 0.90885416625 0.6220703125 0.8984375 0.6201171875 0.87109375 0.638671875 0.84375 0.6328125 0.79166666625 0.6123046875 0.71614583375 0.587890625 0.66276041625 0.55078125 0.6158854162499999 0.5078125 0.5872395837500001 0.4794921875 0.6158854162499999 0.455078125 0.64192708375 0.4189453125 0.65625 0.376953125 0.67447916625 0.3603515625 0.70442708375 0.3505859375 0.73958333375 0.353515625 0.78255208375 0.37109375 0.80859375
17 0.2265625 0.6380208337500001 0.26171875 0.6119791662499999 0.2841796875 0.6223958337500001 0.3076171875 0.60546875 0.3291015625 0.6145833337500001 0.3486328125 0.640625 0.333984375 0.69661458375 0.3408203125 0.69921875 0.3544921875 0.66666666625 0.3603515625 0.6315104162499999 0.3671875 0.64322916625 0.375 0.6341145837500001 0.388671875 0.625 0.376953125 0.6184895837500001 0.3701171875 0.5989583337500001 0.3857421875 0.5768229162499999 0.3642578125 0.5494791662499999 0.3720703125 0.5325520837500001 0.3935546875 0.5104166662499999 0.4111328125 0.48567708375 0.404296875 0.47395833375 0.384765625 0.49609375 0.337890625 0.5416666662499999 0.3115234375 0.5442708337500001 0.296875 0.5260416662499999 0.279296875 0.5390625 0.26953125 0.57421875 0.25390625 0.58984375 0.2216796875 0.6158854162499999 0.1875 0.640625 0.1884765625 0.64453125 0.1953125 0.65625 0.2265625 0.6380208337500001
17 0.3203125 0.5559895837500001 0.3486328125 0.5416666662499999 0.3515625 0.5143229162499999 0.35546875 0.49088541625 0.330078125 0.484375 0.2998046875 0.48697916625 0.2568359375 0.49869791625 0.2216796875 0.52734375 0.20703125 0.5533854162499999 0.2412109375 0.5872395837500001 0.2568359375 0.5729166662499999 0.279296875 0.5377604162499999 0.2978515625 0.5234375 0.3203125 0.5559895837500001
17 0.2763671875 0.66145833375 0.287109375 0.64453125 0.2861328125 0.6223958337500001 0.2646484375 0.61328125 0.248046875 0.625 0.2333984375 0.640625 0.2216796875 0.65494791625 0.208984375 0.67447916625 0.2099609375 0.6953125 0.2080078125 0.71484375 0.208984375 0.72526041625 0.2109375 0.74088541625 0.2412109375 0.6953125 0.263671875 0.66145833375 0.2763671875 0.66145833375
17 0.3046875 0.61328125 0.287109375 0.62109375 0.2880859375 0.64583333375 0.2998046875 0.67578125 0.3330078125 0.69661458375 0.3212890625 0.66276041625 0.3046875 0.61328125
7 0.4033203125 0.6380208337500001 0.3935546875 0.65364583375 0.40625 0.66015625 0.4462890625 0.6393229162499999 0.4658203125 0.6236979162499999 0.48828125 0.6041666662499999 0.4853515625 0.5846354162499999 0.4775390625 0.56640625 0.4638671875 0.5572916662499999 0.4599609375 0.5403645837500001 0.4482421875 0.53125 0.435546875 0.52734375 0.419921875 0.5052083337500001 0.3984375 0.5013020837500001 0.369140625 0.5455729162499999 0.3837890625 0.5520833337500001 0.40625 0.5716145837500001 0.416015625 0.5950520837500001 0.4033203125 0.6380208337500001
7 0.466796875 0.55859375 0.478515625 0.56640625 0.4853515625 0.5807291662499999 0.4873046875 0.6041666662499999 0.51171875 0.5768229162499999 0.505859375 0.5481770837500001 0.5107421875 0.5260416662499999 0.501953125 0.4921875 0.5087890625 0.4609375 0.521484375 0.43880208375 0.5029296875 0.43359375 0.48828125 0.42838541625 0.474609375 0.42838541625 0.4599609375 0.43229166625 0.4482421875 0.44791666625 0.4296875 0.4609375 0.43359375 0.49739583375 0.4462890625 0.52734375 0.44921875 0.5299479162499999 0.4599609375 0.5260416662499999 0.466796875 0.55859375
7 0.5107421875 0.5208333337500001 0.5087890625 0.546875 0.5107421875 0.58203125 0.5244140625 0.5911458337500001 0.55859375 0.62109375 0.5830078125 0.65234375 0.6025390625 0.67317708375 0.6015625 0.64973958375 0.6162109375 0.6236979162499999 0.615234375 0.58984375 0.607421875 0.5546875 0.6083984375 0.5260416662499999 0.61328125 0.49739583375 0.6015625 0.48697916625 0.6064453125 0.44791666625 0.5888671875 0.43229166625 0.5615234375 0.41145833375 0.54296875 0.41145833375 0.5341796875 0.421875 0.525390625 0.43880208375 0.5107421875 0.45963541625 0.5048828125 0.48958333375 0.5107421875 0.5208333337500001
5 0.279296875 0.29036458374999996 0.3076171875 0.30338541625000004 0.3330078125 0.31640625 0.3037109375 0.26302083374999996 0.2919921875 0.265625 0.275390625 0.2421875 0.275390625 0.25651041625000004 0.2529296875 0.27734375 0.27734375 0.26953125 0.2744140625 0.2890625 0.279296875 0.29036458374999996
5 0.6025390625 0.29166666625000004 0.61328125 0.31380208374999996 0.63671875 0.32682291625 0.650390625 0.28515625 0.6396484375 0.265625 0.6337890625 0.26171875 0.6318359375 0.24869791625 0.615234375 0.22395833375 0.59375 0.22395833375 0.595703125 0.22265625 0.5947265625 0.22005208375 0.5908203125 0.2265625 0.58203125 0.24739583375 0.5830078125 0.28776041625000004 0.5908203125 0.27864583374999996 0.6025390625 0.29166666625000004
5 0.4501953125 0.25911458374999996 0.431640625 0.25 0.4130859375 0.24479166625 0.3818359375 0.25911458374999996 0.3759765625 0.28125 0.37890625 0.32421875 0.4072265625 0.33072916625 0.4326171875 0.32682291625 0.4453125 0.30078125 0.4541015625 0.29036458374999996 0.4501953125 0.25911458374999996
5 0.3232421875 0.22265625 0.3330078125 0.20703125 0.349609375 0.21223958375 0.36328125 0.21484375 0.3759765625 0.19140625 0.3828125 0.15755208375000002 0.3779296875 0.13411458375000002 0.369140625 0.12109375 0.35546875 0.1171875 0.3349609375 0.13151041624999998 0.3330078125 0.140625 0.3212890625 0.13541666624999998 0.306640625 0.17057291625 0.3095703125 0.20703125 0.3232421875 0.22265625
5 0.4658203125 0.1953125 0.4560546875 0.16145833375 0.455078125 0.140625 0.443359375 0.12890625 0.4326171875 0.12109375 0.4296875 0.14322916624999998 0.4072265625 0.13020833375000002 0.392578125 0.13802083375000002 0.3955078125 0.16666666625 0.4013671875 0.1953125 0.41796875 0.203125 0.4365234375 0.19270833375 0.451171875 0.20963541625 0.458984375 0.2109375 0.4658203125 0.1953125
5 0.482421875 0.31640625 0.5068359375 0.30598958374999996 0.5146484375 0.28385416625000004 0.5087890625 0.25 0.4833984375 0.23046875 0.458984375 0.23046875 0.44921875 0.25 0.451171875 0.2734375 0.455078125 0.29817708374999996 0.482421875 0.31640625
5 0.3486328125 0.2109375 0.3310546875 0.20963541625 0.3193359375 0.22786458375 0.3193359375 0.25651041625000004 0.328125 0.27734375 0.341796875 0.28515625 0.357421875 0.296875 0.361328125 0.27994791625000004 0.3779296875 0.26041666625000004 0.37109375 0.23307291625 0.3642578125 0.21614583375 0.3486328125 0.2109375
5 0.5439453125 0.2578125 0.5361328125 0.2421875 0.5224609375 0.22916666625 0.50390625 0.2265625 0.4931640625 0.234375 0.51171875 0.25390625 0.5166015625 0.28776041625000004 0.515625 0.30598958374999996 0.525390625 0.29947916625000004 0.5419921875 0.29557291625000004 0.541015625 0.27473958374999996 0.5439453125 0.2578125
5 0.54296875 0.16796875 0.5263671875 0.15625 0.5068359375 0.15364583375000002 0.4912109375 0.16796875 0.494140625 0.18489583375 0.5029296875 0.20442708375 0.5224609375 0.21223958375 0.546875 0.234375 0.5537109375 0.234375 0.5654296875 0.2109375 0.5703125 0.19140625 0.560546875 0.17447916625 0.54296875 0.16796875
5 0.36328125 0.21484375 0.373046875 0.234375 0.3740234375 0.25520833374999996 0.3857421875 0.25651041625000004 0.412109375 0.2421875 0.4345703125 0.24869791625 0.43359375 0.23697916625 0.4287109375 0.22135416625 0.443359375 0.21223958375 0.447265625 0.20052083375 0.4365234375 0.18880208375 0.4189453125 0.20442708375 0.4033203125 0.19791666625 0.392578125 0.17708333375 0.380859375 0.18229166625 0.3798828125 0.20052083375 0.369140625 0.19921875 0.36328125 0.21484375
5 0.3603515625 0.05859375 0.353515625 0.03645833375 0.34375 0.016927083750000002 0.3330078125 0.018229166249999998 0.328125 0.03776041625 0.314453125 0.049479166250000005 0.294921875 0.044270833749999995 0.2939453125 0.06380208375 0.275390625 0.041666666250000005 0.2958984375 0.08203125 0.326171875 0.09765625 0.35546875 0.08072916625 0.3603515625 0.05859375
5 0.580078125 0.24609375 0.578125 0.21875 0.5625 0.2109375 0.5556640625 0.23567708375 0.53515625 0.22135416625 0.5087890625 0.20833333375 0.494140625 0.23046875 0.5205078125 0.22786458375 0.5419921875 0.24869791625 0.54296875 0.27734375 0.544921875 0.29817708374999996 0.5546875 0.30598958374999996 0.5634765625 0.29166666625000004 0.578125 0.28385416625000004 0.576171875 0.26692708374999996 0.580078125 0.24609375
5 0.3583984375 0 0.34765625 0.018229166249999998 0.359375 0.0546875 0.3564453125 0.08072916625 0.3427734375 0.08723958375 0.3486328125 0.11197916625 0.3642578125 0.11848958375 0.376953125 0.12760416624999998 0.3818359375 0.15104166624999998 0.3818359375 0.17447916625 0.3935546875 0.17057291625 0.4013671875 0.19270833375 0.392578125 0.12890625 0.40234375 0.109375 0.4189453125 0.11588541625 0.4208984375 0.07161458375 0.4462890625 0.05859375 0.4111328125 0.05078125 0.3974609375 0.02734375 0.388671875 0.03255208375 0.384765625 0 0.3583984375 0
5 0.5732421875 0.21744791625 0.583984375 0.22265625 0.6005859375 0.22135416625 0.615234375 0.22005208375 0.615234375 0.19140625 0.62890625 0.16536458375 0.6044921875 0.14583333375000002 0.583984375 0.16666666625 0.5712890625 0.17447916625 0.572265625 0.19140625 0.5693359375 0.20833333375 0.5732421875 0.21744791625
5 0.4619140625 0.20833333375 0.4482421875 0.20833333375 0.4345703125 0.22265625 0.4365234375 0.24479166625 0.44921875 0.24739583375 0.4677734375 0.22786458375 0.4912109375 0.23177083375 0.5087890625 0.20703125 0.498046875 0.19791666625 0.4912109375 0.16666666625 0.5 0.15104166624999998 0.4794921875 0.13020833375000002 0.4580078125 0.14322916624999998 0.4580078125 0.16536458375 0.4658203125 0.19401041625 0.4619140625 0.20833333375
5 0.5712890625 0.11588541625 0.5595703125 0.10546875 0.5439453125 0.11328125 0.5322265625 0.11067708375 0.521484375 0.11197916625 0.515625 0.12109375 0.505859375 0.109375 0.5009765625 0.11588541625 0.501953125 0.14973958375000002 0.51953125 0.15104166624999998 0.53125 0.14192708375000002 0.55859375 0.16015625 0.5859375 0.16276041625 0.59375 0.14322916624999998 0.5888671875 0.10807291625 0.5712890625 0.11588541625
5 0.3564453125 0.29817708374999996 0.3466796875 0.2890625 0.34375 0.31510416625000004 0.3603515625 0.328125 0.3759765625 0.33463541625 0.3759765625 0.26822916625000004 0.3662109375 0.28515625 0.3564453125 0.29817708374999996
5 0.4208984375 0.11197916625 0.4267578125 0.11979166625 0.4384765625 0.12630208375000002 0.4560546875 0.14322916624999998 0.478515625 0.12630208375000002 0.4990234375 0.1484375 0.5 0.11197916625 0.4892578125 0.11848958375 0.4814453125 0.10807291625 0.478515625 0.06770833375 0.46484375 0.06770833375 0.4521484375 0.055989583749999995 0.4228515625 0.06770833375 0.419921875 0.08463541625 0.4208984375 0.11197916625
5 0.498046875 0.04296875 0.486328125 0.06380208375 0.501953125 0.08463541625 0.5166015625 0.0703125 0.5263671875 0.052083333749999995 0.515625 0.03776041625 0.498046875 0.04296875
5 0.560546875 0.10546875 0.5654296875 0.09375 0.5458984375 0.08072916625 0.533203125 0.08333333375 0.5146484375 0.07421875 0.5166015625 0.11197916625 0.5283203125 0.11067708375 0.5458984375 0.08984375 0.560546875 0.10546875
