5 0.085 0.09803921624999999 0.10333333375 0.093137255 0.205 0.23039215625 0.29666666625 0.38480392125 0.33333333375 0.43137254875000003 0.385 0.470588235 0.455 0.50490196125 0.48 0.5098039212500001 0.51166666625 0.49509803875 0.515 0.41421568625 0.465 0.2647058825 0.42 0.19607843125 0.36333333375000004 0.14215686249999998 0.26166666625 0.00245098 0.00333333375 0 0 0.11519607875 0.053333333749999996 0.08823529375 0.085 0.09803921624999999
5 0.23666666625000002 0.57352941125 0.34666666625 0.6691176475 0.395 0.74509803875 0.45166666624999996 0.9215686275 0.47666666625 0.965686275 0.52833333375 0.96323529375 0.5466666662499999 0.94117647 0.57166666625 0.845588235 0.565 0.69362745125 0.55833333375 0.68137254875 0.52333333375 0.659313725 0.42333333375000004 0.49754902 0.34166666625 0.43627451 0.30333333375 0.3921568625 0.215 0.35049019625 0.12666666625 0.340686275 0.01833333375 0.35539215625 0.07333333375 0.3897058825 0.23666666625000002 0.57352941125
5 0 0.5612745100000001 0.08666666625 0.57107843125 0.11333333375 0.5857843137500001 0.275 0.77696078375 0.33 0.81617647 0.38333333375 0.840686275 0.42 0.88480392125 0.43833333375 0.8897058825 0.43666666625 0.85539215625 0.41166666625 0.7990196075 0.39833333375 0.74754902 0.34333333375 0.6691176475 0.23833333375 0.5686274512499999 0.07833333375 0.3897058825 0 0.340686275 0 0.5612745100000001
5 0 0.85294117625 0.10333333375 0.82107843125 0.16666666625 0.81862745125 0.23833333375 0.8284313725 0.30833333375 0.8578431375 0.34 0.8284313725 0.33666666624999997 0.81617647 0.24833333375 0.74754902 0.10333333375 0.5759803925 0.043333333749999994 0.5612745100000001 0 0.57352941125 0 0.85294117625
5 0 0.87009803875 0.07333333375 0.86764705875 0.12833333375 0.8872549024999999 0.16833333374999998 0.91176470625 0.20666666625000002 0.965686275 0.22333333374999997 0.95833333375 0.33333333375 0.96078431375 0.35 0.92892156875 0.35 0.88235294125 0.34333333375 0.86519607875 0.32166666624999996 0.86764705875 0.27833333374999997 0.83823529375 0.19 0.80882353 0.115 0.80637254875 0 0.845588235 0 0.87009803875
5 0.735 0.89705882375 0.75666666625 0.90196078375 0.76666666625 0.8897058825 0.815 0.87990196125 0.8516666662500001 0.8602941175 0.8466666662500001 0.779411765 0.8616666662500001 0.7058823525 0.8616666662500001 0.656862745 0.84833333375 0.60539215625 0.82 0.5833333337500001 0.8216666662500001 0.5563725487500001 0.815 0.5441176475 0.79166666625 0.52696078375 0.77 0.5441176475 0.75 0.5784313725 0.7316666662500001 0.6715686275 0.70833333375 0.67892156875 0.6916666662500001 0.6740196075 0.61166666625 0.60049019625 0.515 0.49509803875 0.47 0.5073529412500001 0.42333333375000004 0.4852941175 0.525 0.656862745 0.585 0.7034313725 0.66666666625 0.7328431375 0.735 0.89705882375
5 0.61666666625 0.29166666625000004 0.6633333337499999 0.28431372499999996 0.6833333337499999 0.2990196075 0.745 0.29166666625000004 0.785 0.25980392125 0.785 0.22794117625 0.80666666625 0.13970588250000002 0.80666666625 0.1102941175 0.7983333337499999 0.1078431375 0.75166666625 0.1372549025 0.69333333375 0.156862745 0.57666666625 0.159313725 0.47166666625 0.13235294125 0.31666666625 0.06617647 0.36333333375000004 0.14460784375 0.42 0.19607843125 0.47666666625 0.28431372499999996 0.61666666625 0.29166666625000004
5 0.25833333375 0 0.30333333375 0.05637254875 0.325 0.07107843124999999 0.47833333375000003 0.14215686249999998 0.59666666625 0.17647058875 0.6733333337499999 0.16421568625 0.75833333375 0.13480392125 0.8 0.10539215625000001 0.845 0.041666666250000005 0.84 0 0.25833333375 0
5 0.8416666662500001 0 0.8466666662500001 0.05147058875 0.8116666662500001 0.09558823500000001 0.8083333337499999 0.15441176499999998 0.88 0.29166666625000004 0.9133333337499999 0.375 0.935 0.44362745124999997 0.93166666625 0.470588235 0.9366666662500001 0.49509803875 0.95333333375 0.5 1 0.39460784375 0.99666666625 0.26960784375 0.98833333375 0.2058823525 0.97 0.14705882375 0.9516666662500001 0.11764705875 0.95333333375 0.1078431375 0.975 0.10294117625 0.9866666662500001 0.08578431375 0.9816666662500001 0.041666666250000005 0.9666666662500001 0 0.8416666662500001 0
5 1 0.64460784375 0.97333333375 0.60539215625 0.9616666662500001 0.5637254899999999 0.8883333337499999 0.47549019625 0.82833333375 0.32352941125 0.795 0.2622549025 0.78666666625 0.2622549025 0.70833333375 0.29656862749999996 0.56 0.2941176475 0.54833333375 0.2990196075 0.545 0.31127451 0.6633333337499999 0.39950980375 0.7366666662500001 0.47549019625 0.80666666625 0.49509803875 0.8516666662500001 0.52696078375 0.90666666625 0.60294117625 0.9383333337499999 0.69362745125 0.99166666625 0.75735294125 1 0.75735294125 1 0.64460784375
