3 0.94059331375 1 0.94168814375 0.9871160837499999 0.9220284712500001 0.9394992974999999 0.9098527799999999 0.8365182925000001 0.59905462375 0.81733249 0.585632055 1 0.94059331375 1
3 0.62780966 0.2480720325 0.584599735 0.2524928625 0.51449976125 0.273220325 0.45382808249999995 0.3042041125 0.37641385 0.3090367625 0.34529508124999997 0.41358553125 0.30496000875 0.4380454775 0.29451663875 0.47051751125 0.30889155125 0.49374793250000004 0.36026109 0.533752585 0.39704372499999996 0.62035930875 0.41847929 0.65092534125 0.46173148374999995 0.64793104375 0.50916947625 0.63223324125 0.610767325 0.67372613875 0.6747365325 0.6770468024999999 0.69054919625 0.67181420125 0.74399180375 0.5508235075000001 0.7620459574999999 0.4672668575 0.74192134 0.40395820125 0.66480428375 0.26484626250000004 0.650725245 0.251601575 0.62780966 0.2480720325
3 0.45914101125 0.30387883625 0.5069737225000001 0.27584029375 0.5445464375 0.26080037125 0.6248216525 0.2498762725 0.63818214125 0.23886988875 0.64672281375 0.21916901 0.63722407375 0.20653512875000002 0.55179133625 0.14604235625 0.40618069625 0.056211097499999994 0.28641576375 0.120125815 0.14582088499999998 0.199576535 0.008411038749999999 0.28387256375 0.01215877125 0.410358535 0.0680240725 0.44812092625 0.16264558625 0.51078633625 0.16890293625000002 0.5166728625 0.23914401875 0.4750454575 0.29588372 0.439669325 0.34825446 0.4108150525 0.37869672875 0.3090968025 0.45914101125 0.30387883625
3 1 0.0300971975 0.82500399 0.02586224375 0.84002613875 0.17358639499999998 0.9966866375 0.1744274375 1 0.16910355249999998 1 0.0300971975
3 0.5840067824999999 1 0.5896956825 0.9120663299999999 0.5345638875000001 0.79641030375 0.21025069625 0.73169015375 0.26575098125 0.6031589275 0.085751785 0.63583311625 0.24890199500000001 1 0.5840067824999999 1
3 0.41316591 0.65123539875 0.38396523000000005 0.58955819875 0.36415057500000003 0.53671079 0.31141394875 0.50189166125 0.28021086 0.5779323075 0.208728625 0.7316450562500001 0.57444767125 0.8080441075 0.6331048112500001 0.68340716875 0.6100483325 0.6751225137500001 0.508464575 0.6341051275 0.46026554375000006 0.6497803824999999 0.41316591 0.65123539875
3 0.7204272374999999 0.6023780049999999 0.7032613562500001 0.63892669625 0.68767390375 0.6774225312500001 0.63141366875 0.67765593625 0.5758852050000001 0.80523614 0.5361141374999999 0.797406425 0.58642611375 0.904367955 0.59899804125 0.8154228375 0.71935428625 0.82278969875 0.8164030525 0.5054520525 0.75994557125 0.49902830125000003 0.74323054375 0.55079335125 0.7204272374999999 0.6023780049999999
3 1 0.5974340125 0.94997802625 0.59967763625 0.8739872375000001 0.60122680625 0.88985517625 0.7261715225 0.9059771512499999 0.80836532875 0.91640534375 0.90369305625 0.9219296212499999 0.93616311125 0.9369526374999999 0.9812670475 0.9434354175 0.99476175375 0.9425373525 1 1 1 1 0.5974340125
3 1 0.49844248999999996 0.9454135524999999 0.3943019075 0.835713535 0.18201029999999999 0.67696696375 0.21341382125 0.6842383037499999 0.30484726125 0.72725032875 0.3707344375 0.74695226875 0.4197777575 0.76330010625 0.45826963499999995 0.7613831050000001 0.4962203325 0.82564818625 0.5095267324999999 0.7900197812499999 0.590187195 0.7662016174999999 0.6588451550000001 0.778237285 0.6544508299999999 0.77832182125 0.6573038975 0.78136596125 0.6573940937499999 0.88120265625 0.63944809375 0.87091492 0.6001855875 1 0.595511205 1 0.49844248999999996
3 0.16026072125 1 0.027544634999999998 0.87830663 0.029601226249999998 0.99904137 0.0619549925 1 0.16026072125 1
3 0.01621646625 0.54730575375 0.09220725249999999 0.54575658375 0.08194813125 0.45613498999999996 0.0137653775 0.41325670125 0.01621646625 0.54730575375
3 0.25023036 1 0.16416505 0.81869208375 0.022810657499999998 0.718534875 0.026050742499999998 0.87921255375 0.1534942925 1 0.25023036 1
3 0.67307660125 0.28741317 0.684550005 0.11006807375 0.6774477349999999 0.0243407675 0.30293397625 0.0103935025 0.30727388875 0.10554083375 0.40316473375 0.057071922500000004 0.66205622625 0.22342408375 0.63082539375 0.24720359875 0.67307660125 0.28741317
3 0.05838704625 0.1228712825 0.05590604 0.19311164125000002 0.29380155625 0.01012291125 0.006102145 0.00064829625 0.0064394149999999995 0.11468078125 0.05838704625 0.1228712825
3 0.0835265575 0.4580821325 0.09074154125 0.54761352875 0.016160110000000002 0.54540370875 0.021288586249999998 0.71848977625 0.0989419 0.773050925 0.14705595999999999 0.80583271125 0.15277792125 0.79364981375 0.08718932125000001 0.6330251462500001 0.18403823375000003 0.61689099625 0.20174037125000002 0.49579151250000003 0.17036864875 0.514815915 0.0835265575 0.4580821325
3 0.8774007362499999 0.25450953375 0.952546605 0.173119585 0.84154820875 0.17363149374999998 0.81887366875 0.024262923750000002 0.75349487875 0.02469364125 0.684775865 0.066366145 0.67846085625 0.2125078975 0.8343323562499999 0.18672031375 0.8774007362499999 0.25450953375
3 0.008298325 0.28006847375 0.060499995 0.24550806749999998 0.05697769 0.1266302725 0.00331074125 0.1117375175 0.008298325 0.28006847375
3 0.86916698875 0.64384241875 0.77524950125 0.6562626775 0.72098906875 0.82663888625 0.90036833875 0.77304220625 0.86916698875 0.64384241875
3 0.9050186487499999 0.82734067625 0.89893080375 0.7758501750000001 0.71794493 0.8265486900000001 0.90679432625 0.83594497625 0.9050186487499999 0.82734067625
3 0.238413985 0.14245822625000001 0.16772248125 0.117559165 0.056131467500000004 0.20071982 0.060528172500000005 0.24645908875 0.238413985 0.14245822625000001
3 1 0.17174146375 0.9510245362499999 0.17307448625 0.87469474 0.26583160625 0.95660343375 0.41268701999999996 1 0.4944353025 1 0.17174146375
