13 0.5382052212499999 0 0.43668878499999997 0.2702632425 0.3803655575 0.44757216624999996 0.39026292375 0.74246729875 0.42093382375 0.75374962625 0.45316886500000003 0.750104905 0.4586494325 0.7373617849999999 0.4414986725 0.45338964625 0.58782231375 0 0.5382052212499999 0
13 0.6423065787500001 0 0.5702180175 0.34306048625 0.542341045 0.5403896850000001 0.5443225537499999 0.5589569875 0.5800222 0.5680542675 0.59902486875 0.56368306 0.60606957875 0.5360128925000001 0.682459245 0.0339513875 0.68241398625 0 0.6423065787500001 0
13 0.682415895 0 0.59984746375 0.55166866125 0.6029412949999999 0.5658669887500001 0.6390117162500001 0.57350794625 0.6597872112500001 0.570956865 0.66815292625 0.55566489625 0.7101173575 0.021933637500000002 0.70850662375 0.00191001125 0.6972524225 0 0.682415895 0
13 0.62466702125 0.5771504325 0.62046086625 0.5673210787499999 0.6040536175 0.5614980150000001 0.57218935 0.5636864112500001 0.56530673 0.57315308 0.5219849212500001 0.97482536125 0.5912472625 0.971747035 0.62466702125 0.5771504325
13 0.6225234199999999 0.57678663125 0.61165547 0.67217422125 0.58681125375 0.97194419125 0.6552251825000001 0.9689035724999999 0.7402209375 0.09692821374999999 0.7400933000000001 0.07107928875 0.73366250125 0.06998788375000001 0.705343885 0.07581653375 0.6975576262500001 0.10639934999999999 0.66712165 0.55093212125 0.66052875875 0.568044215 0.6225234199999999 0.57678663125
13 0.10656775 0 0.08935475875 0.0183704575 0.061175918749999995 0.1290511325 0.17641482625 0 0.10656775 0
13 0.17250321124999998 0 0.06080514375 0.13050745625 0.023727722500000003 0.27613992374999996 0.23386875125 0 0.17250321124999998 0
13 0.26349223875 0 0.05938077875 0.25028653 0.05604381125 0.26339345375 0.07311156125 0.27540561875 0.09669115874999999 0.27940743875 0.10711943 0.27358102375000004 0.23772709875 0.11191781499999999 0.31886411249999996 0 0.26349223875 0
13 0.349611825 0 0.06954359625 0.39482088875000004 0.0687210025 0.40683528875 0.08970518 0.42103138125 0.11831352499999999 0.4228481575 0.12696896875 0.415201615 0.35524217125 0.054380145000000005 0.3953558525 0 0.349611825 0
13 0.69026156625 0.64449511625 0.67842493875 0.96787247125 0.7497941450000001 0.9647005075 0.755704195 0.527984675 0.78217715625 0.046317302500000004 0.77916437 0.023017225 0.75846992125 0.01646655625 0.74412522625 0.020109042499999997 0.7397569799999999 0.02848318875 0.72950294 0.09510920375 0.69026156625 0.64449511625
13 0.8669626975 0.5301552 0.8665453325 0.49666084875000005 0.78514334875 0.03466670375 0.77921096125 0.057967899999999996 0.7856538987499999 0.13806240375 0.78114784 0.32264625 0.80834395625 0.5232451975 0.8168373112499999 0.533802155 0.84004613375 0.53926030125 0.8669626975 0.5301552
13 0.43046897 0 0.30955589875 0.24260983 0.22652478875 0.44577102875 0.2202216275 0.4705285475 0.231229355 0.4799929825 0.25517972624999996 0.48253847875 0.27455316875 0.47671094625000004 0.3431585375 0.28629398375000004 0.47406103375 0 0.43046897 0
13 0.39573647 0 0.34324976 0.07513360875 0.12548587125 0.42102691375 0.10277546125 0.4399613675 0 0.5925936525000001 0 0.6773415199999999 0.0269632925 0.6762519987500001 0.15929719374999998 0.48145824374999996 0.36745540499999996 0.12937695500000002 0.43162392625 0 0.39573647 0
13 0.51177497375 0 0.29425079375 0.434476415 0.235737375 0.57647086125 0.14651860375 0.7512354062500001 0.13724924875 0.7876435225 0.1600872975 0.79455799375 0.19046846750000002 0.7981948950000001 0.20415265999999999 0.7883633075 0.5323262175 0.01758700375 0.5386346375 0 0.51177497375 0
13 0.3786762425 0.54674252125 0.2081104925 0.94703709125 0.2736823025 0.9581656375000001 0.3873094975 0.65499416625 0.3786762425 0.54674252125
13 0.59254133 0 0.5468041775 0.12065928375 0.486750465 0.43349303 0.45183175499999995 0.59478625125 0.45103433375 0.64217395375 0.45724261499999996 0.7421882625 0.44777985000000003 0.74920039875 0.4196434425 0.74824232625 0.39499697125 0.87088831875 0.41548811 0.8785940987499999 0.4361534675 0.88210132875 0.4557012025 0.88199488 0.5012327775 0.63199552375 0.60937211625 0 0.59254133 0
13 0.940666205 0.64346244125 0.9236144237499999 0.554915165 0.8504451199999999 0.12471508249999999 0.82890867 0.022344094999999998 0.79327631625 0.01629673375 0.90215327875 0.746660605 0.91356782625 0.7511371712499999 0.940666205 0.64346244125
13 0.8316579000000001 0.02281068125 0.8403984437500001 0.05135585625 0.94094939 0.643588035 0.971595165 0.52321775125 0.8773852675 0.030571320000000003 0.8316579000000001 0.02281068125
13 0.30912956999999996 0 0.10360429375 0.27221811875 0.09795814875 0.27625203625 0.0907803 0.27687905 0.03558716375 0.3519451825 0 0.39945102 0 0.4926282575 0.311504685 0.04100312 0.34241634 0 0.30912956999999996 0
13 0.0725064975 0.8107644974999999 0.11234196499999999 0.81522101 0.2497864775 0.54178438625 0.27383554374999997 0.48279043875 0.23093826750000002 0.47893333374999997 0.22653281625000002 0.47824303375 0.05109063125 0.7937915700000001 0.0725064975 0.8107644974999999
13 0.8367005425 0.960838 0.8337684 0.91557349875 0.81780661 0.711909625 0.80050608375 0.50542482125 0.7824413225000001 0.30853608250000003 0.77585050375 0.23683228125 0.7561743387500001 0.77625278 0.77513650125 0.96357418 0.8367005425 0.960838
13 0.9563580325 0.24819682 0.92930158375 0.07943271625000001 0.9239288837499999 0.0385199425 0.8783690325000001 0.030738279999999996 0.97455661375 0.51158579125 0.9754421275 0.508107675 0.9821617725 0.3569156775 0.9563580325 0.24819682
13 0.95942218375 0.15787099375 0.984373645 0.30714854375 0.9913113137499999 0.151051 0.96166502125 0.04487489375 0.929677605 0.039446135 0.95942218375 0.15787099375
13 0.51716085 0.55412898125 0.44271573125 0.9715230862500001 0.45884797874999994 0.9776314475 0.5060233012500001 0.97553476625 0.5291298812499999 0.8432911875000001 0.5663244975 0.56162614125 0.5486766937499999 0.55601966875 0.567306275 0.41462212125000003 0.5916642525 0.2451786525 0.57481039125 0.23815339125 0.54406150625 0.38225612624999994 0.51716085 0.55412898125
