3 0.32448377624999997 0.659292035 0.28908554625 0.6969026549999999 0.22566371624999998 0.8030973450000001 0.21977114875 0.83043908625 0.21612664250000002 0.85949061 0.22063653 0.8858753625 0.24336283125000002 0.9269911500000001 0.2787610625 0.9491150437500001 0.31563421875 0.9513274337500001 0.33185840749999995 0.94247787625 0.4085545725 0.9358407074999999 0.41150442499999995 0.9690265487499999 0.42772861375 0.9734513275000001 0.7876106199999999 0.6991150437500001 0.8141592925000001 0.6747787612499999 0.8200589975 0.65707964625 0.8436578175 0.64823008875 0.8495575225 0.59513274375 0.840707965 0.5 0.8510324487500001 0.4535398225 0.84808259625 0.409292035 0.8362831862500001 0.38716814125 0.8097345137499999 0.36725663750000004 0.76253687375 0.36061946874999995 0.64601769875 0.4203539825 0.44690265500000004 0.5619469025 0.32448377624999997 0.659292035
3 0.59882005875 0.07300885 0.6120943950000001 0.090707965 0.61651917375 0.14380531 0.6297935100000001 0.17920354 0.6297935100000001 0.4203539825 0.64011799375 0.42256637124999996 0.7153392325 0.37168141624999995 0.7964601775 0.61283185875 0.82153392375 0.659292035 0.8126843662500001 0.67920354 0.75073746375 0.7323008849999999 0.828908555 0.74778761 0.8731563425000001 0.73672566375 0.8849557525 0.7190265487499999 0.8805309737499999 0.5796460175 0.8849557525 0.49557522125 0.8908554575 0.47787610625 0.9144542775 0.4557522125 0.91297935125 0.444690265 0.8908554575 0.43584070750000004 0.8952802362500001 0.0796460175 0.87020649 0.05088495625 0.828908555 0.03982300875 0.8097345137499999 0.042035398749999994 0.77433628375 0.06637168125 0.6873156337499999 0.0619469025 0.66076696125 0.06858407125 0.62831858375 0.00663716875 0.60766961625 0 0.5914454275 0.015486726250000001 0.5899705012500001 0.03982300875 0.59882005875 0.07300885
3 1 1 0.99852507375 0.68141592875 0.8879056049999999 0.7234513275000001 0.87020649 0.7455752212500001 0.79498525125 0.7544247787499999 0.68879056 0.7898230087500001 0.68141592875 0.7986725662499999 0.6991150437500001 0.8318584075 0.7109144537500001 0.8362831862500001 0.70206489625 0.85176991125 0.7109144537500001 0.8672566374999999 0.7359882 0.8783185837499999 0.75368731625 0.86283185875 0.72418879 0.8893805312499999 0.758112095 0.9579646012499999 0.75958702125 0.9690265487499999 0.75368731625 0.97566371625 0.7654867262499999 1 1 1
3 0.7669616525 1 0.730088495 0.8915929199999999 0.7610619475 0.8650442475 0.80678466125 0.8827433625000001 0.83480826 0.8650442475 0.8687315637499999 0.78539823 0.8657817112499999 0.75221239 0.8451327437499999 0.7433628312499999 0.817109145 0.7654867262499999 0.81858407125 0.805309735 0.74926253625 0.84292035375 0.70501474875 0.8296460175 0.67846607625 0.7898230087500001 0.6637168137499999 0.7920353987500001 0.5088495575 0.909292035 0.505899705 0.9203539825 0.49115044249999995 0.92256637125 0.45722713875 0.9491150437500001 0.44247787625 0.9823008849999999 0.44542772875 0.9955752212500001 0.44100295 1 0.7669616525 1
3 0.32743362875000004 0.39823008875 0.19321533875 0.77433628375 0.18141592875 0.8849557525 0.19764011750000002 0.9535398225 0.21681415874999999 0.97566371625 0.241887905 0.97787610625 0.26548672624999997 0.9623893800000001 0.269911505 0.9469026549999999 0.25073746375 0.9247787612499999 0.24631268375 0.909292035 0.25073746375 0.8915929199999999 0.2610619475 0.88716814125 0.34808259625 0.9247787612499999 0.39380530999999996 0.9269911500000001 0.39675516250000004 0.90707964625 0.3731563425 0.85176991125 0.33333333375 0.7079646012499999 0.32153392375 0.6858407074999999 0.32300885 0.6681415925 0.41740413 0.58628318625 0.61356932125 0.44247787625 0.635693215 0.41814159250000005 0.62831858375 0.37168141624999995 0.588495575 0.3119469025 0.3908554575 0.19247787625 0.3820059 0.20575221249999998 0.36725663750000004 0.27212389375 0.32743362875000004 0.39823008875
3 0.2669616525 1 0.2551622425 0.9690265487499999 0.22418879 0.980088495 0.19616519125 0.9513274337500001 0.18141592875 0.8915929199999999 0.18141592875 0.85398230125 0.19616519125 0.7610619475 0.28908554625 0.50663716875 0.31563421875 0.41592920375 0.28908554625 0.40707964625000004 0.15339233 0.40707964625000004 0.15486725625 1 0.2669616525 1
3 0.15191740375 1 0.15339233 0.9933628312499999 0.1504424775 0.46460177 0.1150442475 0.4557522125 0.06637168125 1 0.15191740375 1
3 0 0.31637168125 0.0029498525 0.55752212375 0.076696165 0.61283185875 0.09587020624999999 0.61061946875 0.1032448375 0.5818584075 0.112094395 0.46460177 0.14749262500000002 0.46238937999999996 0.1504424775 0.409292035 0.16519174 0.40707964625000004 0.17699114999999999 0.39380530999999996 0.21091445374999998 0.409292035 0.31858407125 0.40486725625 0.36578171125 0.28097345125 0.38643067875 0.19911504375 0.38348082625 0.15486725625 0.37463126875 0.14601769875 0.27728613625000004 0.18141592875 0.14159292 0.2610619475 0 0.31637168125
3 0.37463126875 0.14823008875 0.38053097375 0.1526548675 0.38938053125000005 0.19026548625 0.4203539825 0.20796460125 0.435103245 0.20575221249999998 0.44395280249999997 0.19469026499999997 0.52359882 0.07300885 0.5324483775000001 0.00221239 0.17551622375 0 0.27433628375 0.1327433625 0.28613569375000003 0.16371681375000002 0.32448377624999997 0.1703539825 0.37463126875 0.14823008875
3 0.84808259625 0 0.84218289125 0.042035398749999994 0.8731563425000001 0.053097345000000004 0.8967551625 0.08185840750000001 0.8908554575 0.43362831874999996 0.93362831875 0.46017699125 0.9528023600000001 0.409292035 0.98820059 0.36946902625 0.9911504425 0.32522123875 0.994100295 0.34292035374999996 1 0.34292035374999996 1 0 0.84808259625 0
3 0.06342182874999999 0 0.18879056 0.17699114999999999 0.206489675 0.17699114999999999 0.2728613575 0.13938053125 0.17846607625 0 0.06342182874999999 0
3 1 0.42256637124999996 0.97787610625 0.3849557525 0.970501475 0.38274336249999996 0.9557522125 0.40044247749999995 0.93362831875 0.46017699125 0.9159292037500001 0.45796460125000005 0.8849557525 0.49336283125 0.8820059 0.6681415925 0.88643067875 0.7212389374999999 1 0.6858407074999999 1 0.42256637124999996
