14 0.7875 0.1125 0.7984375 0.12708333375 0.8171875 0.125 0.8328125 0.11041666624999999 0.8390625 0.00416666625 0.7796875 0 0.7703125 0.01041666625 0.7671875 0.02916666625 0.7875 0.1125
14 0.7234375 0.2125 0.753125 0.1875 0.7046875 0.09583333375 0.6921875 0.0875 0.65625 0.11458333375 0.68125 0.23333333374999998 0.7234375 0.2125
14 0.8328125 0.16875 0.8390625 0.18958333375 0.846875 0.19375 0.8515625 0.175 0.903125 0.18541666625 0.9125 0.16041666625 0.9046875 0.12916666625 0.86875 0.06458333375 0.85 0.06041666625 0.8359375 0.07083333374999999 0.834375 0.08333333375 0.8328125 0.16875
14 0.840625 0.29791666625 0.884375 0.31041666625000003 0.8921875 0.26875 0.90625 0.23333333374999998 0.91875 0.22291666625 0.921875 0.19791666625 0.9 0.18333333375 0.859375 0.175 0.8484375 0.17708333375 0.846875 0.18541666625 0.840625 0.29791666625
14 0.909375 0.1375 0.940625 0.13333333375 0.95625 0.12083333375000001 0.9609375 0.10416666625 0.9671875 0.02708333375 0.953125 0.00833333375 0.9296875 0.00625 0.8828125 0.08125 0.884375 0.09791666624999999 0.909375 0.1375
14 0.5828125 0.37291666625 0.6375 0.22708333374999998 0.6046875 0.20416666625000002 0.5546875 0.18958333375 0.54375 0.22916666625 0.534375 0.35 0.5828125 0.37291666625
14 0.728125 0.61666666625 0.7296875 0.67708333375 0.7484375 0.69375 0.7578125 0.7145833337499999 0.771875 0.7166666662500001 0.7921875 0.69375 0.7984375 0.62916666625 0.80625 0.60833333375 0.80625 0.56458333375 0.7953125 0.5520833337500001 0.75625 0.5520833337500001 0.7421875 0.58125 0.74375 0.59583333375 0.728125 0.61666666625
14 0.5390625 0.53958333375 0.5421875 0.55625 0.58125 0.6 0.603125 0.53541666625 0.6234375 0.5 0.625 0.47708333375 0.6 0.44375 0.5640625 0.4375 0.546875 0.44375 0.5375 0.4625 0.5390625 0.53958333375
14 0.3890625 0.64583333375 0.403125 0.67708333375 0.425 0.66458333375 0.45625 0.6604166662500001 0.4953125 0.6354166662499999 0.5328125 0.58541666625 0.53125 0.55416666625 0.50625 0.5125 0.4890625 0.5 0.465625 0.49791666625 0.4375 0.52708333375 0.390625 0.62916666625 0.3890625 0.64583333375
14 0.4078125 0.72916666625 0.471875 0.76666666625 0.4890625 0.76875 0.525 0.72708333375 0.5375 0.70208333375 0.53125 0.66875 0.521875 0.6583333337499999 0.5046875 0.65625 0.4203125 0.6625 0.409375 0.6833333337499999 0.4078125 0.72916666625
14 0.4578125 0.82708333375 0.4671875 0.8708333337499999 0.5046875 0.86458333375 0.54375 0.83541666625 0.5859375 0.82708333375 0.6125 0.78958333375 0.6171875 0.75625 0.6078125 0.7208333337499999 0.5734375 0.6895833337499999 0.553125 0.6875 0.5234375 0.7166666662500001 0.4625 0.80416666625 0.4578125 0.82708333375
14 0.5 0.8625 0.5 0.8708333337499999 0.525 0.9 0.540625 0.8875 0.5796875 0.8791666662500001 0.621875 0.85208333375 0.6046875 0.8145833337499999 0.59375 0.8083333337499999 0.5625 0.8375 0.534375 0.8416666662500001 0.5 0.8625
14 0.590625 0.99166666625 0.60625 0.98958333375 0.61875 0.97708333375 0.6546875 0.9 0.640625 0.86875 0.6171875 0.85416666625 0.5421875 0.9333333337499999 0.5515625 0.96041666625 0.590625 0.99166666625
14 0.0890625 0.13541666624999998 0.1 0.18333333375 0.1640625 0.17291666625000002 0.2171875 0.12083333375000001 0.215625 0.09375 0.2046875 0.08125 0.1484375 0.07708333375 0.103125 0.08333333375 0.0890625 0.09791666624999999 0.0890625 0.13541666624999998
14 0.70625 0.48333333375000004 0.74375 0.46041666625 0.765625 0.46458333375000005 0.7671875 0.44375 0.7921875 0.42291666624999996 0.7953125 0.4 0.7890625 0.38125 0.775 0.36666666625 0.7578125 0.36458333375 0.7 0.41666666625 0.696875 0.45416666624999996 0.70625 0.48333333375000004
14 0.859375 0.6125 0.9 0.62291666625 0.903125 0.55 0.875 0.5520833337500001 0.871875 0.52916666625 0.8484375 0.50416666625 0.8171875 0.56041666625 0.8171875 0.57916666625 0.859375 0.6125
14 1 0.5208333337500001 0.990625 0.5208333337500001 0.9796875 0.52916666625 0.9796875 0.57083333375 0.9859375 0.58958333375 1 0.59166666625 1 0.5208333337500001
14 0.1703125 0.21875 0.19375 0.22291666625 0.203125 0.20416666625000002 0.2203125 0.19583333374999998 0.26875 0.18958333375 0.2703125 0.1625 0.259375 0.12916666625 0.225 0.11458333375 0.1671875 0.16875 0.1640625 0.20208333374999998 0.1703125 0.21875
14 0.2515625 0.125 0.2734375 0.16041666625 0.2984375 0.12916666625 0.2984375 0.10625 0.2828125 0.07916666625 0.2421875 0.06666666625 0.228125 0.08958333375000001 0.2234375 0.11875 0.2515625 0.125
14 0.234375 0.07083333374999999 0.253125 0.06666666625 0.2796875 0.07708333375 0.29375 0.09375 0.3 0.11458333375 0.309375 0.11875 0.3265625 0.08958333375000001 0.328125 0.05 0.3125 0.03541666625 0.275 0.02916666625 0.2546875 0.00833333375 0.253125 0.02708333375 0.21875 0.052083333749999995 0.234375 0.07083333374999999
14 0.2234375 0.33541666625 0.2703125 0.325 0.275 0.2875 0.2734375 0.2 0.259375 0.19166666625 0.23125 0.19166666625 0.203125 0.20416666625000002 0.1953125 0.22083333375 0.2234375 0.33541666625
14 0.009375 0.28958333375 0.0171875 0.31041666625000003 0.025 0.3125 0.0296875 0.27083333374999996 0.0375 0.25416666625 0.0703125 0.23541666625000002 0.0375 0.18958333375 0.021875 0.18541666625 0.0015625 0.19791666625 0 0.23541666625000002 0.009375 0.28958333375
14 0.0234375 0.33125 0.0265625 0.35625 0.0703125 0.35416666625 0.0859375 0.325 0.1140625 0.30625 0.1125 0.27916666625000003 0.0953125 0.25 0.059375 0.23958333375 0.040625 0.24791666625 0.0296875 0.26666666625 0.0234375 0.33125
14 0.128125 0.32083333375 0.15 0.34583333375 0.178125 0.35625 0.209375 0.33541666625 0.2234375 0.33541666625 0.221875 0.30208333374999996 0.2125 0.27083333374999996 0.1859375 0.24375 0.159375 0.24166666625000002 0.13125 0.26666666625 0.125 0.2875 0.128125 0.32083333375
14 0.071875 0.38333333375 0.0875 0.41458333375 0.1171875 0.42291666624999996 0.153125 0.39791666625 0.165625 0.37916666624999995 0.1671875 0.3625 0.1625 0.34583333375 0.146875 0.3375 0.1265625 0.31041666625000003 0.1078125 0.30625 0.0890625 0.31458333374999997 0.075 0.33541666625 0.071875 0.38333333375
14 0 0.44166666624999995 0.0078125 0.47083333375 0.046875 0.45416666624999996 0.046875 0.44166666624999995 0.071875 0.44791666625 0.0953125 0.42083333375000004 0.0765625 0.39375 0.071875 0.35208333375 0.0640625 0.35208333375 0.0109375 0.35833333375000004 0 0.36875 0 0.44166666624999995
14 0.13125 0.41666666625 0.1265625 0.45 0.14375 0.47708333375 0.1578125 0.48125 0.2296875 0.45208333375000004 0.25625 0.42708333375 0.2578125 0.3875 0.246875 0.35625 0.2359375 0.34166666625 0.2125 0.33125 0.1921875 0.33958333375000005 0.165625 0.38125 0.13125 0.41666666625
14 0.3109375 0.39791666625 0.2734375 0.43125 0.2734375 0.45208333375000004 0.296875 0.47916666625 0.309375 0.53541666625 0.31875 0.53541666625 0.3234375 0.48125 0.3453125 0.48958333375 0.3921875 0.36041666624999996 0.390625 0.33958333375000005 0.3703125 0.34583333375 0.3515625 0.375 0.3109375 0.39791666625
14 0.0703125 0.4875 0.1125 0.5520833337500001 0.134375 0.525 0.1671875 0.5104166662499999 0.1640625 0.49375 0.134375 0.45625 0.134375 0.41666666625 0.121875 0.41666666625 0.0859375 0.42291666624999996 0.0640625 0.46041666625 0.0703125 0.4875
14 0.0015625 0.5520833337500001 0.04375 0.5729166662499999 0.046875 0.5833333337500001 0.1109375 0.57083333375 0.1171875 0.5416666662499999 0.0578125 0.45833333375 0.0375 0.45416666624999996 0.021875 0.46458333375000005 0.0015625 0.5 0.0015625 0.5520833337500001
14 0.1109375 0.6 0.1203125 0.625 0.1546875 0.62916666625 0.1703125 0.62291666625 0.2078125 0.57708333375 0.221875 0.57708333375 0.21875 0.56458333375 0.1796875 0.51666666625 0.15625 0.50833333375 0.1375 0.51458333375 0.1171875 0.54375 0.1109375 0.6
14 0.0359375 0.6375 0.0484375 0.66458333375 0.059375 0.67291666625 0.0671875 0.69791666625 0.0796875 0.6875 0.084375 0.65625 0.11875 0.62083333375 0.1171875 0.57916666625 0.1 0.57083333375 0.0609375 0.57708333375 0.0359375 0.59375 0.0359375 0.6375
14 0.0453125 0.58541666625 0.0453125 0.575 0.0234375 0.5625 0 0.5625 0.003125 0.63958333375 0.0359375 0.6125 0.0359375 0.59583333375 0.0453125 0.58541666625
14 0 0.75 0.05625 0.8104166662500001 0.071875 0.8104166662500001 0.090625 0.7875 0.096875 0.7625 0.071875 0.70625 0.078125 0.6833333337499999 0.0609375 0.6625 0.0515625 0.6625 0.0390625 0.64166666625 0.0265625 0.63958333375 0 0.6604166662500001 0 0.75
1 0.4984375 0.64375 0.5265625 0.66666666625 0.540625 0.6916666662500001 0.5671875 0.6895833337499999 0.65625 0.7375 0.7140625 0.75625 0.746875 0.75625 0.75625 0.7458333337499999 0.759375 0.7145833337499999 0.75 0.6875 0.6515625 0.64583333375 0.6046875 0.63958333375 0.559375 0.56875 0.5359375 0.55833333375 0.528125 0.59166666625 0.4984375 0.63125 0.4984375 0.64375
14 0.4984375 1 0.4765625 0.9666666662500001 0.4375 0.96041666625 0.415625 0.96875 0.4015625 1 0.4984375 1
14 0.2375 0.9333333337499999 0.2515625 0.95416666625 0.28125 0.9625 0.359375 0.94375 0.371875 0.89583333375 0.371875 0.8770833337499999 0.365625 0.8729166662500001 0.3703125 0.85208333375 0.34375 0.8416666662500001 0.3140625 0.8416666662500001 0.278125 0.85 0.2375 0.88958333375 0.2375 0.9333333337499999
14 0.2765625 0.675 0.2609375 0.7229166662500001 0.2609375 0.7479166662500001 0.275 0.7791666662500001 0.290625 0.79375 0.328125 0.78958333375 0.3640625 0.7625 0.3671875 0.71875 0.3453125 0.67708333375 0.3 0.64166666625 0.2859375 0.64375 0.2765625 0.65625 0.2765625 0.675
14 0.2421875 0.60208333375 0.2546875 0.61041666625 0.3078125 0.59375 0.3109375 0.5375 0.2578125 0.48541666624999996 0.2375 0.48333333375000004 0.2203125 0.50208333375 0.2171875 0.52916666625 0.2421875 0.60208333375
14 0.409375 0.8625 0.3828125 0.91666666625 0.384375 0.9625 0.4046875 0.98125 0.43125 0.96875 0.4734375 0.96875 0.48125 0.8708333337499999 0.4640625 0.82083333375 0.440625 0.8145833337499999 0.4171875 0.83333333375 0.4171875 0.85833333375 0.409375 0.8625
14 0.365625 0.7479166662500001 0.396875 0.7770833337499999 0.396875 0.82708333375 0.421875 0.84375 0.4375 0.82291666625 0.4390625 0.7770833337499999 0.4109375 0.72708333375 0.4046875 0.6916666662500001 0.3875 0.6833333337499999 0.375 0.6895833337499999 0.3671875 0.70625 0.365625 0.7479166662500001
14 0.35 0.6854166662500001 0.3640625 0.70833333375 0.3828125 0.69375 0.4078125 0.6916666662500001 0.4015625 0.675 0.3640625 0.66458333375 0.3171875 0.625 0.303125 0.64583333375 0.3203125 0.66666666625 0.35 0.6854166662500001
9 0.3625 0.23125 0.3640625 0.29375 0.4015625 0.3375 0.4296875 0.35208333375 0.4828125 0.35625 0.5203125 0.34375 0.534375 0.33125 0.5375 0.31875 0.5421875 0.24375 0.51875 0.13125 0.51875 0.1 0.428125 0.07083333374999999 0.3984375 0.10416666625 0.384375 0.14166666625 0.3625 0.23125
9 0.425 0.06458333375 0.5125 0.1 0.5140625 0.12916666625 0.540625 0.22916666625 0.546875 0.22708333374999998 0.55625 0.19791666625 0.571875 0.19375 0.6265625 0.21666666625 0.6359375 0.22708333374999998 0.6390625 0.24791666625 0.6609375 0.24583333375 0.6859375 0.22916666625 0.6609375 0.13125 0.6609375 0.1125 0.6703125 0.1 0.6671875 0.08541666625 0.5765625 0.01041666625 0.490625 0 0.440625 0.02291666625 0.425 0.052083333749999995 0.425 0.06458333375
9 0.778125 0.32916666624999996 0.778125 0.36875 0.7921875 0.39166666624999996 0.7984375 0.425 0.834375 0.46666666625 0.8375 0.49166666625 0.8671875 0.525 0.8703125 0.54583333375 0.8859375 0.55625 0.9 0.55416666625 0.9125 0.58958333375 0.9609375 0.55 0.9734375 0.50833333375 0.9890625 0.48333333375000004 0.990625 0.4125 0.9828125 0.36875 0.975 0.35416666625 0.953125 0.33958333375000005 0.9171875 0.3375 0.86875 0.30208333374999996 0.8203125 0.29583333375 0.809375 0.3 0.8 0.32083333375 0.778125 0.32916666624999996
9 1 0.29166666625000004 0.9921875 0.25208333374999997 0.9625 0.21458333375 0.9375 0.19791666625 0.9234375 0.19791666625 0.9078125 0.26458333375 0.9109375 0.33125 0.9234375 0.34166666625 0.965625 0.35208333375 0.9859375 0.37916666624999995 1 0.37708333375 1 0.29166666625000004
9 0.584375 0.36666666625 0.58125 0.40625 0.6 0.44166666624999995 0.6203125 0.46041666625 0.6453125 0.44791666625 0.665625 0.41875 0.7234375 0.39791666625 0.7703125 0.35833333375000004 0.734375 0.25 0.71875 0.23541666625000002 0.6875 0.23333333374999998 0.634375 0.25208333374999997 0.61875 0.275 0.584375 0.36666666625
9 0.7359375 0.13333333375 0.734375 0.14583333375000002 0.753125 0.18541666625 0.734375 0.2125 0.7296875 0.23958333375 0.7375 0.27083333374999996 0.7734375 0.33958333375000005 0.7734375 0.36458333375 0.784375 0.37083333375000005 0.8296875 0.32916666624999996 0.828125 0.31875 0.8390625 0.29375 0.84375 0.225 0.8359375 0.19583333374999998 0.790625 0.16458333374999998 0.7875 0.12083333375000001 0.765625 0.08958333375000001 0.746875 0.11041666624999999 0.746875 0.12708333375 0.7359375 0.13333333375
9 0.7921875 0.64583333375 0.7796875 0.69791666625 0.7546875 0.7166666662500001 0.740625 0.8 0.7171875 0.8770833337499999 0.7171875 0.9020833337499999 0.759375 0.92916666625 0.796875 0.9375 0.85625 0.92708333375 0.884375 0.9375 0.9328125 0.92708333375 0.9984375 0.89583333375 1 0.59791666625 0.9953125 0.59791666625 0.9109375 0.61666666625 0.8515625 0.64375 0.7921875 0.64583333375
9 0.66875 0.48125 0.6046875 0.59166666625 0.596875 0.61666666625 0.6015625 0.64583333375 0.6875 0.6583333337499999 0.6953125 0.6520833337499999 0.6921875 0.63958333375 0.7234375 0.63125 0.7390625 0.6145833337500001 0.7578125 0.56875 0.76875 0.50625 0.7640625 0.48125 0.7453125 0.46666666625 0.7203125 0.47708333375 0.6828125 0.47291666624999995 0.66875 0.48125
9 0.365625 1 0.3609375 0.98541666625 0.340625 0.98125 0.3234375 0.95208333375 0.3078125 0.96875 0.3015625 0.9625 0.271875 0.9645833337499999 0.2515625 0.95208333375 0.2390625 0.9333333337499999 0.2390625 0.8791666662500001 0.225 0.85416666625 0.2234375 0.82708333375 0.2296875 0.81875 0.228125 0.7875 0.2359375 0.7520833337499999 0.2453125 0.7375 0.253125 0.67916666625 0.253125 0.66666666625 0.2421875 0.6625 0.2203125 0.67083333375 0.175 0.7208333337499999 0.096875 0.7458333337499999 0.090625 0.7854166662500001 0.09375 0.8770833337499999 0.10625 0.89791666625 0.1265625 0.9125 0.1484375 0.9125 0.1703125 0.925 0.2265625 1 0.2984375 1 0.3078125 0.98333333375 0.3125 1 0.365625 1
