8 0.1579048675 0.93354158125 0.15931603375 0.9457193562499999 0.35315565374999996 0.9986910075000001 0.88024763875 0.9985520975 0.8658491725 0.79139193375 0.8636510587499999 0.7907854325 0.18038754499999998 0.85986823625 0.16501783750000001 0.8728997012499999 0.12385138375 0.9009023962499999 0.1579048675 0.93354158125
8 0.7035597699999999 0 0.38581713 0.0021181725 0.38396569999999997 0.0023484137499999998 0.41806359875 0.19202008625 0.41745087124999997 0.29964136625 0.8361912850000001 0.30261057999999996 0.85856520375 0 0.7035597699999999 0
4 0.56206958375 0.2021567725 0.5530977 0.20459408125 0.51503796875 0.17408610249999998 0.4902667625 0.1938637625 0.39062023625000003 0.37820913375000004 0.34019859875 0.46801562375000005 0.30296541625 0.53067182375 0.5904651525 0.62072786125 0.71954739625 0.65225712875 0.88512741375 0.39100647875 0.9544239874999999 0.29830293874999997 0.881644 0.2864216875 0.881172345 0.2864216875 0.8807683912500001 0.288048 0.77906890625 0.270994895 0.7486128999999999 0.27181546 0.70818602125 0.25316749 0.56206958375 0.2021567725
4 0.58621749 0.4662965975 0.54620862875 0.44279637125 0.5130962075 0.4243566075 0.46696024 0.40811125750000005 0.40849269374999997 0.38688921375 0.38872598625000004 0.37316405750000003 0.37787145625 0.368718795 0.3450744875 0.3669380975 0.3182980775 0.36200875000000005 0.29424941625 0.36324313500000005 0.27645715 0.367070705 0.25719406625 0.3639867875 0.2442558525 0.366569545 0.23098376625 0.37576026749999997 0.21997661624999998 0.37736241375 0.20469850125 0.37432251625 0.18676119624999998 0.4133905375 0.16494629625 0.5070628825 0.160571745 0.55907027 0.16872919625000002 0.58386752375 0.14872745 0.57934956875 0.13405400125 0.57596514 0.13405400125 0.57956021875 0.1431439125 0.5886791325 0.15429073625 0.59410085 0.18249974875 0.60863057375 0.22541594125 0.638993605 0.24366634625 0.64537255875 0.31242093375 0.65746343 0.4832621325 0.7016995875 0.47664841125 0.7095848562499999 0.49873824375 0.7254276175 0.5023206862499999 0.70761488375 0.5352268325 0.6617926799999999 0.5549562237500001 0.6429159425000001 0.571942395 0.6048396225 0.58982137375 0.57974024875 0.6019920249999999 0.57865321 0.6312932637499999 0.53117835375 0.662078765 0.482700825 0.671051 0.45973262624999994 0.67024118 0.4603993775 0.656801895 0.45844113 0.63765965375 0.45896797624999996 0.61407553375 0.46066145 0.58621749 0.4662965975
8 0.22823751125000002 0.37613881499999996 0.24304488500000002 0.36657103625 0.24755148875 0.26132714125 0.41948177375 0.27997183124999997 0.42217918625 0.23117920749999998 0.11660511874999999 0.26465821 0.1151957575 0.2646355575 0.1266113575 0.32850759625000003 0.1427634075 0.3617332225 0.170932595 0.47489630125 0.18538439625 0.419306265 0.20586552125000002 0.374182265 0.22823751125000002 0.37613881499999996
4 0.53051616375 1 0.6909947912500001 0.9986825425000001 0.70434049 0.99238291 0.778206235 0.94921749875 0.80798952875 0.93175445625 0.85251238125 0.92241786375 0.8511403075 0.89069692375 0.79211808625 0.82030873875 0.673721845 0.6767497899999999 0.67116564 0.69081502375 0.6584353825 0.7011680825000001 0.6396460225 0.71730925625 0.6246049312499999 0.7190512075 0.59280324125 0.7138094225 0.55883334125 0.6885742125000001 0.5410833749999999 0.6657756912499999 0.51695669875 0.68651981625 0.50718507625 0.7020266599999999 0.49863724750000005 0.7214819662499999 0.4788345125 0.71293858625 0.48331233875 0.6992754425 0.43293440375000003 0.68575237375 0.3764466 0.670064135 0.33776185499999994 0.66345308875 0.33574044625 0.6649940049999999 0.27894574625 0.68198256875 0.3048320675 0.72140644375 0.34738935249999997 0.7941530375000001 0.38579689 0.8672363774999999 0.41434428124999995 0.90471522125 0.44417453375 0.9544512487500001 0.47371864375 1 0.53051616375 1
4 0.32349049625 0.752882075 0.2956321125 0.7084420275 0.2831439575 0.68222097125 0.33849365875 0.66464675 0.2748768475 0.65138408125 0.27498277000000004 0.6527125087500001 0.2313884 0.71968366375 0.21443832000000002 0.7449935775000001 0.19944876874999998 0.7646320812499999 0.2517824125 0.7831867724999999 0.3633517825 0.82414136875 0.32349049625 0.752882075
8 0.31064807375000003 0.36134477750000005 0.34042900125000003 0.36449773375 0.3917854425 0.37300951499999996 0.4454576625 0.281986365 0.25420346875 0.2605704625 0.247771105 0.2598317025 0.24366058 0.367138465 0.2613982225 0.363433785 0.2754050625 0.36628606249999995 0.31064807375000003 0.36134477750000005
10 1 0.2943496525 0.967722435 0.27823382750000003 0.8972442325 0.2787198275 0.886781145 0.28656420375 0.8872404475000001 0.2858249775 0.66229101875 0.51527548875 0.602845145 0.5709038387500001 0.58764992 0.61182033625 0.58456571875 0.63537966125 0.57395693875 0.63371084375 0.56433805 0.6415656224999999 0.54162913125 0.66008898875 0.54959321375 0.6840283087500001 0.57810233375 0.70600970875 0.6078097487499999 0.71877132375 0.63855127 0.7183053562499999 0.6593638325000001 0.7018606337500001 0.67618652875 0.6839456749999999 0.6713961937499999 0.67603869875 0.6836857525000001 0.6725327824999999 0.71448658 0.66336556375 0.75835771 0.62664481875 0.8355302125 0.55836896875 0.9241887112499999 0.47388928999999996 1 0.39983378375 1 0.2943496525
8 0.2743619125 0.6511939175000001 0.22285481375 0.6368408775000001 0.15860642625000002 0.85812736375 0.39430785874999996 0.876231585 0.36013753875 0.8226944737499999 0.20018262625 0.76594426375 0.2743619125 0.6511939175000001
