17 0.16129032250000003 0.52834008125 0.177419355 0.55870445375 0.19193548375 0.55870445375 0.22419354875 0.53846153875 0.29677419374999997 0.47368421 0.32580645124999996 0.43522267249999996 0.33709677374999997 0.4048583 0.34032258125 0.35425101249999996 0.33548387124999995 0.3279352225 0.32258064500000005 0.32388664 0.26290322625 0.35222672125000004 0.19516129 0.43724696375 0.16129032250000003 0.52834008125
17 0.42580645124999994 0.41902834 0.42258064500000003 0.45748987874999997 0.4338709675 0.5303643725 0.5338709675 0.54858299625 0.59516129 0.50809716625 0.6193548387500001 0.5101214575 0.65322580625 0.46761133625 0.65806451625 0.4291497975 0.66935483875 0.439271255 0.69032258125 0.40890688249999996 0.73064516125 0.39068825875 0.7338709675 0.32995951375 0.7 0.30364372500000003 0.64677419375 0.27732793499999997 0.55322580625 0.27935222625 0.52419354875 0.24493927124999998 0.5161290325 0.24493927124999998 0.46612903250000004 0.2874493925 0.4387096775 0.39473684249999996 0.42580645124999994 0.41902834
17 0.26451612874999997 1 0.39032258124999997 0.9048583000000001 0.4161290325 0.9008097162500001 0.41935483875 0.90688259125 0.4387096775 0.90688259125 0.47419354875 0.85020242875 0.52419354875 0.84615384625 0.5564516125 0.82388664 0.54677419375 0.763157895 0.5290322574999999 0.73481781375 0.49838709625 0.7125506075 0.45806451625 0.7044534412500001 0.4435483875 0.7125506075 0.43709677375 0.7267206475000001 0.43225806499999997 0.7732793524999999 0.3935483875 0.81578947375 0.36451612875 0.82388664 0.3387096775 0.8076923075000001 0.2935483875 0.74291498 0.29838709625 0.7388663962500001 0.29516129 0.7327935225000001 0.28548387125 0.7530364375 0.3112903225 0.8016194337500001 0.33548387124999995 0.8279352225 0.3338709675 0.8340080974999999 0.18548387125000002 0.8542510125 0.18709677374999997 0.8825910924999999 0.33548387124999995 0.86639676125 0.21451612874999998 0.939271255 0.20967741875 0.95951417 0.22096774249999998 0.98785425125 0.20645161250000002 1 0.26451612874999997 1
17 0.81290322625 0.48582996 0.7822580650000001 0.48785425125000004 0.76935483875 0.5101214575 0.81290322625 0.5688259112499999 0.7838709675 0.6052631575 0.7790322575 0.6639676112499999 0.79516129 0.7611336037499999 0.81935483875 0.82591093125 0.8258064512500001 0.82995951375 0.832258065 0.82591093125 0.8338709675 0.78137651875 0.85 0.75910931125 0.86290322625 0.65384615375 0.872580645 0.63562753 0.877419355 0.44534413 0.87419354875 0.3684210525 0.84677419375 0.34210526375 0.82419354875 0.33805668 0.8177419349999999 0.34412955500000003 0.81290322625 0.37651821875 0.81290322625 0.48582996
17 0.11451612875 0.69433198375 0.11451612875 0.7105263162500001 0.13225806499999998 0.7611336037499999 0.15322580625 0.777327935 0.1838709675 0.78340081 0.20483871 0.7732793524999999 0.22419354875 0.74898785375 0.23387096750000003 0.69028340125 0.21935483875 0.6457489875 0.20967741875 0.58299595125 0.17419354875 0.57287449375 0.14516129 0.61336032375 0.13064516125 0.6720647775 0.11451612875 0.69433198375
17 0.222580645 0.7530364375 0.25967741875 0.79757085 0.2661290325 0.82388664 0.277419355 0.8360323887500001 0.31612903249999996 0.83198380625 0.31935483875 0.8178137649999999 0.30161290375 0.7854251012500001 0.29677419374999997 0.72874493875 0.28709677375 0.696356275 0.25645161250000004 0.63360323875 0.23709677375 0.62348178125 0.22096774249999998 0.641700405 0.232258065 0.6821862350000001 0.222580645 0.7530364375
17 0.2790322575 0.20040485875000003 0.20806451625 0.27530364375 0.1838709675 0.3481781375 0.18548387125000002 0.37854251 0.1935483875 0.39271254999999994 0.227419355 0.39473684249999996 0.282258065 0.32591093125 0.3064516125 0.30566801625 0.3112903225 0.27732793499999997 0.3290322575 0.25910931125000003 0.32580645124999996 0.22064777375 0.34032258125 0.18421052625 0.34516129 0.182186235 0.36290322625000004 0.20445344124999998 0.382258065 0.19433198375 0.3838709675 0.17813765125 0.3661290325 0.16599190249999998 0.34838709625 0.17611336000000002 0.31935483875 0.17408906875 0.2790322575 0.20040485875000003
17 0.18709677374999997 0.25101214625 0.2 0.27935222625 0.21935483875 0.27125506125 0.267741935 0.21659919 0.32741935499999997 0.16801619375000001 0.3112903225 0.141700405 0.29032258125 0.13765182125 0.2387096775 0.16599190249999998 0.21290322625000002 0.19028340124999998 0.18709677374999997 0.25101214625
17 0.35 0.28137651874999997 0.38709677374999996 0.30161943375 0.42258064500000003 0.30364372500000003 0.44032258125 0.29149797625 0.45483871 0.29554655875 0.48064516124999995 0.25910931125000003 0.48548387125 0.2267206475 0.47580645125 0.19230769250000002 0.45322580625000003 0.18825910875000001 0.37096774250000003 0.22874493875 0.35 0.25506072875 0.35 0.28137651874999997
17 0.54516129 0.15991902875 0.54838709625 0.20242915 0.5741935487500001 0.25506072875 0.577419355 0.27732793499999997 0.65 0.27935222625 0.6790322575000001 0.29554655875 0.69516129 0.29554655875 0.6548387099999999 0.22064777375 0.59677419375 0.16396761125 0.60161290375 0.12348178125 0.58709677375 0.11538461500000001 0.55806451625 0.1255060725 0.5564516125 0.141700405 0.54516129 0.15991902875
17 0.24677419374999998 0.58906882625 0.26451612874999997 0.6255060725 0.277419355 0.6315789475 0.277419355 0.6457489875 0.30806451625000003 0.66801619375 0.34193548375 0.7307692312499999 0.367741935 0.74089068875 0.382258065 0.73481781375 0.38709677374999996 0.69433198375 0.36290322625000004 0.6457489875 0.36935483875 0.61336032375 0.35161290375 0.5951417 0.34032258125 0.5404858300000001 0.3290322575 0.55870445375 0.25483871 0.56680162 0.24677419374999998 0.58906882625
17 0.32741935499999997 0.30566801625 0.33709677374999997 0.34210526375 0.332258065 0.45748987874999997 0.35322580625 0.48785425125000004 0.35806451625 0.47773279375 0.382258065 0.4696356275 0.4161290325 0.44129554624999995 0.41935483875 0.41700404874999997 0.44677419375 0.35627530375 0.4612903225 0.28137651874999997 0.45967741875 0.2732793525 0.45161290375 0.2732793525 0.42258064500000003 0.30161943375 0.34838709625 0.2874493925 0.32741935499999997 0.30566801625
17 0.19032258124999998 0.5688259112499999 0.20645161250000002 0.574898785 0.227419355 0.5647773275 0.24677419374999998 0.56680162 0.30161290375 0.58906882625 0.332258065 0.5850202425 0.3435483875 0.5910931175 0.3564516125 0.5344129550000001 0.36129032250000004 0.46761133625 0.3290322575 0.43117408875 0.277419355 0.48785425125000004 0.19516129 0.5546558699999999 0.19032258124999998 0.5688259112499999
17 0.40967741875 0.58097166 0.40967741875 0.59919028375 0.39516129 0.6255060725 0.37903225749999997 0.63360323875 0.37741935499999996 0.67004048625 0.39193548375 0.68421052625 0.47580645125 0.70040485875 0.49516129 0.7105263162500001 0.517741935 0.7085020237499999 0.5306451612499999 0.69028340125 0.51935483875 0.5647773275 0.50322580625 0.53846153875 0.45483871 0.5344129550000001 0.39516129 0.54858299625 0.39516129 0.5688259112499999 0.40967741875 0.58097166
17 0.6838709675 0.5566801625 0.66935483875 0.5445344125 0.5935483874999999 0.5566801625 0.577419355 0.5688259112499999 0.567741935 0.58906882625 0.56451612875 0.61943319875 0.65967741875 0.62348178125 0.72580645125 0.6174089075 0.7451612900000001 0.601214575 0.75967741875 0.6052631575 0.77419354875 0.58299595125 0.77419354875 0.5445344125 0.76935483875 0.54251012125 0.7612903225 0.560728745 0.72419354875 0.55263157875 0.6838709675 0.5566801625
17 0.5741935487500001 0.7469635625 0.6338709674999999 0.7530364375 0.64677419375 0.7469635625 0.6612903225 0.7327935225000001 0.6790322575000001 0.68421052625 0.71290322625 0.6315789475 0.7112903224999999 0.615384615 0.64677419375 0.6113360325 0.60161290375 0.6255060725 0.572580645 0.7064777325 0.5741935487500001 0.7469635625
17 0.6983870962500001 0.7206477737500001 0.7080645162499999 0.7307692312499999 0.73548387125 0.7327935225000001 0.7548387099999999 0.67813765125 0.7709677425 0.67004048625 0.7709677425 0.58299595125 0.75967741875 0.57287449375 0.7435483875 0.57287449375 0.7290322575 0.5850202425 0.7 0.6639676112499999 0.6983870962500001 0.7206477737500001
17 0.64838709625 0.47165991875 0.6145161287500001 0.51417004 0.59838709625 0.55870445375 0.6064516125 0.5647773275 0.65 0.560728745 0.672580645 0.5769230774999999 0.6741935487499999 0.54858299625 0.6661290325 0.52226720625 0.7370967737499999 0.4696356275 0.74677419375 0.43319838 0.7338709675 0.42105263125000003 0.7112903224999999 0.45141700375 0.672580645 0.45546558750000005 0.64838709625 0.47165991875