10 0.20213593 0.61241220125 0.20679593624999998 0.612889785 0.20259951 0.61055183875 0.20213593 0.61241220125
13 0.26958222625 0.31161182249999997 0.23574044375 0.31591128749999997 0.37458560625 0.8107886825 0.39967720375 0.80872681 0.41154692249999997 0.79944998625 0.26958222625 0.31161182249999997
13 0.28354785499999996 0.35419864875 0.61890460875 0.5481479175 0.6272490875 0.5146613925 0.27727970625000004 0.31907826125 0.28354785499999996 0.35419864875
13 0.93808378375 0.5823583025 0.9424299387499999 0.5977941525 0.982279 0.58034640625 0.45043827875 0.078989145 0.427712965 0.10991162375 0.8859109275 0.5396715225 0.9066177875 0.54424666125 0.9284450200000001 0.5662437575 0.93808378375 0.5823583025
13 0.16985333 0.35017806375 0.25001502999999997 0.3134222075 0.29018283749999996 0.3111338375 0.6125198375 0.184725135 0.59450751 0.15289826375 0.1621751425 0.33167519375 0.17400627750000003 0.34447123249999995 0.16985333 0.35017806375
13 0.6535981612499999 0.90751998625 0.66060026625 0.9177769675 0.80831999125 0.8784054862499999 0.9566288375 0.8311903375 0.9695028875 0.77404706375 0.79884535 0.83423477375 0.77464233125 0.85464878375 0.7560892575 0.86882800125 0.7432054175 0.86573599375 0.71370978875 0.8854713099999999 0.6535981612499999 0.90751998625
3 0.8708454075000001 0.528858855 0.7344638612500001 0.4021808925 0.6677169575 0.33578738625 0.641022115 0.33332409625 0.64725168125 0.39051734625 0.63512137875 0.48303249625 0.6219576662499999 0.57421524375 0.633615175 0.686339165 0.64876884125 0.773473935 0.67618814125 0.8223455312500001 0.71819098625 0.82365214125 0.7511248975 0.8120369687500001 0.7947502774999999 0.8068323100000001 0.81642288625 0.7856138625 0.8588893125 0.78506011 0.8848018249999999 0.7742243875 0.8803301287499999 0.7647718425 0.87705597125 0.7285955312500001 0.8850624075 0.6909860612500001 0.9003027425000001 0.6627033950000001 0.93306273625 0.61890911 0.93358419375 0.58393945375 0.92660138 0.56264604125 0.9074108062499999 0.5465065075 0.8708454075000001 0.528858855
3 0.25657307500000004 0.45705266 0.13471749 0.44742600000000005 0.06382743125 0.44697460499999997 0.06291005875 0.5109306112499999 0.097796295 0.61738882875 0.12395039125 0.6658582062499999 0.19274483 0.74595294375 0.273408985 0.81677085625 0.2823995025 0.8246483637500001 0.300595245 0.81738263375 0.31822115624999997 0.80692414125 0.33620439875 0.7895521625 0.35035344375 0.7930463875 0.36152778875 0.7865601074999999 0.356969135 0.7610180074999999 0.34553391625 0.7192356187500001 0.259306775 0.6707420537500001 0.19043517000000001 0.6347930425 0.190599295 0.60673687375 0.220007965 0.570912 0.23813604125 0.53652028375 0.24626801875 0.49292751 0.25657307500000004 0.45705266
3 0.55396476625 0.9732210625000001 0.58946767 0.94033746625 0.6168771774999999 0.9289737812500001 0.67481573 0.8992071799999999 0.7295092062499999 0.8824631150000001 0.7551222612499999 0.8454315875 0.7903933750000001 0.8134781725000001 0.762771365 0.8147356062500001 0.6755206025 0.82514492375 0.66347696875 0.802242635 0.6429921075 0.7365020325 0.63174030625 0.6556270437499999 0.62386891 0.61598149375 0.57491233625 0.64258032125 0.47330982 0.6996244425 0.39589102875000004 0.747290985 0.41397102125 0.80624384375 0.38542184874999996 0.8112220037500001 0.41699409625 0.85438676875 0.46041677 0.8993111412499999 0.49535963375000003 0.9234700637500001 0.55396476625 0.9732210625000001
3 0.62408111875 0.49458075 0.63729320875 0.44156042 0.6450678550000001 0.40488113249999996 0.6422765712499999 0.35580802624999996 0.63554483875 0.32254800125000005 0.662809515 0.32820405375 0.5522826075 0.22379966125 0.5377569375 0.23825535375 0.52291252 0.2375516725 0.49837146250000003 0.25384273749999997 0.46766850249999997 0.24006654125000002 0.4301180625 0.2592489075 0.34373659 0.2990467925 0.44034624375 0.39902677750000004 0.51265613 0.44309593375 0.62408111875 0.49458075
3 0.61956134 0.57847278 0.61626789 0.5533329 0.5792582000000001 0.5265091774999999 0.37588846 0.40563960250000003 0.283567085 0.3542047625 0.32291427 0.492197235 0.3582726325 0.60784037 0.4676791675 0.69482280375 0.5264193425 0.667318785 0.5554513875 0.64944383125 0.58163427625 0.615605065 0.61956134 0.57847278