10 0.39243277 0.53001876125 0.38930581625000005 0.5128205125 0.36585365875000003 0.5237648525 0.36429018125 0.49405878625 0.37523452125 0.49093183250000005 0.3721075675 0.42213883625000004 0.39868667875 0.4049405875 0.4080675425 0.37992495249999997 0.3939962475 0.35334584125 0.37992495249999997 0.35490931875000004 0.37367104500000003 0.38148843 0.35334584125 0.38148843 0.312695435 0.417448405 0.30644152625 0.44715447124999996 0.28142589125 0.46435272 0.25328330250000003 0.53001876125 0.21106941875000002 0.59412132625 0.190744215 0.61757348375 0.19699812375 0.644152595 0.19856160125 0.644152595 0.203922095 0.644152595 0.24546591625000003 0.672295185 0.28767980000000004 0.6863664787499999 0.31425891125 0.6832395250000001 0.34865541 0.62539086875 0.39243277 0.53001876125
14 0.4080675425 0.3111319575 0.49718574125000004 0.26735459625 0.48155096875 0.2141963725 0.46278924375 0.17510944375 0.41119449625000004 0.19856160125 0.34865541 0.23608505375 0.32051282000000003 0.24546591625000003 0.25328330250000003 0.2861163225 0.21732332750000002 0.32676672875 0.21732332750000002 0.33145716125 0.24859287 0.37367104500000003 0.262664165 0.3830519075 0.34240150125 0.35021888625 0.4080675425 0.3111319575
1 0.23764853 0.75046904375 0.23139462125000002 0.71294559125 0.23295809875 0.6848030025 0.25953721125 0.71294559125 0.251719825 0.67385866125 0.23764853 0.6660412762500001 0.19543464624999998 0.6410256412500001 0.18761726125 0.61757348375 0.20950594125 0.59412132625 0.22670419 0.56597873625 0.251719825 0.53001876125 0.27204502875 0.49093183250000005 0.3001876175 0.4549718575 0.3111319575 0.42057536 0.23452157625000003 0.4440275175 0.11726078749999999 0.4659161975 0.11100687875 0.48467792375 0.057848655000000006 0.48311444625 0.05159474625 0.5769230774999999 0.06097561 0.611319575 0.118824265 0.76297686 0.15947467125 0.7895559725 0.21888680375 0.7817385862499999 0.212632895 0.78017511 0.23764853 0.77235772375 0.23764853 0.75046904375
1 0.75639500375 1 0.79268292625 0.942776735 0.7911194500000001 0.8818011262500001 0.70200125125 0.90681676 0.5925578487500001 0.8864915575000001 0.40337711125 0.888055035 0.38774233875 0.9943714825000001 0.3939962475 0.99593495875 0.38930581625000005 0.9990619137500001 0.43283302125 1 0.75639500375 1
1 0.70200125125 0.90525328375 0.7958098812500001 0.88492808 0.79268292625 0.83176985625 0.69887429625 0.8223889925000001 0.62539086875 0.82864290125 0.58005003125 0.8474046275 0.5847404625 0.8833646025 0.58161350875 0.8864915575000001 0.6425891187499999 0.8989993749999999 0.70200125125 0.90525328375
1 0.99438779625 1 0.9990619137500001 0.8208255162499999 0.9896810512499999 0.80831769875 0.9584115074999999 0.7535959975000001 0.931832395 0.6488430275 0.90212632875 0.5988117574999999 0.87711069375 0.54409005625 0.8646028762500001 0.54409005625 0.838023765 0.5409631025 0.7770481549999999 0.5378361475 0.80519074375 0.9912445275 0.80644152625 1 0.99438779625 1
1 0.7035647275 0.39086929374999996 0.7535959975000001 0.3971232025 0.7895559725 0.4080675425 0.7676672925 0.34240150125 0.74890556625 0.28298936874999997 0.76297686 0.25484677875 0.7395247025 0.21732332750000002 0.716072545 0.1813633525 0.672295185 0.15947467125 0.6128830525 0.1094434025 0.50343965 0.2141963725 0.5050031275 0.23139462125000002 0.6519699812499999 0.39086929374999996 0.65353345875 0.39243277 0.6863664787499999 0.37679799875000003 0.7035647275 0.39086929374999996
9 0.5378361475 0.8223889925000001 0.54565353375 0.79424640375 0.57066916875 0.74108818 0.5863039400000001 0.69887429625 0.611319575 0.6410256412500001 0.61757348375 0.600375235 0.5878674174999999 0.5737961225 0.5628517825 0.5769230774999999 0.54252657875 0.54409005625 0.51125703625 0.5878674174999999 0.48936835500000003 0.63633521 0.47998749250000006 0.5847404625 0.46435272 0.5628517825 0.46278924375 0.54565353375 0.4659161975 0.51125703625 0.4158849275 0.53001876125 0.38774233875 0.572232645 0.37054409 0.6410256412500001 0.3580362725 0.6863664787499999 0.34240150125 0.7317073175000001 0.35021888625 0.7754846775 0.37367104500000003 0.8223889925000001 0.37679799875000003 0.81926203875 0.417448405 0.82864290125 0.45340838 0.8395872425 0.51125703625 0.8395872425 0.5378361475 0.8223889925000001
1 0.36429018125 0.83176985625 0.36429018125 0.8145716075 0.34083802375 0.7754846775 0.30956848000000003 0.74734208875 0.2892432775 0.7317073175000001 0.25328330250000003 0.7598499062499999 0.22357723624999998 0.7958098812500001 0.26735459625 0.89274546625 0.29862414000000004 0.89587242 0.34240150125 0.931832395 0.35334584125 0.920888055 0.3611632275 0.90525328375 0.36741713625000005 0.87398374 0.35490931875000004 0.8692933087500001 0.36429018125 0.83176985625
9 1 0.35303314625 0.98811757375 0.3470919325 0.9896810512499999 0.3361475925 0.96779237 0.3330206375 0.9818636650000001 0.2861163225 0.942776735 0.26579112 0.8864915575000001 0.262664165 0.87398374 0.28142589125 0.859912445 0.2892432775 0.8458411512499999 0.26891807375 0.8176985612500001 0.28142589125 0.7911194500000001 0.29237023125 0.78642901875 0.31425891125 0.78486554125 0.33771107 0.80831769875 0.3580362725 0.83176985625 0.36898061249999997 0.8427141962499999 0.39243277 0.8818011262500001 0.428392745 0.9333958724999999 0.42526579124999997 0.96779237 0.39086929374999996 0.9818636650000001 0.37679799875000003 1 0.35412757999999994 1 0.35303314625
9 0.716072545 0.583176985 0.7270168850000001 0.5644152600000001 0.72545340875 0.53470919375 0.70043777375 0.539399625 0.6832395250000001 0.5175109437500001 0.65822389 0.48936835500000003 0.67385866125 0.4768605375 0.63789868625 0.43777360875 0.6128830525 0.42370231375 0.57848655375 0.3939962475 0.57066916875 0.35334584125 0.53314571625 0.31738586625 0.45809881124999996 0.2861163225 0.40337711125 0.32051282000000003 0.45028142625 0.31582238875 0.5018761725 0.33771107 0.5378361475 0.37054409 0.56754221375 0.42526579124999997 0.5972482800000001 0.44871794875 0.5753596000000001 0.48155096875 0.5847404625 0.53470919375 0.550343965 0.539399625 0.55503439625 0.53627267 0.5065666037500001 0.51907442125 0.47060662875 0.5018761725 0.46278924375 0.53001876125 0.4659161975 0.561288305 0.47998749250000006 0.5847404625 0.48936835500000003 0.63633521 0.53470919375 0.55816135125 0.56597873625 0.57848655375 0.5972482800000001 0.5847404625 0.622263915 0.6035021887500001 0.611319575 0.6488430275 0.59478279625 0.6879299562500001 0.5972482800000001 0.6879299562500001 0.59412132625 0.694183865 0.63946216375 0.716072545 0.66291432125 0.7066916825 0.6848030025 0.70043777375 0.71294559125 0.68011257 0.7176360225 0.63633521 0.716072545 0.583176985
9 0.35959975 0.909943715 0.38617886125 0.94121325875 0.35490931875000004 0.83489681 0.37054409 0.89274546625 0.35959975 0.909943715
8 0.4659161975 0.88492808 0.5237648525 0.888055035 0.5878674174999999 0.88492808 0.5753596000000001 0.859912445 0.57848655375 0.8427141962499999 0.6191369600000001 0.83489681 0.6566604125000001 0.8223889925000001 0.7113821137499999 0.8208255162499999 0.72232645375 0.8036272674999999 0.7191995 0.77235772375 0.74734208875 0.7786116325000001 0.78642901875 0.78486554125 0.7895559725 0.74890556625 0.766103815 0.72388993125 0.7301438400000001 0.7051282050000001 0.73483427125 0.6910569099999999 0.7520325200000001 0.694183865 0.78330206375 0.71294559125 0.77235772375 0.60193871125 0.75672295125 0.5863039400000001 0.75828642875 0.5597248275 0.7301438400000001 0.550343965 0.7176360225 0.56754221375 0.71450906875 0.5988117574999999 0.7176360225 0.63633521 0.71294559125 0.6848030025 0.6926203875 0.69731081875 0.63633521 0.71450906875 0.5925578487500001 0.7035647275 0.60193871125 0.7395247025 0.58161350875 0.72232645375 0.5753596000000001 0.744215135 0.55659787375 0.78486554125 0.53470919375 0.8255159475 0.50813008125 0.8395872425 0.45340838 0.8395872425 0.39555972500000003 0.8255159475 0.36898061249999997 0.8208255162499999 0.35959975 0.8583489675 0.37679799875000003 0.89274546625 0.3721075675 0.93808630375 0.3748436525 0.93261413375 0.37679799875000003 0.9365228262499999 0.37836147625000005 0.9365228262499999 0.39243277 0.9443402125 0.41119449625000004 0.8896185112499999 0.4659161975 0.88492808
1 0.30956848000000003 0.4190118825 0.32363977499999996 0.40963102 0.35021888625 0.38148843 0.37523452125 0.37992495249999997 0.38148843 0.35334584125 0.36898061249999997 0.33771107 0.26579112 0.38774233875 0.21732332750000002 0.32676672875 0.19387117 0.37836147625000005 0.20481551 0.43933708625 0.20794246375 0.44559099375 0.2642276425 0.4315197 0.30956848000000003 0.4190118825
9 0.10318949375000001 0.47060662875 0.129768605 0.4659161975 0.1422764225 0.35959975 0.20012507875000002 0.37054409 0.22357723624999998 0.3220762975 0.24859287 0.28767980000000004 0.24077548499999998 0.25641025625 0.201688555 0.23764853 0.16416510375 0.25484677875 0.06566604125 0.25797373375 0.10162601625 0.34552845499999996 0.10162601625 0.38617886125 0.10162601625 0.46904315250000006 0.1094434025 0.46435272 0.10475297 0.46904315250000006 0.10318949375000001 0.47060662875
