16 1 0.45848478375 0.85509861125 0.41255061499999995 0.8156400425 0.41478773750000003 0.7599908275 0.44798976625000003 0.7056455775 0.5432754737500001 0.6962701775 0.5764954800000001 0.70243857875 0.7352956500000001 0.70591170875 0.75078259875 0.7243609175 0.7674015900000001 0.73030891125 0.80330233375 0.905725135 0.844618485 0.93294245875 0.844065945 0.9426651699999999 0.812394635 1 0.75233971625 1 0.45848478375
0 0.06484780125 0.66817832625 0.09402209875 0.7982686875 0.10118466 0.8020724812500001 0.1603943475 0.8035032649999999 0.17406851499999998 0.817586395 0.2825031525 0.7946816775000001 0.28927473125 0.7873638425 0.28397769375 0.74498755625 0.2232456875 0.63360843125 0.21026614500000002 0.6226226925 0.17558262 0.62739567625 0.06484780125 0.66817832625
10 0.22223920374999998 0.33839622124999996 0.245507125 0.36712400625 0.26920970125 0.41654635125 0.31873829375 0.38418661375 0.36974348 0.37716752 0.4039923525 0.35169997625 0.41918473 0.3256619175 0.47413932000000003 0.2893625 0.53920760375 0.23251339625 0.555789235 0.21267011624999999 0.5550072675 0.1904268625 0.5204963699999999 0.15845681 0.49492827125 0.14760695875 0.49045687250000003 0.13704685875 0.45872448 0.11746636625000001 0.42325898500000003 0.09999609625 0.400122075 0.0999871075 0.31330613625000003 0.163022 0.28795639 0.20003681125 0.263864885 0.2145276025 0.25982814 0.22466206249999998 0.16684790625 0.278966315 0.13763404625 0.28937255 0.13698309125 0.2958480925 0.17309954125000002 0.30684282125 0.22223920374999998 0.33839622124999996
10 1 0.34593344375 0.964309055 0.18678485875 0.91456210875 0.171279935 0.87206506375 0.17872466875 0.85379053875 0.20039740625 0.8511867175000001 0.22629957874999998 0.841680305 0.2308007875 0.82418774875 0.27471678 0.8233662175 0.3929701225 0.856791505 0.41072115625 0.9133536999999999 0.42848118 0.9561980575 0.42258514124999996 0.97447258375 0.4009124025 0.9892739775 0.36375271625000005 1 0.35696367500000004 1 0.34593344375
0 0.81233543375 0.212488225 0.7929752975 0.21994194625 0.7592463687500001 0.21021515000000002 0.71436180375 0.2163919525 0.68180582625 0.24003003750000002 0.66761171625 0.26114124875 0.62689490875 0.28590238875 0.52080617375 0.3755368675 0.5246266175000001 0.39257251125000003 0.6150924262499999 0.45835106000000003 0.8161579312499999 0.3045586325 0.83161028125 0.2609234025 0.8212782312500001 0.23360842375000002 0.8337794475 0.21432667125 0.81233543375 0.212488225
0 0.81155962875 0.41534926499999997 0.8248844275 0.35284893500000003 0.75139328875 0.3533834975 0.6245988375 0.45384985125 0.6222549875 0.4621548525 0.69279499375 0.48597376750000004 0.7373759149999999 0.4878212025 0.7688026125 0.44039116874999995 0.81155962875 0.41534926499999997
0 0.67886290875 0.56452257375 0.68216135375 0.54171779125 0.6800774762499999 0.5324256225 0.657895165 0.51791685375 0.6422244612500001 0.51368742 0.6275520250000001 0.50453114 0.5747666025 0.4942338275 0.5666057725 0.4953568825 0.5632199825 0.49901579875 0.56395828 0.51168612125 0.5964289712499999 0.54393693625 0.6023332925 0.5702647475 0.6122306875 0.57688516625 0.61874229375 0.5871645025 0.6330674175 0.59477208875 0.6582445325 0.59450031375 0.6687492125 0.5850722562499999 0.67886290875 0.56452257375
6 0.6033752324999999 0.57491083125 0.5964289712499999 0.54393693625 0.57420299 0.519855235 0.5622653875 0.51351558 0.55584112125 0.52238210875 0.5422126775 0.5929066762499999 0.512262575 0.665677355 0.5143464525 0.6749695237500001 0.551764815 0.673013165 0.58301888125 0.6623261662500001 0.6013370775 0.65022636 0.6192642912499999 0.62700492625 0.6212608275 0.6171512312499999 0.6157038175 0.59237211375 0.6033752324999999 0.57491083125
16 0.64895236875 0.49679665375 0.6519908437499999 0.4915890425 0.5461143024999999 0.40398389 0.47105922749999996 0.36003194374999997 0.45881798125 0.36171652625 0.30021201125 0.7235955825000001 0.29118392625 0.7583642825 0.30842062 0.88211499 0.34245319125 0.88381754875 0.40752352999999997 0.90200321125 0.41907015000000003 0.8972212399999999 0.5354847724999999 0.6097974425 0.56356729625 0.50056449375 0.575070245 0.48620958999999997 0.5913919049999999 0.48396347874999995 0.62820298 0.4980555975 0.64895236875 0.49679665375
16 0.17645603625 0.8188543262500001 0.1627818675 0.804771195 0.09506403875 0.8029147725 0.12944803125 0.9562355562499999 0.16104941 0.9470972525000001 0.21027436125 0.9227617512499999 0.22077904125 0.91333369625 0.31393395749999997 0.89732117375 0.32443863749999996 0.88789311625 0.32339669875 0.8832470325 0.30329826625 0.8780304325 0.303427225 0.831714465 0.29270419125 0.79327785875 0.17645603625 0.8188543262500001
11 0.42912785124999997 0.41689003375 0.40086858875 0.41279648874999997 0.38285403500000004 0.41687205749999995 0.3088866225 0.46217389249999996 0.25727415125 0.48524146125 0.22276530749999998 0.528306175 0.1756242375 0.56193384375 0.16933098375 0.59951917 0.17762282625 0.6271149125000001 0.22081449625000002 0.6227675675 0.241391255 0.65825166125 0.2580602275 0.657554245 0.28783770000000003 0.6215266024999999 0.36249973750000003 0.5793221574999999 0.4110280075 0.4768545025 0.42912785124999997 0.41689003375
11 0.26790779125 0.4294974375 0.25818302374999996 0.38613398375 0.21642222375 0.33121427375 0.14514392125 0.2947250375 0.07842436 0.28794176625 0.033539793750000005 0.29411856875000003 0.0199501575 0.29925236125 0.03584346875 0.53765204 0.04296708 0.570610555 0.09675077 0.57598102 0.14571575125 0.56924269 0.18443602250000002 0.55433524625 0.2210724125 0.53013563375 0.2525427825 0.49227853250000003 0.26430570124999997 0.4603264575 0.26790779125 0.4294974375
11 0.1608125725 0.22391970625 0.0416944625 0.06789122 0.0048639775 0.0729596575 0.0199455775 0.2991836575 0.03762021 0.29355704 0.07842436 0.28794176625 0.13798136 0.290921245 0.20044582375 0.259974315 0.20378794125 0.246742465 0.19523612750000002 0.23674389125 0.1690170725 0.2323695825 0.1608125725 0.22391970625
11 0.2306579525 0.24464123000000002 0.23638759125 0.23267731125000002 0.23100321125 0.17115516 0.21255194875 0.079501405 0.21307189125 0.04430706500000001 0.17430794875 0.04964157625000001 0.1736569925 0.05611711875 0.1658434775 0.05878886875 0.04716413125 0.07352447 0.1173588775 0.17082945500000002 0.13441883375 0.18125366750000002 0.14097411125 0.201105935 0.16424203124999998 0.22983372124999998 0.19797096125 0.23956051875 0.2072174 0.25265647999999996 0.2306579525 0.24464123000000002
11 0.46937496500000003 1 0.47216126625 0.9745290787499999 0.45531761125000003 0.9369347637500001 0.40995472125 0.912844075 0.32686982875 0.8987339799999999 0.2449142175 0.908415835 0.2221682925 0.91952847375 0.1903506125 0.95583688125 0.18265938375000002 1 0.46937496500000003 1
11 0.7367789 0.8790435025 0.7125563812500001 0.8648154975 0.51769268 0.81180720375 0.49594502375 0.817992995 0.47662856 0.83501964875 0.45779042 0.8823137962500001 0.46022161124999994 0.89315465875 0.47623963 0.89893278625 0.47901813375 0.911322345 0.49916023625 0.9261118775 0.5318472275 0.93119259 0.67257992375 0.97728172375 0.6987553087499999 0.97208310125 0.72380141125 0.9430925274999999 0.739601075 0.9010059925 0.7367789 0.8790435025
11 0.72470823125 0.768950285 0.6959269725 0.725016315 0.62690517875 0.6610762124999999 0.6037246 0.65149429125 0.55345770875 0.6711837075 0.51026603875 0.67553105125 0.47328438624999997 0.77321673375 0.490431685 0.8027868112500001 0.6386305875 0.8446554999999999 0.73113455 0.8351185212500001 0.7440267500000001 0.826958395 0.7487144499999999 0.8103483925 0.7279213900000001 0.8020344025 0.72470823125 0.768950285
11 1 0.75233971625 0.9426651699999999 0.812394635 0.9373265162500001 0.83548018 0.96033446625 0.881805135 0.95820897 0.9379747987499999 0.9633749950000001 0.9516322875000001 1 0.95320043375 1 0.75233971625
14 0.39725623 0.06845168375 0.41032311374999997 0.09858328875 0.44474666874999996 0.11140747499999999 0.51572133 0.15592094875 0.74413927875 0.18036430875 0.8251839624999999 0.19475516625 0.8608657574999999 0.18505533625 0.9116962599999999 0.13974451125 0.94025916625 0.13581381875 0.942603015 0.12750881749999998 0.79748625875 0.09000544875 0.74096773625 0.08181835875000001 0.39725623 0.06845168375
