8 0.57596327125 0.36758697875 0.58269733 0.3474115725 0.58857779375 0.3620426825 0.5965704375 0.33093004875 0.58765939625 0.28237979125 0.56594567125 0.27935316875 0.54460079875 0.28955439875 0.54201135125 0.290145975 0.53923374125 0.33071689249999997 0.5221418950000001 0.35325860625 0.49798327375 0.393389315 0.47153178375000004 0.4260565725 0.47204519 0.481850175 0.50034095 0.5153221675 0.50999717 0.4971415975 0.54077395875 0.49809769875 0.5621911075 0.50917934625 0.573510905 0.50393083875 0.5918613375 0.47045189625 0.58517089125 0.40808221125000005 0.5658659225 0.35125682249999995 0.57596327125 0.36758697875
8 0.32219743125 0.42556152249999996 0.33015393625 0.3838074525 0.30030301625 0.36932771000000003 0.268159225 0.34738452125 0.2236613525 0.312289165 0.20442865999999998 0.2767466525 0.20143422125000002 0.25346894249999996 0.17901892749999998 0.23462805750000001 0.16318566499999998 0.24623254625000002 0.1641704325 0.2751541 0.163791105 0.27462019375 0.1629975025 0.286211885 0.18045073125 0.3700845525 0.20786422875 0.33453509124999997 0.1992422925 0.37111633625 0.1845155925 0.42240437625 0.19179919375 0.46866401 0.20148408 0.55431140625 0.21498086125000002 0.6177885624999999 0.25545001125 0.61120553125 0.28260307125 0.5943525362500001 0.2961434625 0.57528459875 0.29244745375000003 0.536192625 0.26914242625 0.54151681875 0.24765300375 0.509152295 0.31630949625 0.5041169424999999 0.3197164 0.4580774125 0.32219743125 0.42556152249999996
8 0.23380856125000002 0.629461785 0.23539986249999997 0.62111097125 0.2126879925 0.61032511375 0.21634786250000002 0.6387756499999999 0.23154435750000002 0.7258263049999999 0.26664644875 0.7604057675 0.29224434625 0.76254502375 0.3372630975 0.7602474537499999 0.3481779025 0.731129655 0.3661594825 0.6844228637499999 0.354398555 0.65516064625 0.33923072374999996 0.6719379587500001 0.31396554375 0.672385115 0.28859194875 0.6409079575 0.25529798625 0.66182630875 0.23380856125000002 0.629461785
11 0.21578459500000002 0.2821395825 0.21193656375 0.29366838625 0.23209512499999999 0.31568726 0.25251412625 0.31900966875000003 0.25984133875000004 0.2827242125 0.29269417000000003 0.22729513499999998 0.30904831125 0.17829771875 0.30006499375 0.10846458625000001 0.27073495125 0.056591918750000005 0.22246132124999998 0.0543082425 0.21598770250000002 0.055787183750000004 0.1820644475 0.08217414875 0.1764008125 0.1313916675 0.184943 0.16671407625 0.20620812375 0.22841650000000002 0.21578459500000002 0.2821395825
13 0.24506477875000002 0.033169785 0.22564392375 0.037606613750000004 0.2285586125 0.13278797875 0.23732510125 0.138772485 0.24187470375 0.143057945 0.24506477875000002 0.033169785
16 0.47098848875 0.74300908875 0.5088607199999999 0.8302041649999999 0.55332245375 0.85465808125 0.57552092 0.8096503375 0.53665054375 0.714696025 0.49662999625 0.6626032525 0.46740089625000003 0.7358414275 0.46518030125000004 0.749660855 0.47098848875 0.74300908875
6 0.29198512875 0.3046674025 0.29742446375 0.28478778375 0.2756384625 0.26047828625 0.25536401375 0.29972162874999997 0.27492942 0.337850555 0.27559485125 0.3430233775 0.35593252375 0.4391538975 0.34853303500000005 0.45415647875 0.35711136000000004 0.50012032625 0.38418467125 0.5551709825 0.42098647874999995 0.613323945 0.45782442375000004 0.6821183449999999 0.48116558875000004 0.6874355900000001 0.48823236125 0.6698465962500001 0.50295906125 0.61855855875 0.50902768875 0.59321032875 0.47644276750000003 0.5367564125 0.39011621625 0.39407046875 0.35053680125 0.37648842375 0.29198512875 0.3046674025
4 0.429437075 0.63757384625 0.42882709625 0.63283209125 0.36608720624999996 0.6631399874999999 0.37529482375 0.70363522125 0.37058572624999997 0.8431570687500001 0.34653552 0.91521209 0.335620715 0.9443298875 0.34084056250000005 0.98490714 0.35972681125 0.98420764875 0.3922919775 0.93937022 0.41697147749999997 0.861846585 0.44560742249999996 0.80471846 0.46873175875 0.7461870775 0.4917838175 0.66637281875 0.47010622875 0.67398763625 0.4485806675 0.630981675 0.429437075 0.63757384625
9 0.3453217675 0.36703013875 0.39141094125000003 0.39377468125 0.44056683 0.46507981 0.48089142625000003 0.41593102625 0.49276824124999996 0.38393103000000006 0.508304925 0.38038156875 0.53050339125 0.33537382375 0.54552667 0.27603076000000004 0.5327675949999999 0.239009305 0.526814855 0.20309532 0.48376373125 0.1170833975 0.4104928325 0.0033638849999999996 0.35840880124999996 0.004613145 0.34135081749999996 0.008510157499999999 0.31309197875 0.03360304875 0.28830406625 0.07920236875 0.29059693625 0.08666581624999999 0.2920399475 0.08234251625000001 0.30465073375 0.12339148375 0.30778972374999997 0.18923494625 0.295580195 0.2186485325 0.306154815 0.28013085249999997 0.31473313875 0.32609469750000003 0.3453217675 0.36703013875
10 0.44236592625 0 0.44167461375 0.028189276250000003 0.4423039075 0.02272066375 0.44363476749999997 0.0330663125 0.44137803750000004 0.03624430125 0.44041602875 0.0391265025 0.44037721625000004 0.03933018 0.4635328925 0.07378164875 0.51568322 0.16836449 0.514243945 0.12609452625 0.51883715625 0.047834895 0.51356043625 0 0.44236592625 0
11 0.5333595262499999 0.6994733399999999 0.56802048875 0.699542075 0.59055167 0.65712074375 0.58992985 0.56940282875 0.57099373375 0.52580529 0.5313781775 0.49758180625000004 0.50097024125 0.509853555 0.49042428875 0.55219920125 0.48816755749999996 0.5553771925000001 0.5106912650000001 0.60614239 0.5043983375 0.6608285225 0.5333595262499999 0.6994733399999999
11 0.42247561375 0.95643637375 0.43255323375000004 0.98151037375 0.48147785875 0.97969835125 0.541009965 0.96609783375 0.53038628125 0.873210125 0.51636862125 0.8471258975000001 0.5094900125 0.8247355512500001 0.4804565475 0.7648078562499999 0.43239974625 0.82637280875 0.4141577275 0.89177606375 0.42247561375 0.95643637375
8 0.29641109 0.5733802425 0.29008154375 0.5879335849999999 0.27995074124999997 0.59844011 0.28007535499999997 0.60578450625 0.30327896875 0.6586471924999999 0.307069105 0.65941972625 0.31069897 0.6716977725 0.32744190375000004 0.67114956375 0.3357966925 0.66596402625 0.35354342375000003 0.6381526562500001 0.36088559 0.6282832150000001 0.3711989025 0.61281975375 0.37892832624999995 0.59958501125 0.38632609125 0.6060870137500001 0.3868625 0.58794190875 0.39364602 0.58966899625 0.3959005475 0.57850424 0.38325717 0.55353966125 0.36971466875 0.5279612837500001 0.35844893125 0.49776672875000005 0.35017657874999997 0.46852673125000005 0.35046376 0.43569283124999997 0.327326865 0.40247587500000004 0.32145129125 0.43330965125 0.3202761 0.46880404249999996 0.313783985 0.5235356800000001 0.3139108975 0.50220729875 0.28702604125000003 0.50998774 0.24845253625000002 0.50978884375 0.27596045375 0.5387303825 0.2927033875 0.53818217375 0.29641109 0.5733802425
10 0.314250165 0.81342853625 0.29057778125 0.78688757375 0.26820734625 0.76217911 0.23503350874999998 0.76123814375 0.24121329500000002 0.8258544325 0.25032097625 0.91323115 0.250292065 0.90471799875 0.277899215 0.94526961125 0.30672158499999996 0.96211427 0.319596545 0.93787350875 0.32377455 0.8708909137499999 0.314250165 0.81342853625