5 0.50664503375 0.9680199 0.4911503225 0.9374098449999999 0.48951932 0.9306756425 0.45852977125000005 0.9196560037499999 0.44140393250000004 0.9043509774999999 0.41856958499999997 0.8884337575000001 0.41204544875000004 0.8847605375 0.07287935 0.89113216875 0.059743525 0.9233292012500001 0.12172256000000001 1 0.26443747 0.9998543375 0.50664503375 0.9680199
5 0.247476645 0.7666656550000001 0.25648224625 0.7575191375 0.28614780125 0.7511563575 0.29992113 0.71417266375 0.29462370875 0.7030377912500001 0.24217922375 0.6998563849999999 0.2098649575 0.69906104875 0.20350802625 0.695481975 0.1897347375 0.7010494199999999 0.08431603375 0.79410516375 0.08900034500000001 0.82179393125 0.22045980125 0.8481888424999999 0.23794126999999998 0.8235330575 0.26389864500000004 0.78535632875 0.247476645 0.7666656550000001
5 0.09978844625000001 0.8512687925 0.09905938624999999 0.82937642625 0.091039615 0.8184302425 0.059689533749999996 0.7932539875000001 0.000330455 0.8007765125 0 0.9059996875 0.1063500975 0.87753958625 0.09978844625000001 0.8512687925
5 0.666411135 0.8303817600000001 0.61887015 0.831838445 0.56356750375 0.907585775 0.6179414475 0.9974047437500001 0.7673142025 1 0.70522002875 0.87481048125 0.666411135 0.8303817600000001
17 0.47183867125 0.7827033262499999 0.45335997624999996 0.770291635 0.43877148750000006 0.7783227137500001 0.41153961125000005 0.7870839087500001 0.24244408499999998 0.88124455125 0.3278989525 0.88564735625 0.47961922749999997 0.7965751937500001 0.47183867125 0.7827033262499999
17 0.5896261775 0.99276765375 0.58368710125 0.9845938612499999 0.5688393725 0.94966947375 0.55993072 0.93257874 0.54607282375 0.8820497724999999 0.51340786625 0.9006265999999999 0.5227610137500001 0.991588975 0.52528602 0.99945532375 0.5846769350000001 0.998712235 0.5896261775 0.99276765375
5 0.9990475750000001 0.9724840975 0.87225371125 0.9019060062500001 0.78339903875 0.9586995725 0.7877245775 0.999031855 0.9999100387500001 1 0.9990475750000001 0.9724840975
17 0.47777811 0.91901093375 0.48615709875 0.9112693075 0.49582519750000004 0.8977214537499999 0.46682090125000003 0.8691741725 0.439105715 0.84982008875 0.4133241175 0.843530015 0.40945683875 0.8420784625000001 0.37142902375 0.859980975 0.37424502 0.86690175375 0.42685944625 0.89143136 0.4571528025 0.9112693075 0.46166461124999997 0.92046248625 0.47777811 0.91901093375
17 0.9923664612499999 0.7624501650000001 0.9522041950000001 0.7712437787499999 0.9505307924999999 0.78066551125 0.9396534950000001 0.82212112375 0.9321231249999999 0.86483299625 0.9329597624999999 0.8874451437499999 0.9419832287500001 0.93626822875 1 0.9716126275000001 0.99989682875 0.76370638875 0.9923664612499999 0.7624501650000001
5 0.82466759625 0.85566280375 0.8399189787500001 0.8431728325000001 0.8523974212500001 0.82912162 0.8579433012500001 0.8166316775 0.8607163475 0.7973762925 0.845464965 0.78904965875 0.8205080800000001 0.793212995 0.79555124875 0.80414169625 0.77752682 0.8218358287499999 0.7456375325000001 0.84525450125 0.7241210775 0.8602466225000001 0.8017904699999999 0.8671119224999999 0.80456341 0.8822039700000001 0.82466759625 0.85566280375
17 0.8036416350000001 0.88390060875 0.8036416350000001 0.8674985599999999 0.76881945875 0.8664734475 0.6952677025 0.8600748375 0.70395469875 0.8721116425 0.7114653975 0.8833880525 0.8036416350000001 0.88390060875
5 0.45621732875 0.81645657 0.4120977725 0.84093676125 0.45685673375 0.8582169125 0.48243328249999995 0.8831771 0.613513145 0.82557663375 0.6352531725 0.8145365474999999 0.6601902675 0.8044564725 0.63717143375 0.7986964225 0.48160274875 0.7928471225 0.48307268625 0.79821642625 0.47859681000000004 0.8034964612500001 0.45621732875 0.81645657
17 0.10028630375 0.7364826875 0.1159985775 0.7276363725 0.12483675500000001 0.71215523625 0.0963582175 0.6996229475 0.07377177374999999 0.7047832887500001 0 0.7033089212500001 0.00208450125 0.7305851074999999 0.0069945912499999995 0.7320595299999999 0.10028630375 0.7364826875
17 0.52418621625 0.7293606724999999 0.35973466375 0.7410092775 0.42231731375000003 0.7517252474999999 0.52514723 0.7466751537499999 0.52418621625 0.7293606724999999
17 0.68427610125 0.7851167649999999 0.71098809625 0.8114357124999999 0.74103917 0.84151455125 0.7669163612500001 0.8289817100000001 0.7101533587500001 0.77634376625 0.67592859625 0.7381186099999999 0.6600683225 0.71994598 0.6433733100000001 0.71618611375 0.6402108649999999 0.7297535075 0.6650768125000001 0.7675707675 0.681771825 0.76631750375 0.69011933 0.77321055625 0.68427610125 0.7851167649999999
5 0.2534836125 0.7651239025 0.2835730675 0.7970127512499999 0.29861782875 0.81295720125 0.34994683625 0.8162789587499999 0.3791513225 0.80498500125 0.40304585125000003 0.790369235 0.437560225 0.7770822012499999 0.45083497875 0.7730961025 0.458799845 0.7711030775000001 0.4632247625 0.7611378025000001 0.32870721625 0.73522807875 0.2950778825 0.74984379375 0.269413345 0.75582296875 0.2534836125 0.7651239025
5 0.9038250625 0.5747112125 0.87311695875 0.5698862825 0.8548905325 0.59417845125 0.93810393625 0.65459047125 0.9616706662500001 0.60955787375 0.9666696450000001 0.58275275 0.9038250625 0.5747112125
5 0.79313294 0.73339758 0.7260035125000001 0.7360780724999999 0.7752793724999999 0.7971937225000001 0.7838491175 0.80309088375 0.8231269675 0.78754390375 0.8502643587500001 0.79236883375 0.865261345 0.79665762875 0.87311695875 0.7768218525 0.80041970875 0.6685177299999999 0.7795642175 0.6754984749999999 0.790990545 0.7151700475 0.79313294 0.73339758
17 0.29872105 0.24902857 0.27969727125 0.2516250975 0.27191479125 0.30680188875 0.27191479125 0.32627605000000004 0.31428600875 0.49635044624999997 0.3658524775 0.6091729825000001 0.42324051500000004 0.61134896875 0.443129065 0.55811959 0.34022756 0.32692520375 0.29872105 0.24902857
17 0.4527777775 0.20104166625 0.3875 0.23854166625 0.34583333375 0.28333333374999997 0.33333333375 0.31354166625 0.3597222225 0.359375 0.37361111125 0.35 0.46666666625 0.28333333374999997 0.5055555549999999 0.23020833375 0.5027777775 0.18645833374999998 0.4527777775 0.20104166625
17 0.4777777775 0.4125 0.519444445 0.39270833375 0.5680555549999999 0.35520833375000005 0.62083333375 0.30729166625000004 0.67361111125 0.26770833374999997 0.6597222225 0.24270833374999998 0.593055555 0.23854166625 0.5208333337500001 0.26041666625000004 0.4625 0.30833333375 0.42916666625 0.36041666624999996 0.3875 0.40625 0.39583333375 0.45104166625 0.4222222225 0.44479166625 0.4777777775 0.4125
17 0.6541666662500001 0.075 0.60138888875 0.08541666625 0.5527777775 0.09895833375 0.45555555499999995 0.12916666625 0.34166666625 0.15416666625 0.35833333375000004 0.190625 0.4625 0.178125 0.555555555 0.15520833375 0.675 0.12395833375000001 0.6541666662500001 0.075
17 0.5569444450000001 0.753125 0.5652777775 0.734375 0.55138888875 0.73333333375 0.5416666662499999 0.746875 0.518055555 0.753125 0.48888888875 0.784375 0.50138888875 0.79166666625 0.58611111125 0.7927083337499999 0.6152777775 0.7520833337499999 0.5833333337500001 0.73541666625 0.56666666625 0.7614583337499999 0.5569444450000001 0.753125
17 0.27916666625000003 0.66666666625 0.2847222225 0.6854166662500001 0.30833333375 0.696875 0.31666666625 0.73958333375 0.33055555499999995 0.73125 0.34305555499999996 0.740625 0.34444444500000004 0.71770833375 0.3277777775 0.6854166662500001 0.2972222225 0.6677083337499999 0.27916666625000003 0.66666666625
17 0.42638888875 0.7364583337499999 0.4652777775 0.7322916662500001 0.47083333375 0.7 0.45 0.6989583337499999 0.43888888875 0.7166666662500001 0.42638888875 0.7364583337499999
17 0.011111111250000002 0.7625 0.01388888875 0.79583333375 0.03333333375 0.7927083337499999 0.034722222500000004 0.7927083337499999 0.03888888875 0.765625 0.047222222499999994 0.734375 0.023611111249999997 0.7322916662500001 0.011111111250000002 0.7625
17 0.16111111125 0.678125 0.1375 0.65729166625 0.05416666625 0.69583333375 0.09444444499999999 0.7 0.1277777775 0.6895833337499999 0.16111111125 0.678125
17 0.47361111125 0.6833333337499999 0.46944444500000004 0.66666666625 0.39166666624999996 0.62604166625 0.325 0.5989583337500001 0.2125 0.58020833375 0.06527777750000001 0.57083333375 0.06944444500000001 0.5875 0.20138888875 0.60104166625 0.30972222250000003 0.6145833337500001 0.431944445 0.671875 0.47361111125 0.6833333337499999
17 0.16388888875 0.31979166625 0.1152777775 0.31458333374999997 0.09861111125000001 0.40208333375000005 0.075 0.44375 0.0152777775 0.51145833375 0.00833333375 0.54375 0.044444445000000006 0.553125 0.0847222225 0.47291666624999995 0.13333333375 0.42604166624999995 0.1625 0.34583333375 0.16388888875 0.31979166625
17 0.6583333337499999 0.415625 0.58611111125 0.41145833375 0.48333333375000004 0.40520833375000004 0.444444445 0.43541666625 0.43333333375000005 0.44895833375000005 0.525 0.48333333375000004 0.6194444450000001 0.478125 0.64583333375 0.46145833375 0.6583333337499999 0.415625
17 0.7777777775 0.515625 0.80416666625 0.44895833375000005 0.82916666625 0.39166666624999996 0.868055555 0.31770833374999996 0.86111111125 0.26979166625 0.8138888887500001 0.31145833375 0.7513888887500001 0.4125 0.73333333375 0.48958333375 0.7444444450000001 0.51145833375 0.7555555549999999 0.521875 0.7777777775 0.515625
