13 0.44247787625 0 0.40707964625000004 0.305309735 0.39601769875000004 0.48672566375000004 0.48008849499999995 0.7713864312500001 0.51327433625 0.77728613625 0.5442477875 0.76843657875 0.5464601775 0.7551622425 0.45796460125000005 0.482300885 0.4889380525 0.01179941 0.48672566375000004 0 0.44247787625 0
13 0.58628318625 0.5678466075 0.623893805 0.57079646 0.6415929199999999 0.56342182875 0.6415929199999999 0.53539823 0.590707965 0.03539823 0.5818584075 0.00147492625 0.54203539875 0 0.55752212375 0.35398230124999996 0.5796460175 0.5501474925000001 0.58628318625 0.5678466075
13 0.5818584075 0 0.63938053125 0.55162241875 0.64601769875 0.5648967549999999 0.68362831875 0.56637168125 0.7035398225 0.56047197625 0.7079646012499999 0.5442477875 0.6150442475 0.01917404125 0.60840708 0 0.5818584075 0
13 0.7433628312499999 1 0.6703539825 0.5722713862500001 0.6637168137499999 0.56342182875 0.64601769875 0.56047197625 0.6150442475 0.5678466075 0.61061946875 0.57817109125 0.67256637125 1 0.7433628312499999 1
13 0.80752212375 1 0.6637168137499999 0.08702064875 0.65707964625 0.0619469025 0.6504424775 0.0619469025 0.623893805 0.07227138625 0.623893805 0.1032448375 0.7057522125 0.53982300875 0.7035398225 0.55752212375 0.6681415925 0.5722713862500001 0.68141592875 0.66666666625 0.7389380525 1 0.80752212375 1
13 0 0.123893805 0.07522123875 0.0029498525 0.022123893749999998 0 0 0.033923303749999995 0 0.123893805
13 0 0.230088495 0.12831858375 0.0029498525 0.07079646 0 0 0.1179941 0 0.230088495
13 0 0.3790560475 0.17256637125000002 0.00147492625 0.123893805 0 0 0.23156342124999998 0 0.3790560475
13 0.04867256624999999 0.37020649 0.07300885 0.37020649 0.08185840750000001 0.36283185875 0.1703539825 0.18436578125 0.24778761 0.0029498525 0.20353982250000002 0 0.0287610625 0.34808259625 0.0287610625 0.3613569325 0.04867256624999999 0.37020649
13 0.10176991125000001 0.5088495575 0.13053097375 0.505899705 0.13716814125000001 0.4970501475 0.27212389375 0.1091445425 0.31858407125 0.0029498525 0.2765486725 0 0.07522123875 0.48672566375000004 0.07743362875 0.49852507375 0.10176991125000001 0.5088495575
13 0.6526548674999999 0.08702064875 0.75221239 0.6268436574999999 0.82743362875 0.9675516224999999 0.8318584075 0.97640118 0.89601769875 0.9734513275000001 0.89823008875 0.95427728625 0.7876106199999999 0.5029498525 0.69247787625 0.03097345125 0.68362831875 0.0088495575 0.661504425 0.005899705 0.64823008875 0.01179941 0.64601769875 0.0206489675 0.6526548674999999 0.08702064875
13 0.838495575 0.48967551625 0.8495575225 0.49852507375 0.873893805 0.5 0.89823008875 0.48672566375000004 0.8893805312499999 0.45427728625 0.69247787625 0.01917404125 0.69247787625 0.042772861249999995 0.7190265487499999 0.11946902625 0.7610619475 0.29941003 0.838495575 0.48967551625
13 0.24336283125000002 0.53539823 0.25663716875 0.54277286125 0.28097345125 0.541297935 0.29867256625 0.5324483775000001 0.31858407125 0.33628318625 0.38274336249999996 0.00147492625 0.34292035374999996 0 0.27433628375 0.29941003 0.24336283125000002 0.5103244837500001 0.24336283125000002 0.53539823
13 0.31858407125 0 0.26548672624999997 0.13126843624999998 0.13716814125000001 0.5029498525 0.11946902625 0.5250737462499999 0.03982300875 0.7330383475 0.03761062 0.7610619475 0.06858407125 0.77433628375 0.10398230124999999 0.7669616525 0.18584070749999998 0.5560471975 0.303097345 0.1799410025 0.34292035374999996 0.00442477875 0.34292035374999996 0 0.31858407125 0
13 0.4203539825 0 0.30752212375 0.48820059 0.28539823 0.635693215 0.2411504425 0.8200589975 0.2411504425 0.85693215375 0.26548672624999997 0.85988200625 0.2964601775 0.8584070800000001 0.30752212375 0.84660767 0.4380530975 0.044247787499999996 0.44247787625 0 0.4203539825 0
13 0.41908097375 1 0.4551335975 0.68695196625 0.41932566125000004 0.5832810387499999 0.35140491875 1 0.41908097375 1
13 0.5038028825 0.61786969125 0.51495009125 0.6640062324999999 0.5462840575 0.76007969875 0.53868837625 0.76844637625 0.510610515 0.77215212125 0.51711909125 0.8952807375 0.53933279375 0.8993854987500001 0.56066131875 0.8993854987500001 0.57997390875 0.8960613937499999 0.56204977 0.6458538675 0.50890793125 0.00310932 0.49525263 0 0.47833885625 0.14192746375 0.49772250874999996 0.455528895 0.5038028825 0.61786969125
13 0.6958970925 0 0.987579535 0.6911163337499999 1 0.69358158875 0.9996881974999999 0.5845834599999999 0.96051464125 0.50142909 0.77976529375 0.09583586000000001 0.73267291375 0 0.6958970925 0
13 0.73551036875 0 0.75134778875 0.02627223625 1 0.58465873125 1 0.46275096125 0.78270515875 0 0.73551036875 0
13 0.24171204625 0 0.0780374425 0.362087885 0.07346754625 0.3669343925 0.06652412875 0.36872576375 0.030827062500000002 0.45069566250000004 0.0006993825 0.51807957125 0 0.67136610625 0.22548310624999998 0.103364155 0.27211037125 0 0.24171204625 0
13 0.2905606875 0.5997039425 0.2994939075 0.5384687375 0.25608227625 0.54179208875 0.25154990250000003 0.54184778875 0.1574586575 0.8770966625 0.1829214625 0.89004583875 0.22345489624999998 0.88780888375 0.2905606875 0.5997039425
13 0.9950594074999999 0.99316465875 1 0.9804135175 0.9624696724999999 0.866368515 0.89537864 0.67127651 0.826252595 0.4736664525 0.75878754 0.28549841 0.73420603375 0.21697251375 0.850610135 0.7438972125 0.9413894399999999 0.98994536 0.9577606375000001 0.9986687512500001 0.9950594074999999 0.99316465875
13 1 0.3597373175 0.91565231 0.19826436125000002 0.8463755000000001 0.0388819175 0.83075485 0.000048011249999999995 0.7837204937500001 0 1 0.45097042625 1 0.3597373175
13 0.836675595 0 0.8959323125 0.11006895124999999 1 0.3453371575 1 0.25220061375 0.9897629087500001 0.210265165 0.86968951125 0 0.836675595 0
13 0.6428712299999999 0.846388495 0.60872295375 0.5668127625 0.5898510625 0.5642775812499999 0.57266653375 0.4239358575 0.554085075 0.25542262875 0.53564129625 0.25137923875 0.5415170725 0.39634404875 0.55819487125 0.56763473 0.58967741625 0.98511713125 0.6137334624999999 0.9896153925 0.6537889825000001 0.9845043762500001 0.6428712299999999 0.846388495