13 0.94400578875 0.88243365125 0.9679353437499999 0.88243365125 0.9263187275 0.30705371625 0.9348885275000001 0.12448123624999999 0.90863166375 0.1235591525 0.90030834125 0.30797579875000003 0.94400578875 0.88243365125
13 0.91383374125 0.8833557325 0.94088454375 0.8851999 0.89822751 0.32365121375 0.90158734125 0.135546235 0.87533837 0.135546235 0.8722171249999999 0.32733954625 0.91383374125 0.8833557325
13 0.887823355 0.8861219825000001 0.91383374125 0.8833557325 0.8701362937499999 0.30705371625 0.86412350625 0.12263707 0.8389238287499999 0.1235591525 0.84308549125 0.2978328825 0.887823355 0.8861219825000001
13 0.860772555 0.8861219825000001 0.8888637712499999 0.8861219825000001 0.8441259075 0.32457329625 0.8339443074999999 0.135546235 0.8056305349999999 0.135546235 0.81083261375 0.30152121625 0.860772555 0.8861219825000001
13 0.83060050625 0.8861219825000001 0.860772555 0.8861219825000001 0.81187302875 0.32549537875 0.8037651075 0.14292290124999998 0.77337765875 0.14292290124999998 0.7837818125 0.3061316325 0.83060050625 0.8861219825000001
13 0.80459012125 0.8851999 0.83164092125 0.8842778162499999 0.78170098125 0.30797579875000003 0.7517320037499999 0.13462415125 0.72655896375 0.135546235 0.75673101125 0.3088978825 0.80459012125 0.8851999
13 0.7723372412499999 0.8815115675 0.80250929 0.8842778162499999 0.7536097637500001 0.31166413125 0.72571545125 0.13739040125000002 0.69742733 0.1392345675 0.728639795 0.32272913125 0.7723372412499999 0.8815115675
13 0.09294596375 0.30059913250000003 0.11375427125 0.08667582375 0.08154563 0.08206540875 0.062773915 0.29137830125 0.0752589 0.9073298975 0.10335011749999999 0.9027194812499999 0.09294596375 0.30059913250000003
13 0.16265379625 0.28215746750000004 0.1408050725 0.09313040624999999 0.11172482875 0.09497457375 0.1293605025 0.28676788375 0.12519884125 0.8962649 0.15120922625 0.898109065 0.16265379625 0.28215746750000004
13 0.12727967125 0.41954786875000005 0.12103718000000001 0.30244329875 0.1262392575 0.26279372125 0.11276549125 0.12263707 0.09398637750000001 0.29967704875 0.1179159325 0.8971869825000001 0.12311801000000001 0.8971869825000001 0.12727967125 0.41954786875000005
13 0.21051290749999998 0.29230038375 0.19386626125 0.08022124124999999 0.1637579325 0.08206540875 0.1751387825 0.29691079875 0.1501688125 0.898109065 0.17826002875 0.8990311475 0.21051290749999998 0.29230038375
13 0.20434375375 0.07929915875 0.22195747624999998 0.8944207325000001 0.25629118625 0.8916544825 0.2354828775 0.07745499125000001 0.20434375375 0.07929915875
13 0.29062489625 0.89995323125 0.26357409375 0.29414455125 0.25741752 0.08851998999999999 0.23652329375 0.08390957375 0.2583720175 0.89995323125 0.29062489625 0.89995323125
13 0.30623112625 0.27570288625 0.3083119575 0.08667582375 0.28343407125 0.08298749000000001 0.27293783250000003 0.28123538375 0.3083119575 0.8944207325000001 0.33432234375000003 0.8916544825 0.30623112625 0.27570288625
13 0.33744358875 0.29137830125 0.336403175 0.08944207374999999 0.31049128375 0.08944207374999999 0.30623112625 0.2978328825 0.3561710675 0.89534281625 0.39154519249999997 0.8916544825 0.33744358875 0.29137830125
13 0.36241356 0.28861205125 0.36553480625 0.07284457500000001 0.33962982375 0.07284457500000001 0.33848400624999997 0.28861205125 0.39466644 0.8971869825000001 0.41859599375 0.8907324 0.36241356 0.28861205125
13 0.44772762625 0.89349865 0.38114103875 0.10603957125 0.3698090225 0.09774082375000001 0.3676156375 0.28123538375 0.41547474875 0.89534281625 0.44772762625 0.89349865
13 0.42691931625 0.28676788375 0.41963640875 0.20193622749999998 0.39674727125 0.09774082375000001 0.38333763 0.098662905 0.44772762625 0.8888882325 0.45605095 0.88796615 0.44668721125 0.50069119375 0.42691931625 0.28676788375
13 0.45813178125 0.89349865 0.48622299750000003 0.89349865 0.46541468874999997 0.28584580125 0.42496411375 0.08667582375 0.4019493475 0.09497457375 0.43836388625 0.28861205125 0.45813178125 0.89349865
13 0.53616293875 0.898109065 0.56529457 0.8971869825000001 0.50182922875 0.3061316325 0.45722463750000003 0.1023512375 0.43004056375 0.104195405 0.4747784275 0.31258621375 0.53616293875 0.898109065
13 0.53720335375 0.29137830125 0.5257587825000001 0.12263707 0.49885111875 0.12448123624999999 0.5111929675 0.32549537875 0.564254155 0.906407815 0.5933857875 0.900875315 0.53720335375 0.29137830125
13 0.56633498625 0.30705371625 0.562173325 0.1484554 0.53943694 0.1484554 0.53928418375 0.30520954875 0.59442620375 0.9027194812499999 0.6162749275 0.9017973975 0.56633498625 0.30705371625
13 0.59442620375 0.29691079875 0.5933857875 0.10050707125000001 0.5685754775 0.09589665625 0.56633498625 0.30152121625 0.61731534125 0.900875315 0.62875991125 0.8944207325000001 0.59442620375 0.29691079875
