10 0.6074326425000001 0.7099426674999999 0.6438061475000001 0.7052621612500001 0.6688408025 0.69795333875 0.67358737375 0.693674385 0.8808733925 0.32449883874999996 0.88541688 0.30728515375 0.8804345587500001 0.2777774175 0.8603060025000001 0.26593940875 0.8469510275000001 0.26004209625 0.832678645 0.2520269975 0.82224631375 0.244565815 0.8251580675 0.23605129125000002 0.8627026975 0.16204889749999998 0.87824420875 0.16329798125 0.89264345 0.1355932425 0.8878750987499999 0.12597089125 0.85714379625 0.11458892375 0.83592741375 0.10855035625 0.7737504825000001 0.09660337000000001 0.74248615625 0.09507177750000001 0.72985356125 0.09233199750000001 0.72370295125 0.12512232125 0.731393945 0.13318080125 0.6975189500000001 0.21565433750000002 0.6278649975 0.21553425375 0.5993637875000001 0.2273066675 0.57653745 0.24386856625 0.5716204625 0.256064745 0.44078376124999996 0.6452023762499999 0.4386081125 0.6568012575000001 0.44885914 0.665229015 0.46258761 0.67614383375 0.48253486375 0.688948415 0.5127113649999999 0.6962794487499999 0.54014653 0.7042077824999999 0.56464816125 0.70674933125 0.6074326425000001 0.7099426674999999
13 0.479069345 0.72144131125 0.00167632375 0.6592952662499999 0.0031594225 0.67241463625 0.46852000875 0.7286213125000001 0.479069345 0.72144131125
13 0.4919338175 0.7369623037499999 0.48145862 0.729729645 0.01998095 0.6738483574999999 0.01688789375 0.68332945375 0.4919338175 0.7369623037499999
13 0.01758010125 0.6866478375 0.006296037500000001 0.69073614875 0.48701683 0.7491584825 0.480051055 0.7372337062500001 0.01758010125 0.6866478375
13 0.45828368500000005 0.846271875 0.45291302625 0.8328518625 0.01799749625 0.69143131875 0.011981796250000001 0.70247628625 0.45828368500000005 0.846271875
13 0.4418683225 0.87070761625 0.43759517375 0.8584452312499999 0.00960306625 0.7011404362499999 0.0030325649999999997 0.7081344725 0.4418683225 0.87070761625
13 0.50524415125 0.862245595 0.097039515 0.73261463625 0.51719714625 0.87561718375 0.50524415125 0.862245595
12 0.29594199125 0.38009886125000003 0.06901633 0.3493510675 0.02391800125 0.5267023275 0.36022597500000003 0.57004773125 0.3947064025 0.40725072375000004 0.31076917625 0.39216489125000004 0.29594199125 0.38009886125000003
12 0.30985176625 0.39004710625 0.50864971625 0.43758481875 0.55996256125 0.28317218625 0.33665208999999996 0.22614227125 0.295358465 0.37620107124999996 0.30985176625 0.39004710625
12 0.33190551874999996 0.23042122375000001 0.044945905 0.15527560375 0.01503074625 0.31476023125 0.29466197375000003 0.3799142225 0.33190551874999996 0.23042122375000001
12 0.35944924624999997 0.9246239325000001 0.6627020575 0.8638458099999999 0.6072513387499999 0.71090924125 0.5577041625 0.70872586125 0.3025783775 0.7652410875 0.35944924624999997 0.9246239325000001
12 0.20890137 0.7179758175000001 0.20342576874999999 0.60699339875 0.00359444125 0.60000838875 0.0157565125 0.6613262849999999 0.009436465 0.8281853287500001 0.20081315875000003 0.83819169875 0.21266901000000002 0.78900283125 0.20890137 0.7179758175000001
12 0.38220731625 0.4808949475 0.35712202875000004 0.572578175 0.34120702 0.566311585 0.32602104249999997 0.6753063687499999 0.36555294000000005 0.70284868125 0.4227911075 0.7130905425 0.40375353875000003 0.48517505 0.38220731625 0.4808949475
12 0.025155664999999997 0.49907794000000005 0.012028616249999999 0.498974215 0.01821854375 0.5991396875 0.1390731875 0.606645295 0.19095553625 0.58236191375 0.32474102375 0.6751217300000001 0.33462563 0.56635496875 0.02523495375 0.5266900600000001 0.025155664999999997 0.49907794000000005