1 0.175 0 0.05892857125 0.24277456625 0.03928571375 0.317919075 0 0.38150289 0 0.87861271625 0.016071428750000002 0.9075144512500001 0.10714285750000001 1 0.23928571375000002 1 0.1125 0.9393063587499999 0.1053571425 0.9248554912500001 0.10714285750000001 0.88150289 0.12321428625 0.85549133 0.1 0.826589595 0.1 0.78901734125 0.12678571375 0.6820809250000001 0.12857142875 0.50578034625 0.14642857125 0.49421965375 0.1875 0.50867052 0.2053571425 0.5 0.20178571375 0.47976878624999997 0.17678571375000002 0.45664739875000004 0.17857142875 0.43930635875 0.19285714250000002 0.43063583875 0.21964285749999998 0.43930635875 0.22678571375 0.43063583875 0.23928571375000002 0.3670520225 0.23928571375000002 0.317919075 0.2625 0.23121387250000003 0.27857142875 0.22832370000000002 0.3071428575 0.2601156075 0.3196428575 0.2138728325 0.34642857125 0.190751445 0.40357142875 0.199421965 0.43392857125 0.21965317875 0.43392857125 0.182080925 0.4571428575 0.13872832375 0.5017857137499999 0.12716763 0.51607142875 0.13005780375 0.52857142875 0.18497109875 0.5428571425 0.2138728325 0.5571428575 0.21676300625 0.5678571425 0.208092485 0.5803571425 0.14739884375 0.57142857125 0.12427745625 0.5 0.06647398875 0.51428571375 0 0.175 0
1 0 0 0.00178571375 0.39306358375 0.04642857125 0.31213872875 0.0553571425 0.26300578 0.10892857125000001 0.15317919124999999 0.12857142875 0.080924855 0.11428571375 0.06936416125 0.09642857125000001 0 0 0
1 0.5875 0 0.7375 0.12716763 0.77321428625 0.13005780375 0.7714285712500001 0.1965317925 0.8696428575 0.18497109875 0.88392857125 0.2716763 0.8946428575 0.25722543375 0.8928571425 0.1676300575 0.9160714287499999 0.13872832375 0.9375 0.04335260125 0.9482142862499999 0.0404624275 0.9571428575 0.08381502875 0.96071428625 0.30057803499999997 0.97142857125 0.45664739875000004 0.90178571375 0.800578035 0.8785714287499999 0.84682080875 0.875 0.87572254375 0.7946428575 0.9104046237500001 0.5267857137499999 0.9595375724999999 0.42321428625 1 0.88392857125 1 1 0.42485549125 1 0.034682081249999996 0.9875 0 0.5875 0
14 0.51071428625 0 0.49821428625 0.06647398875 0.57678571375 0.13005780375 0.5875 0.1589595375 0.6 0.15317919124999999 0.6178571425 0.11271676250000001 0.64821428625 0.08381502875 0.7178571425 0.13583815 0.74107142875 0.1329479775 0.5875 0 0.51071428625 0
14 0.3196428575 1 0.3446428575 0.86416185 0.33571428625000005 0.85549133 0.3196428575 0.7947976875 0.3446428575 0.76300578 0.34642857125 0.5867052025 0.32857142875 0.56647398875 0.32678571375 0.546242775 0.3 0.49710982625 0.2625 0.48843930625 0.24642857124999998 0.50578034625 0.2375 0.7687861275 0.20178571375 0.9335260112500001 0.22857142875 0.9450867049999999 0.25 1 0.3196428575 1
14 0.11607142875 0.72543352625 0.1053571425 0.74277456625 0.09642857125000001 0.7861271675 0.09821428624999999 0.8323699425 0.1196428575 0.8583815025 0.10357142874999999 0.88439306375 0.10178571375 0.9277456650000001 0.17857142875 0.97398843875 0.24107142875 0.99421965375 0.23035714250000003 0.9075144512500001 0.22142857124999998 0.88439306375 0.23928571375000002 0.7687861275 0.24107142875 0.6791907512500001 0.25 0.664739885 0.25 0.5317919074999999 0.23928571375000002 0.5144508675 0.14107142875 0.49132948 0.125 0.5 0.12142857125 0.6820809250000001 0.11607142875 0.72543352625
14 0.2125 0.38150289 0.21785714250000002 0.43063583875 0.18214285749999998 0.427745665 0.175 0.436416185 0.17321428625 0.45953757250000005 0.19642857125 0.47976878624999997 0.20178571375 0.49132948 0.19821428624999998 0.50867052 0.21428571375 0.52023121375 0.24107142875 0.5231213875 0.26071428625 0.49132948 0.28392857125 0.48265895999999997 0.3053571425 0.3959537575 0.3125 0.26300578 0.26428571375 0.2138728325 0.24642857124999998 0.2601156075 0.23035714250000003 0.36127167625 0.2125 0.38150289
14 0.4625 0.81213872875 0.46607142875 0.9219653175000001 0.4803571425 0.97398843875 0.6053571425 0.9479768787499999 0.625 0.9335260112500001 0.61607142875 0.74855491375 0.5946428575 0.60982659 0.59642857125 0.56647398875 0.575 0.563583815 0.5053571425 0.5780346825 0.44642857125 0.6791907512500001 0.4625 0.81213872875
14 0.3196428575 0.81213872875 0.35357142875 0.87283237 0.375 0.9855491325 0.3875 0.99710982625 0.43035714249999996 0.99421965375 0.48571428625 0.97109826625 0.46428571375 0.88439306375 0.45892857125 0.7716763 0.44821428625000004 0.71965317875 0.44821428625000004 0.673410405 0.44107142875 0.67052023125 0.4125 0.708092485 0.3196428575 0.791907515 0.3196428575 0.81213872875
14 0.37321428625 0.62427745625 0.34642857125 0.70231213875 0.3446428575 0.7601156075 0.39642857125 0.7283237 0.45357142875 0.6676300575 0.5053571425 0.5780346825 0.5446428575 0.572254335 0.5303571425 0.5346820812499999 0.52321428625 0.4855491325 0.44285714249999997 0.4855491325 0.4196428575 0.49132948 0.38571428625000004 0.53757225375 0.37321428625 0.62427745625
14 0.8089285712500001 0.5982658962499999 0.7696428575 0.6069364162499999 0.7714285712500001 0.6763005775 0.7910714287499999 0.7687861275 0.8071428575 0.8988439312500001 0.8428571425 0.8959537575000001 0.8714285712500001 0.87861271625 0.90357142875 0.809248555 0.91428571375 0.72543352625 0.93571428625 0.64450867 0.9321428575 0.5982658962499999 0.9125 0.58381502875 0.8875 0.62427745625 0.85178571375 0.62138728375 0.8089285712500001 0.5982658962499999
14 0.8910714287499999 0.25722543375 0.8678571425 0.28901734125 0.8553571425 0.34393063625000003 0.8553571425 0.47687861249999997 0.89821428625 0.48843930625 0.925 0.56069364125 0.9232142862499999 0.580924855 0.9375 0.52890173375 0.97142857125 0.46242774625000005 0.9589285712500001 0.291907515 0.9571428575 0.05202312125 0.9375 0.034682081249999996 0.91428571375 0.13583815 0.8892857137500001 0.1676300575 0.8910714287499999 0.25722543375
14 0.75714328 0.5736994225000001 0.7642861375 0.61127167625 0.76785756625 0.60260115625 0.79107185125 0.60260115625 0.79464328 0.61127167625 0.80000042375 0.59682080875 0.8107147087500001 0.59682080875 0.84821470875 0.61994219625 0.89285756625 0.61994219625 0.8946432799999999 0.60260115625 0.91964328 0.5765895950000001 0.9125004237500001 0.51300578 0.8946432799999999 0.48410404625 0.85357185125 0.47832369999999996 0.80000042375 0.51589595375 0.77321470875 0.54768786125 0.75714328 0.5736994225000001
14 0.6410714287499999 0.53757225375 0.60892857125 0.53757225375 0.5946428575 0.59248554875 0.61428571375 0.7398843925 0.6196428575 0.9075144512500001 0.62857142875 0.9364161850000001 0.725 0.9248554912500001 0.77857142875 0.9104046237500001 0.8017857137500001 0.89017341 0.7946428575 0.78034682125 0.7660714287499999 0.64739884375 0.7446428575 0.49710982625 0.7339285712500001 0.46820809250000006 0.7178571425 0.46820809250000006 0.6714285712500001 0.49132948 0.6571428575 0.52601156125 0.6410714287499999 0.53757225375
14 0.43571428625 0.18786127125 0.4375 0.2138728325 0.42678571374999996 0.22543352625000002 0.4071428575 0.1965317925 0.38928571375 0.190751445 0.35 0.18497109875 0.33392857125 0.20231213875 0.3196428575 0.199421965 0.30892857125 0.25144508625 0.31071428624999997 0.3583815025 0.3196428575 0.37283237 0.43571428625 0.37861271625 0.54821428625 0.44219653125 0.5571428575 0.4132947975 0.55357142875 0.36127167625 0.51428571375 0.30057803499999997 0.5267857137499999 0.23121387250000003 0.5375 0.208092485 0.5196428575 0.12427745625 0.51071428625 0.12138728374999999 0.4571428575 0.12716763 0.44821428625000004 0.1676300575 0.43571428625 0.18786127125
14 0.30178571375 0.41618497125 0.29642857125 0.48265895999999997 0.30178571375 0.50578034625 0.33928571375 0.572254335 0.36428571374999996 0.5953757224999999 0.38035714249999997 0.58381502875 0.38571428625000004 0.54335260125 0.425 0.49421965375 0.5357142862500001 0.48265895999999997 0.5375 0.445086705 0.50357142875 0.39884393125 0.42142857125 0.37572254375 0.38214285750000004 0.39017341 0.3303571425 0.3872832375 0.30178571375 0.41618497125
14 0.5875 0.34104046250000003 0.5696428575 0.3497109825 0.5428571425 0.49710982625 0.5946428575 0.51156069375 0.60178571375 0.52890173375 0.6303571425 0.5346820812499999 0.65357142875 0.52890173375 0.6714285712500001 0.4855491325 0.71428571375 0.46820809250000006 0.71607142875 0.3236994225 0.71071428625 0.30635838125 0.63571428625 0.28034682125 0.61428571375 0.31213872875 0.5982142862500001 0.317919075 0.5875 0.34104046250000003
14 0.7696428575 0.4219653175 0.74821428625 0.5404624275 0.7535714287499999 0.56936416125 0.8017857137500001 0.51734104 0.8375 0.50289017375 0.8553571425 0.48265895999999997 0.8589285712500001 0.3959537575 0.8535714287499999 0.335260115 0.8303571425 0.21098265875 0.8196428575 0.208092485 0.7875 0.2225433525 0.7910714287499999 0.38150289 0.7696428575 0.4219653175
14 0.5875 0.17052023125000002 0.575 0.20520231249999998 0.57321428625 0.2398843925 0.55 0.2947976875 0.54821428625 0.3236994225 0.5821428575 0.34393063625000003 0.59642857125 0.31502890125 0.61428571375 0.309248555 0.62142857125 0.291907515 0.6553571425 0.28323699375 0.6839285712500001 0.309248555 0.6821428575 0.3497109825 0.6928571425 0.35549133 0.6910714287499999 0.39017341 0.7196428575 0.4132947975 0.74107142875 0.309248555 0.74821428625 0.23410404625000003 0.775 0.15028901749999998 0.77321428625 0.13005780375 0.68928571375 0.1416184975 0.6660714287499999 0.10982659 0.63392857125 0.09248554875 0.6232142862500001 0.06936416125 0.58571428625 0.06936416125 0.57321428625 0.10115606875 0.5875 0.13872832375 0.5875 0.17052023125000002