8 0.31731953125 0.4939911825 0.2990484275 0.51387098625 0.3032943475 0.55604125125 0.2776300625 0.55201470875 0.26521600875 0.59944075125 0.26330489875 0.6580012875 0.25687288375 0.7146666937499999 0.24750609625 0.75847432125 0.28211219374999996 0.7809366274999999 0.30474171125 0.7867508974999999 0.30755149125 0.8179155525 0.3180169375 0.83454210625 0.33310328375 0.8384182875 0.31023628124999997 0.86738708875 0.30091949 0.90387196625 0.32023925625 0.9517490975 0.32452267375 0.9884273 0.35479535624999997 0.98153415375 0.39276120249999996 0.9546108449999999 0.42606865125 0.94592997375 0.44577589500000003 0.9370557775 0.46237337375000004 0.9409534374999999 0.4623858725 0.9391227512499999 0.47011653375 0.9136005212499999 0.45841493624999996 0.8566773499999999 0.42231020375 0.8323628775 0.434611765 0.80141302625 0.4120697425 0.7827839387500001 0.403227925 0.7497026737500001 0.4246587875 0.7097282625 0.40515153374999996 0.68931145 0.39773335375 0.6690664825 0.4129196925 0.6582971575000001 0.348178405 0.62259042875 0.36812313 0.5789331624999999 0.345818595 0.525521005 0.32609885375 0.5362258875 0.3323683775 0.503359425 0.31731953125 0.4939911825
17 0.6513927037499999 0.482262155 0.6380799775 0.43996300875000005 0.6369438212499999 0.38502088749999996 0.603736365 0.37905625625 0.55831484 0.39122666125 0.53714646125 0.39275662375000003 0.49313607750000005 0.4195940125 0.49273610125 0.4781760275 0.51211836375 0.5168997212499999 0.53623401625 0.5263968450000001 0.5527190012500001 0.5467706987500001 0.5919584975 0.55465193875 0.6448106987500001 0.56089581625 0.6224186675 0.520298475 0.6513927037499999 0.482262155
17 0.502515695 1 0.5107921675 0.93248737125 0.47612357250000004 0.91917850625 0.43958136625 0.9589381124999999 0.44994681875 0.99021017125 0.4550365 1 0.502515695 1
17 0.55288021625 0.74450648 0.5531052025000001 0.71155409625 0.53816885 0.68570966 0.51565182625 0.66341919875 0.49111119875 0.71616546375 0.47468871 0.6866381737499999 0.43082831624999995 0.6915073062499999 0.41246971875 0.724201925 0.40617519625 0.7607297625 0.42856722750000004 0.801327105 0.46470945874999997 0.8201495125 0.49051123500000005 0.80403848625 0.49777942375 0.8462517125 0.5249423424999999 0.8521304225 0.54634820875 0.81581738875 0.54964546125 0.775585215 0.55288021625 0.74450648
17 0.396634695 0.6086322975 0.40245424625 0.6416706025000001 0.41755308999999996 0.643716095 0.42798103875000004 0.6658347125 0.4657343975 0.6700330975 0.4852416525 0.69044991125 0.50348775625 0.674231485 0.5232199962499999 0.6616959137499999 0.53540906625 0.6472222525 0.55967471 0.6347511225 0.5597247075 0.6274283700000001 0.5791444649999999 0.66066 0.59428080625 0.65721342625 0.5584385575 0.5944545075 0.5795069425 0.60757004875 0.61114076875 0.6226666399999999 0.6399398162500001 0.61025995125 0.6341202662500001 0.5772216462499999 0.57832079 0.55995068125 0.5315256225 0.5519620362500001 0.5317256112500001 0.52267102875 0.4894638475 0.51474682625 0.46511070875 0.5400327699999999 0.46045231375 0.55827521125 0.396634695 0.6086322975
17 0.39808333249999994 0.61780721875 0.4331519025 0.5725340675 0.45468276125 0.5179141525 0.4260587025 0.5046912087500001 0.41257098875 0.488021695 0.42939345375000004 0.45896697000000003 0.40105687875 0.403638205 0.43882273875000005 0.4060059025 0.44803953375 0.38416652999999995 0.44522975375 0.3530018725 0.4664981275 0.33682640625 0.49931353625 0.31257153625 0.46102855499999995 0.2525288375 0.464188315 0.23243423 0.4461671975 0.21570027374999998 0.4342531125 0.18989879875 0.41457086875000004 0.19511161875 0.40089566499999996 0.2059024225 0.41556953375 0.270191305 0.394376155 0.275382645 0.36558960874999996 0.285958645 0.37866484874999995 0.36304086249999995 0.378239875 0.42528425625 0.388492835 0.473032505 0.39293874125 0.48591176249999996 0.36545084125000005 0.52763093875 0.3743426575 0.5533894525 0.35423544 0.6208456625000001 0.39482357874999996 0.65254732875 0.39808333249999994 0.61780721875
17 0.4793733775 0.44319963375 0.45694385125 0.40809435374999997 0.43116707249999997 0.4205440025 0.43096708499999997 0.44983501124999997 0.41872801875 0.47163142375 0.45781752124999997 0.5014809225 0.48520542874999995 0.47440725 0.4793733775 0.44319963375
17 0.48699154749999995 0.43415359375 0.5098335500000001 0.40884616749999997 0.49178743375000006 0.39577358625000003 0.47848720624999996 0.3516437525 0.44675338625 0.35119266375 0.44492977125000005 0.39693838375 0.48545541375 0.43779349 0.48699154749999995 0.43415359375
17 0.47989834625 0.3663107375 0.5098710475 0.40335410375 0.52656852125 0.39260626125000003 0.55077166875 0.38928857125 0.5569786950000001 0.36557554875000003 0.5375464375 0.33417460875000005 0.4842177375 0.3172300375 0.45585769125 0.34582948375 0.47989834625 0.3663107375
17 0.49279987249999996 0.2474878625 0.48945262375 0.29504278875 0.50605010375 0.2989404475 0.52866712 0.30658540500000003 0.5465382475 0.34528761750000003 0.5569411962499999 0.37106761125 0.55230780125 0.385648675 0.58406662 0.38243838750000003 0.63248541375 0.37397232 0.62797700875 0.3702465025 0.640391065 0.32282045875000004 0.6390674187500001 0.2953386575 0.6118670025 0.29495201125000003 0.61511425625 0.26204258875 0.6062724374999999 0.2289613225 0.5684315825 0.23757775250000002 0.551659115 0.25930972375 0.5381714 0.24264020875 0.5307157225 0.2278873025 0.4914012325 0.23099018999999998 0.47651487625 0.19782300125 0.48738029875 0.15586754 0.46776055125 0.15192692 0.47188147874999997 0.21240406374999998 0.47477875500000005 0.23075390625 0.49279987249999996 0.2474878625
17 0.47228145499999996 0.15382204875 0.47189397875 0.21057337625 0.47326762 0.23073242624999998 0.50194167375 0.23663261625 0.53828389375 0.22616401875 0.56692044875 0.2375562725 0.6017140362500001 0.23255825875 0.6337603374999999 0.18724214625 0.65193144625 0.18200784750000001 0.671376205 0.21157810000000002 0.68836116 0.15872443125 0.6962918087500001 0.10391119375 0.6978279424999999 0.1002713 0.6600745825 0.09607291500000001 0.6492466575 0.13253631125 0.6219462462500001 0.14679516874999998 0.60368764125 0.1648442825 0.5720288175 0.15340906625 0.55258406 0.12383881375 0.53482542625 0.06866041125 0.51075977125 0.0518405325 0.47742732125000004 0.06418278 0.45753259125 0.100517295 0.4999693425 0.08281186375 0.5226363575 0.08313407 0.54200612 0.12368845125 0.5222113825 0.14537746375 0.49793323875 0.15967928 0.47228145499999996 0.15382204875
17 0.6422021800000001 0.27890542875 0.65753851 0.2461678475 0.6713262075 0.21890085125 0.64131600875 0.1873495475 0.60933220375 0.22351222 0.61044336125 0.282115715 0.64065354875 0.28437601125 0.6422021800000001 0.27890542875
