0 0.46890634875000003 0.7133533400000001 0.49311522125 0.82200796375 0.5019381425 0.83891228875 0.51073182625 0.84742651625 0.529835695 0.84750855125 0.54753953375 0.84144346125 0.55812675375 0.82773629 0.5604015037500001 0.80231665875 0.5341503437499999 0.61624063875 0.5270337225 0.60859856 0.5154984537499999 0.60457027375 0.48783431875 0.606440855 0.46238693625000005 0.622765545 0.46028713125000004 0.6418718250000001 0.46890634875000003 0.7133533400000001
0 0.39966644625000003 0.79410141 0.40421642375 0.7999160825 0.42512868374999996 0.8102987349999999 0.45429493875 0.8156136549999999 0.46905301125 0.8119577625 0.4884046775 0.7983747225000001 0.48343148125 0.75588453875 0.46727290125000004 0.69673937125 0.41989235375 0.6922976774999999 0.39810537250000005 0.7134817812500001 0.39227231375000005 0.73508037125 0.39329321875 0.7454641025 0.3993017 0.7742060949999999 0.39966644625000003 0.79410141
0 0.38453980625 0.32463050375 0.39692103625 0.34535586875 0.41755626375 0.3610135 0.43752047125 0.35366069875 0.45961372375000004 0.33559171374999996 0.4851047225 0.30352520250000004 0.51030382875 0.24421165250000001 0.5101432637500001 0.226393085 0.50200574 0.20836727249999998 0.48825371500000003 0.18988488 0.4729559525 0.17995881 0.45847491625000003 0.1783397225 0.44775636874999997 0.18261842375 0.38952690500000003 0.28633483 0.3854437625 0.301453845 0.38453980625 0.32463050375
10 0.5873625175 0.429121935 0.5613610662499999 0.45599658249999997 0.5555423875000001 0.45346325375 0.5399968275 0.45720225875 0.534513655 0.4661741475 0.53467422125 0.48399271499999996 0.5407263175 0.49699288625 0.5651676525 0.5028064825 0.578715495 0.51921213 0.59480074375 0.5290550887500001 0.73328198375 0.53752075375 0.74926514125 0.54632533875 0.7798458075000001 0.5336554637500001 0.7852412674999999 0.49951328375000004 0.78443892375 0.46707438125 0.77921792875 0.438249275 0.76539305125 0.42711860375 0.6757944775 0.43028012875 0.645840735 0.425048325 0.6092079725 0.42471802750000004 0.5873625175 0.429121935
16 0.3640939025 0.27852760374999996 0.34848987000000003 0.2654864125 0.35270434 0.25979587 0.349525155 0.251738225 0.33953562 0.2391536175 0.3153569425 0.2521969625 0.2506234 0.35450152625000003 0.2478089625 0.36633919499999995 0.2744234325 0.40234872375 0.294664675 0.38972094375 0.364502265 0.282681095 0.3640939025 0.27852760374999996
10 0.5597017275 0.8275700637500001 0.5654183175 0.82906502 0.5915074775 0.827360665 0.6209943849999999 0.81165878375 0.6414690475 0.8094978475000001 0.643525235 0.80613339 0.64114791875 0.7738607125 0.63194587125 0.76119299125 0.6229772425 0.7589921150000001 0.61383367 0.76310459 0.595662995 0.7482359925000001 0.57467788 0.7452050649999999 0.555982375 0.74927652125 0.5576163012500001 0.8225444262499999 0.5597017275 0.8275700637500001
10 0.62821118375 0.5937234975 0.62230527 0.6226738125 0.62475544125 0.647594765 0.63282011375 0.6729723 0.6484241475 0.68601349 0.67471748875 0.68638588125 0.68817762125 0.6776212375 0.7006897025000001 0.6511211375000001 0.7053412912500001 0.60132024875 0.7106931375000001 0.58291989 0.7085636175000001 0.53698213625 0.69730538 0.52767887375 0.6859742900000001 0.52572733625 0.66707460125 0.5277220475 0.6564581475 0.53303912 0.630266895 0.5337051025 0.62614013625 0.56456593625 0.62821118375 0.5937234975
11 0.6859172499999999 0.6789089475 0.67382791125 0.6854306212500001 0.6433929525000001 0.68339704875 0.63513895875 0.6884647825000001 0.62049783375 0.72568106375 0.62154797625 0.7444548925 0.6375896075 0.7700396712500001 0.64963533 0.77925982 0.65880814 0.78353744375 0.68212647875 0.77792893625 0.698678085 0.752051645 0.72115046125 0.72974605625 0.7574764775 0.6703072962500001 0.7618658899999999 0.6583034037500001 0.75453023125 0.61606256 0.7197638562500001 0.5861591399999999 0.70853485625 0.58524597625 0.7042475337499999 0.5982882425 0.7014479525 0.6426479275 0.6949294949999999 0.6653680037499999 0.6859172499999999 0.6789089475
10 0.64801244 0.28528244875 0.6594892362500001 0.27253053875 0.66837015375 0.2495611225 0.6734885800000001 0.22069392125 0.66758218875 0.19299030125000002 0.6434907425 0.17455000250000002 0.6061141087499999 0.15856099625 0.5384046075 0.14157679 0.504134305 0.14099715625 0.491942875 0.146480455 0.48183687124999997 0.156989395 0.45917469250000004 0.1530863175 0.45249567 0.15798782625 0.44882089125 0.17726033375 0.4797663025 0.18448577124999999 0.49834533875 0.20350785999999998 0.50686198875 0.21729706624999998 0.50788289375 0.22768079749999998 0.5134973925 0.22813737875 0.5195494924999999 0.24113755125 0.52724941625 0.2466197725 0.5639114175000001 0.2553401675 0.57000713375 0.2525985175 0.57617570125 0.24250514375 0.58877549375 0.24117533625 0.59807963 0.25488143 0.6225794375 0.27747522 0.64003547875 0.28507520625 0.64801244 0.28528244875
10 0.31416395999999996 0.58805019625 0.29376215250000004 0.58285940875 0.28368538625 0.601758445 0.28663163125 0.6560031825 0.29777339625 0.6883999900000001 0.3546775975 0.797800475 0.36918787125 0.8078096574999999 0.38798546875 0.8047765750000001 0.39562692 0.7934786012499999 0.40490181875 0.7987945974999999 0.40379320375 0.763240575 0.39931607999999996 0.7500741762500001 0.39612203625 0.7094945149999999 0.3781699225 0.67257074375 0.37127186375 0.64287349125 0.36384897250000003 0.63211629125 0.33726373875 0.60449686125 0.32227224875 0.59768591 0.31416395999999996 0.58805019625
10 0.47028913250000004 0.40370877125 0.44446262625000005 0.42427006624999997 0.4296609375 0.44366778125000006 0.38814316624999995 0.48267152750000003 0.37446447374999997 0.5134913462499999 0.3681501975 0.53828816875 0.3570817625 0.5551935725 0.34930898374999997 0.557063075 0.33851758375 0.5686935 0.33857605749999997 0.58547369375 0.34976143875 0.60212868125 0.361777925 0.6029587325 0.37109644125 0.5925329075 0.39438554375 0.57853430125 0.4364722425 0.5615026125 0.48652104375 0.51215615125 0.5154390237500001 0.47448220999999996 0.5324282300000001 0.4611485075 0.53407605625 0.45363055875 0.55288803375 0.426465555 0.5530337399999999 0.41176210500000004 0.53534428125 0.39369527750000005 0.5210525687500001 0.36163091999999997 0.49567804000000004 0.370603885 0.47028913250000004 0.40370877125
10 0.3624633225 0.60183724625 0.35054892625 0.60204556875 0.34531355249999995 0.59735238 0.33806560500000005 0.5802818275 0.33861967375 0.56973187125 0.35009647 0.55697996125 0.3570817625 0.5551935725 0.36126699500000004 0.5411129325 0.31445489625 0.5019893625 0.2654265225 0.50506562 0.25925795375 0.51515899375 0.2595934625 0.52666421 0.2716684225 0.5442744562499999 0.27774975874999996 0.5656647262500001 0.28616431625 0.5784155599999999 0.3154619 0.5931589475 0.3913966375 0.6533392562500001 0.40697143375000006 0.6579903487500001 0.41306714749999995 0.6552487 0.43020206 0.6272115500000001 0.433293535 0.6100989025 0.43135381625 0.5903698137500001 0.4159247275 0.57101527375 0.39555215625 0.5742145825 0.3812316825 0.59041406375 0.37041104500000005 0.5936543925 0.3624633225 0.60183724625
10 0.3307294675 0.48138705000000004 0.33086079625000003 0.49081552125 0.33998998999999996 0.510834965 0.35641074625 0.53218313875 0.36901053875 0.53085333125 0.38814316624999995 0.48267152750000003 0.47529108999999997 0.397935115 0.5112379775 0.3427329625 0.5285042175 0.32412428249999997 0.5272791325 0.3116638075 0.5019626 0.28076303125 0.495764795 0.2824663075 0.4803069475 0.31137560375 0.46029912125000005 0.33447022875000004 0.41118351375 0.3690301275 0.33806464875000003 0.46697395875 0.3307294675 0.48138705000000004
10 0.332667755 0.33115433125000004 0.29476676625 0.39075931500000005 0.274175635 0.41601379875 0.2679198325 0.45759081625 0.25596182125 0.47354095874999996 0.25571402375 0.48720603500000004 0.26412858375 0.49995686749999996 0.27162432875 0.50336234375 0.28894904125 0.5015338575 0.292580205 0.49800317499999996 0.2920697525 0.49281130875 0.31785264125 0.487991835 0.34895813875000004 0.4563819075 0.4053212175 0.3822386225 0.41598128875 0.36117972625 0.39137939125000004 0.3375475625 0.37965432 0.30731061375 0.37126899625 0.30294987875 0.3618191525 0.30394723375 0.3513047875 0.31030267875 0.332667755 0.33115433125000004
10 0.34070223374999997 0.2348339 0.33963771125000003 0.24019199 0.37306253125 0.28072847875 0.37357298375 0.28592034375000003 0.36661692875 0.2960968325 0.37805010875 0.2990867425 0.38493331 0.29626198 0.41262620499999997 0.24612756125000002 0.41861982875000003 0.2423475375 0.42191548375000004 0.22731163875 0.44004206375000005 0.20126812125000001 0.44785846 0.18365679624999998 0.45013321125 0.15823716499999999 0.43072307000000004 0.15504001125 0.41627127 0.16181102249999998 0.37886587624999996 0.194085855 0.34070223374999997 0.2348339
10 0.5303854637500001 0.32707317625000004 0.53968960125 0.34077926875000003 0.5533102974999999 0.3498331925 0.58988506375 0.39003722875 0.6387533525 0.42579634 0.6678175175 0.43007288625 0.73180814625 0.42541748375 0.7268934225 0.39970749499999997 0.71290797875 0.37075825875 0.6984269424999999 0.36913917124999995 0.6914560299999999 0.3467936425 0.5899713412500001 0.24524571625 0.5807256787499999 0.24831981625000002 0.546018255 0.2918505275 0.5317270187500001 0.31644010625 0.5303854637500001 0.32707317625000004
10 0.58000001 0.6617606725 0.59026658 0.6690703025000001 0.622451455 0.6646242975 0.6179158575 0.634677705 0.625717395 0.584544365 0.62937731875 0.5327498425 0.6080859325 0.526603795 0.5939111662500001 0.5280998275000001 0.5759446725 0.51530797625 0.56417598375 0.50081285 0.5570886025 0.50156086625 0.5572199274999999 0.51098933625 0.56788095625 0.6032383137499999 0.58000001 0.6617606725
10 0.5360306324999999 0.50588166125 0.534513655 0.4661741475 0.528797065 0.4646791925 0.51465153625 0.47456532125 0.48789183625 0.50991317875 0.45158020249999997 0.5452200175 0.44191179750000004 0.56827254625 0.44197027125 0.58505274125 0.45185771375 0.596598975 0.47691159125 0.60864281 0.5101609887499999 0.598838715 0.5360306324999999 0.50588166125
0 0.62732955625 0.71693754625 0.611895355 0.6678576887500001 0.5853054875 0.66716687625 0.54335490875 0.6855830625 0.5545601025 0.7456007375 0.62732955625 0.71693754625