13 0.6880636875 0.38740788125000003 0.6870043712499999 0.3806483875 0.6764429975 0.37661390125 0.23519908999999997 0.61928050375 0.25638573625 0.6204733675 0.6880636875 0.38740788125000003
13 0.7526829425 0.4145077125 0.744659355 0.40393355875 0.4677225375 0.50874296125 0.39145060375 0.5528784812499999 0.7526829425 0.4145077125
13 0.7510939274999999 0.39065068125 0.74399706 0.38108439 0.5895457525 0.44512423 0.61126209625 0.45029324875 0.7510939274999999 0.39065068125
13 0.20547134 0.602349035 0.59749443375 0.4215943025 0.6758989950000001 0.3775313275 0.6853247374999999 0.378174575 0.6895859900000001 0.38291872750000006 0.7230693825 0.36711497625 0.71769243875 0.35438470875 0.20033004999999998 0.59044879875 0.20547134 0.602349035
13 0.31432810125 0.52323526875 0.33213645875 0.50763853875 0.209613585 0.5333088275 0.208749885 0.53978691125 0.21383799499999998 0.5445614225 0.31432810125 0.52323526875
13 0.59459791875 0.27327011625000003 0.5802099362500001 0.26609772374999996 0.28846353874999997 0.54933593375 0.3236562825 0.53337136375 0.59459791875 0.27327011625000003
13 0.68170674625 0.21822812 0.67900828375 0.2121510675 0.67284051125 0.2078103125 0.58582211375 0.26578269250000003 0.5945864375 0.273210965 0.5907315575 0.27928802375 0.68170674625 0.21822812
13 0.7264233175 0.20491647875000002 0.6542681462500001 0.237946365 0.57955243 0.28825890625 0.7341330775 0.2144661325 0.7264233175 0.20491647875000002
13 0.57080846 0.27465385625 0.22858426874999999 0.500289945 0.25853982875 0.49650427625 0.5119696512499999 0.33066014875 0.57080846 0.27465385625
13 0.21969853749999999 0.45108975125 0.224697895 0.46003920625 0.4604376575 0.3468269225 0.54306872 0.29111450625 0.26123178750000003 0.4291491425 0.25200216625 0.4418516075 0.23777318874999998 0.4418516075 0.21969853749999999 0.45108975125
13 0.785695895 0.48549464625 0.78586192 0.47383918 0.28441867125000003 0.3985797625 0.27574605375 0.40834548 0.7813595875 0.49135408750000004 0.785695895 0.48549464625
13 0.8251563274999999 0.46140588250000003 0.8255899175 0.45749961624999996 0.82342176375 0.45033806249999997 0.66765967625 0.453506225 0.66037661375 0.4552209225 0.72758939125 0.46466112125000003 0.8251563274999999 0.46140588250000003
13 0.8147491474999999 0.42397062750000003 0.81258099375 0.4177856675 0.73489398 0.42138015625 0.69333251625 0.436991585 0.81258099375 0.4311321575 0.8147491474999999 0.42397062750000003
13 0.44044366250000005 0.48018166125 0.484640315 0.45951348625 0.201003285 0.5046271675 0.201003285 0.5114575225 0.20627096625 0.51541195125 0.44044366250000005 0.48018166125
3 0.1445105825 0.30233134875 0.1352513225 0.30828373 0.1299603175 0.31423611125 0.11739418 0.33407738125 0.11574074124999999 0.3387896825 0.1223544975 0.34995039624999996 0.14186507875 0.37549603125 0.157738095 0.39012896875 0.16865079375 0.40575396875 0.185185185 0.42609127 0.19411375625000002 0.43303571375 0.2030423275 0.43774801625000004 0.21395502624999999 0.44047619 0.2275132275 0.44171627 0.24404761874999997 0.44196428625 0.25033068750000004 0.440228175 0.2526455025 0.43849206375 0.27281745999999996 0.411954365 0.27678571375 0.40500992125 0.290343915 0.390625 0.2999338625 0.38392857125 0.31150793625 0.3814484125 0.33895502625 0.37946428625 0.3478835975 0.37748015875 0.3776455025 0.36383928625 0.40939153500000003 0.353670635 0.43849206375 0.34250992125 0.48578042375 0.31969245999999996 0.49636243375 0.31225198375 0.49338624375 0.3105158725 0.47652116375 0.30778769875 0.44642857125 0.30803571375 0.41203703750000004 0.30580357125 0.32076719625000005 0.2934027775 0.2119709 0.291170635 0.1802248675 0.29464285749999997 0.157738095 0.29861111125 0.1445105825 0.30233134875
3 0.44973545000000004 0.53149801625 0.44907407374999997 0.53521825375 0.45403439125 0.5448908725 0.47089947125000003 0.5607638887499999 0.47685185124999996 0.571180555 0.48148148125 0.5763888887499999 0.49404761875 0.58829365125 0.5142195762499999 0.6029265875 0.51653439125 0.6076388887499999 0.52116402125 0.62599206375 0.52876984125 0.6361607137499999 0.5380290999999999 0.6428571425 0.55092592625 0.6483134925 0.56117724875 0.6512896825 0.57175925875 0.6530257937499999 0.5972222225 0.661954365 0.60912698375 0.663194445 0.622685185 0.66071428625 0.67063492125 0.6436011899999999 0.7076719575 0.63219246 0.7328042324999999 0.61954365125 0.7344576725 0.615079365 0.7298280425 0.59920634875 0.720238095 0.5751488100000001 0.7113095237500001 0.556795635 0.6749338625 0.5034722225 0.66170634875 0.4878472225 0.65906084625 0.48586309499999997 0.6438492062500001 0.4809027775 0.61871693125 0.47891865125000005 0.5972222225 0.475694445 0.5796957675000001 0.48065476250000005 0.47189153500000003 0.52157738125 0.44973545000000004 0.53149801625
3 0.3951719575 0.552579365 0.38822751375000003 0.5575396825 0.360449735 0.58903769875 0.33597883625 0.61954365125 0.33366402125 0.62475198375 0.33531745999999996 0.6388888887499999 0.3373015875 0.64236111125 0.34193121750000005 0.6453373012500001 0.34457672 0.64905754 0.34821428625 0.658978175 0.3525132275 0.66245039625 0.36375661375 0.664930555 0.4249338625 0.666170635 0.44378306875 0.66765873 0.45436507875 0.6698908725 0.46891534375 0.6750992062500001 0.50363756625 0.69370039625 0.51851851875 0.7041170637499999 0.5208333337500001 0.70833333375 0.51917989375 0.71279761875 0.51984127 0.716021825 0.528108465 0.71428571375 0.53108465625 0.716021825 0.5522486775000001 0.73685515875 0.5697751325 0.7509920637499999 0.5773809525 0.76314484125 0.57936507875 0.7646329362500001 0.5896164025 0.76984127 0.60350529125 0.77504960375 0.627314815 0.7810019837500001 0.6276455025 0.7822420637499999 0.62070105875 0.78645833375 0.62136243375 0.791170635 0.6345899475 0.79811507875 0.64153439125 0.7966269837500001 0.657738095 0.7810019837500001 0.6650132275 0.77182539625 0.69411375625 0.72891865125 0.7053571425 0.70907738125 0.7109788362499999 0.6949404762499999 0.712632275 0.6870039687499999 0.7123015875 0.6679067462499999 0.7086640212499999 0.6594742062500001 0.7046957675000001 0.6552579362500001 0.6987433862499999 0.6515376987499999 0.680555555 0.6443452375 0.672949735 0.643353175 0.6554232799999999 0.6480654762499999 0.62070105875 0.6609623012500001 0.60846560875 0.663194445 0.60218254 0.66294642875 0.58862433875 0.658978175 0.572420635 0.6522817462499999 0.5595238100000001 0.64955357125 0.54265873 0.6438492062500001 0.5284391537500001 0.634920635 0.525132275 0.63045634875 0.52182539625 0.6242559525 0.51686507875 0.6076388887499999 0.5142195762499999 0.60342261875 0.4821428575 0.57490079375 0.474867725 0.5654761899999999 0.4576719575 0.5476190475 0.44609788375000003 0.54067460375 0.43452381 0.53745039625 0.42658730125 0.5389384925 0.40542328 0.5476190475 0.3951719575 0.552579365
0 0.41468254000000004 0.6884920637499999 0.3723544975 0.6922123012500001 0.36309523749999995 0.697420635 0.36177248624999997 0.6991567462499999 0.36111111125 0.7061011899999999 0.36177248624999997 0.72842261875 0.35945767250000005 0.7539682537500001 0.35945767250000005 0.77083333375 0.36078042375 0.7810019837500001 0.36309523749999995 0.7834821425 0.36970899500000004 0.7859623012500001 0.37599206375 0.7862103175 0.5072751325 0.7735615075 0.57076719625 0.77405754 0.57903439125 0.77232142875 0.575396825 0.77008928625 0.53835978875 0.75719246 0.53141534375 0.7539682537500001 0.52645502625 0.7502480162499999 0.51223545 0.73611111125 0.51355820125 0.7219742062500001 0.517526455 0.7123015875 0.52116402125 0.7070932537500001 0.520502645 0.7038690475 0.5105820099999999 0.6954365075 0.49437830750000006 0.68625992125 0.4821428575 0.68080357125 0.47619047625 0.680555555 0.44411375625 0.68328373 0.43584656125000004 0.686011905 0.41468254000000004 0.6884920637499999
11 0.18154761874999997 0.630704365 0.17592592625000003 0.6453373012500001 0.17129629625 0.66468254 0.16898148124999998 0.68328373 0.16798941750000002 0.72395833375 0.17228836 0.7624007937499999 0.17592592625000003 0.7782738100000001 0.1825396825 0.796875 0.19080687875 0.8115079362500001 0.19609788375 0.8172123012500001 0.20337301624999998 0.8216765875 0.21296296250000002 0.822420635 0.221891535 0.81845238125 0.229497355 0.8132440475 0.24074074125 0.8087797625 0.25529100499999996 0.80704365125 0.30191798999999997 0.79861111125 0.32109788375000003 0.7966269837500001 0.3303571425 0.79241071375 0.3369709 0.78125 0.33994709 0.765625 0.34093915375 0.747271825 0.3402777775 0.7197420637499999 0.33366402125 0.66666666625 0.32671957625 0.64310515875 0.327050265 0.633680555 0.32308201 0.62599206375 0.3125 0.61904761875 0.30720899500000004 0.61780754 0.26984127 0.619295635 0.23941799 0.619295635 0.23115079375 0.61879960375 0.2175925925 0.61607142875 0.21097883625000002 0.61259920625 0.20370370375 0.6116071425 0.19543650750000002 0.6145833337500001 0.18849206375000002 0.62028769875 0.18154761874999997 0.630704365
6 1 0.2165178575 0.99107142875 0.21031745999999998 0.9798280425 0.20833333375 0.9477513224999999 0.21701388875 0.9424603175 0.21949404749999998 0.9375 0.22470238125000003 0.9312169312499999 0.228670635 0.9203042324999999 0.22891865125 0.9103835975 0.23139880999999998 0.9027777775 0.23735119000000002 0.89484127 0.24107142875 0.8713624337500001 0.24479166625 0.8210978837499999 0.25545634875 0.7830687825 0.26165674625 0.76355820125 0.268353175 0.7374338625 0.28075396874999997 0.71593915375 0.28645833374999996 0.7113095237500001 0.28720238125 0.700396825 0.28670634875 0.68816137625 0.28422619 0.67063492125 0.28224206375 0.65079365125 0.2777777775 0.63128306875 0.27579365125 0.6124338625 0.27653769875 0.599867725 0.2805059525 0.57903439125 0.29067460375 0.57076719625 0.29737103125000003 0.5353835975 0.33283730125 0.49437830750000006 0.37103174625 0.48578042375 0.38045634874999995 0.4500661375 0.41294642875 0.44411375625 0.419146825 0.4401455025 0.42559523749999995 0.44543650749999997 0.42733134874999995 0.46164021125 0.42857142875 0.5119047625 0.43601190500000003 0.53174603125 0.43700396875 0.53935185125 0.43601190500000003 0.5519179900000001 0.43154761875 0.592261905 0.41170634874999995 0.61375661375 0.40302579375 0.67394179875 0.3742559525 0.69510582 0.36607142875 0.7066798937500001 0.36036706375 0.7123015875 0.35912698374999996 0.7192460312500001 0.362103175 0.720238095 0.36532738125 0.7152777775 0.37127976250000005 0.694444445 0.3799603175 0.66666666625 0.40104166625 0.657738095 0.40426587249999996 0.642526455 0.41170634874999995 0.63128306875 0.41939484125 0.62962963 0.42311507875 0.6279761899999999 0.4241071425 0.6279761899999999 0.42559523749999995 0.6306216925 0.42559523749999995 0.634920635 0.42286706375 0.6421957675000001 0.421875 0.6650132275 0.41393849250000003 0.66931216875 0.4112103175 0.7146164025 0.39236111125 0.732473545 0.38392857125 0.735449735 0.3814484125 0.73776455 0.37400793625 0.7417328037500001 0.36681547625 0.74537037 0.36309523749999995 0.75132275125 0.359375 0.77910052875 0.35193452375 0.8015873012500001 0.34771825375 0.8647486775000001 0.3231646825 0.9060846562499999 0.30505952375 0.91765873 0.30109127 0.939814815 0.296875 0.9494047625 0.29389881 0.959656085 0.28745039625 0.9804894175 0.28670634875 0.9887566137500001 0.28298611125 1 0.28075396874999997 1 0.2165178575