15 0.16536458375 0.2197265625 0.20833333375 0.228515625 0.1953125 0.232421875 0.20052083375 0.2470703125 0.23046875 0.259765625 0.26302083374999996 0.2646484375 0.2890625 0.2724609375 0.33854166625 0.279296875 0.39322916625 0.3017578125 0.43489583375 0.30859375 0.45703125 0.32421875 0.49869791625 0.3232421875 0.5559895837500001 0.3212890625 0.61328125 0.3173828125 0.65104166625 0.306640625 0.67317708375 0.30859375 0.74088541625 0.310546875 0.79296875 0.3134765625 0.82421875 0.3056640625 0.81119791625 0.31640625 0.7421875 0.3701171875 0.76171875 0.3740234375 0.828125 0.38671875 0.89322916625 0.4033203125 0.95833333375 0.41796875 0.99869791625 0.431640625 0.99869791625 0.33984375 0.9453125 0.298828125 0.88541666625 0.2548828125 0.83854166625 0.2275390625 0.796875 0.2275390625 0.75 0.2412109375 0.70182291625 0.2587890625 0.65234375 0.279296875 0.5963541662499999 0.302734375 0.5247395837500001 0.291015625 0.50390625 0.259765625 0.48958333375 0.232421875 0.46484375 0.201171875 0.44010416625 0.197265625 0.38802083375 0.2080078125 0.328125 0.2099609375 0.27213541625000004 0.2119140625 0.21614583375 0.2080078125 0.16796875 0.205078125 0.11458333375 0.2041015625 0.11197916625 0.20703125 0.12369791625 0.2109375 0.16536458375 0.2197265625
15 1 0.33888796499999996 0.94010416625 0.294921875 0.89322916625 0.2578125 0.84765625 0.228515625 0.81510416625 0.2275390625 0.76041666625 0.234375 0.70833333375 0.2607421875 0.6145833337500001 0.2919921875 0.6002604162499999 0.302734375 0.5286458337500001 0.2890625 0.49088541625 0.23828125 0.45703125 0.1923828125 0.41666666625 0.2001953125 0.36588541625 0.205078125 0.328125 0.208984375 0.26041666625000004 0.20703125 0.17578125 0.2041015625 0.11328125 0.201171875 0.18098958375 0.2255859375 0.20833333375 0.224609375 0.19401041625 0.23828125 0.22916666625 0.26171875 0.34505208375 0.283203125 0.3828125 0.2978515625 0.38496632249999996 0.2983707875 0.36848958375 0.2978515625 0.31901041625000004 0.310546875 0.27604166625000004 0.322265625 0.25651041625000004 0.318359375 0.23958333375 0.2919921875 0.23828125 0.3251953125 0.20442708375 0.310546875 0.16015625 0.3017578125 0.13151041624999998 0.294921875 0.09635416625 0.2880859375 0.0703125 0.2880859375 0.00911458375 0.28515625 0.00130208375 0.28515625 0.00130208375 0.3076171875 0.03645833375 0.3203125 0.07552083375 0.3310546875 0.17708333375 0.3681640625 0.2578125 0.3818359375 0.34244791625 0.3798828125 0.42447916625 0.375 0.5026041662499999 0.3642578125 0.5859375 0.3427734375 0.64322916625 0.3251953125 0.67057291625 0.314453125 0.68229166625 0.3095703125 0.7109375 0.3271484375 0.76822916625 0.328125 0.79166666625 0.3193359375 0.81901041625 0.3046875 0.77213541625 0.34375 0.74088541625 0.3701171875 0.8046875 0.3837890625 0.99739583375 0.4287109375 1 0.36946614625 1 0.33888796499999996
15 0.5034722225 0.4833984375 0.6488715275 0.44270833375 0.772569445 0.41341145875 0.83984375 0.40201822875 0.83984375 0.390625 0.733506945 0.36946614625 0.6184895837500001 0.36458333375 0.6792534725 0.37760416625 0.538194445 0.39225260375 0.49045138875 0.40690104125 0.457899305 0.41178385375 0.42317708375 0.439453125 0.38411458375 0.4296875 0.29947916625000004 0.39388020875 0.2582465275 0.37434895875 0.1714409725 0.36783854125 0.00217013875 0.36458333375 0 0.3662109375 0.00496248625 0.40591082125 0.052083333749999995 0.41666666625 0.17578125 0.44596354125 0.33420138875 0.4833984375 0.42751736125 0.4833984375 0.5034722225 0.4833984375
15 0.1605902775 0.673828125 0.264756945 0.68359375 0.323350695 0.6689453125 0.1801215275 0.5891927087500001 0.12265026375 0.51376167375 0.1215277775 0.5143229162499999 0.1215277775 0.5126953125 0.1218377975 0.5126953125 0.120387535 0.51079184375 0.08463541625 0.5078125 0.049913195 0.537109375 0.0542534725 0.5891927087500001 0.1019965275 0.6380208337500001 0.1605902775 0.673828125
15 0.5902777775 0.67545572875 0.6228298612500001 0.68522135375 0.5533854162499999 0.5452473962500001 0.44704861125 0.48828125 0.3754340275 0.48828125 0.37326388875 0.48990885375 0.381944445 0.49153645875 0.4296875 0.5485026037499999 0.48177083375 0.5859375 0.5425347225 0.6787109375 0.5902777775 0.67545572875
15 0.39279513875 0.5843098962500001 0.438368055 0.5615234375 0.4144965275 0.5354817712500001 0.381944445 0.49967447875 0.33854166625 0.5078125 0.29513888875 0.47526041625 0.21484375 0.4638671875 0.25173611125 0.5403645837500001 0.25607638875 0.5712890625 0.2191840275 0.6022135412499999 0.2191840275 0.6070963537499999 0.2777777775 0.6070963537499999 0.32552083375 0.5924479162499999 0.39279513875 0.5843098962500001
15 0.73567708375 0.5485026037499999 0.703125 0.5387369787499999 0.64670138875 0.5061848962500001 0.577256945 0.5159505212500001 0.48080931125 0.50309083625 0.5512152775 0.5403645837500001 0.5620659725 0.5598958337500001 0.5989583337500001 0.5631510412499999 0.66189236125 0.5729166662499999 0.72916666625 0.5680338537499999 0.73567708375 0.5485026037499999
15 0.5685763887499999 0.5729166662499999 0.5815972225 0.615234375 0.6032986112500001 0.6119791662499999 0.6032986112500001 0.5631510412499999 0.56692586125 0.5679650825 0.5685763887499999 0.5729166662499999
15 0.80295138875 0.48502604125 0.84201388875 0.45735677125 0.87673611125 0.45084635375 0.887586805 0.39713541625 0.9136284725 0.37434895875 0.92013888875 0.33040364625 0.8637152775 0.35970052125 0.84201388875 0.40201822875 0.80078125 0.42317708375 0.80295138875 0.46223958375 0.7421875 0.46712239625 0.6879340275 0.45572916625 0.6792534725 0.48014322875 0.68142361125 0.4833984375 0.7660590275 0.49479166625 0.80295138875 0.48502604125
15 0.80078125 0.5745442712500001 0.8441840275 0.5631510412499999 0.88541666625 0.546875 0.926649305 0.5289713537499999 0.97005208375 0.5013020837500001 0.95486111125 0.48177083375 0.93098958375 0.48990885375 0.870225695 0.5013020837500001 0.79427083375 0.5224609375 0.7421875 0.5436197912499999 0.7378472225 0.5745442712500001 0.770399305 0.5826822912499999 0.80078125 0.5745442712500001
15 0.848524305 0.5794270837500001 0.83984375 0.5729166662499999 0.78776041625 0.5891927087500001 0.74001736125 0.6168619787499999 0.76171875 0.64615885375 0.76171875 0.65104166625 0.76388888875 0.64290364625 0.8051215275 0.6184895837500001 0.8637152775 0.6168619787499999 0.87890625 0.5875651037499999 0.848524305 0.5794270837500001
15 0.45138888875 0.37434895875 0.39279513875 0.37434895875 0.379774305 0.3759765625 0.3862847225 0.37923177125 0.381944445 0.4296875 0.4253472225 0.439453125 0.45138888875 0.42154947875 0.45138888875 0.37434895875
15 0 0.5148654512499999 0.00217013875 0.5159505212500001 0.0542534725 0.4833984375 0.1019965275 0.458984375 0.12369791625 0.43782552125 0.08463541625 0.42154947875 0.0434027775 0.4150390625 0 0.40418836874999997 0 0.5143229162499999 0 0.5148654512499999
5 0.37326388875 0.68684895875 0.40364583375 0.68684895875 0.46875 0.68196614625 0.46657986125 0.6640625 0.47526041625 0.634765625 0.4448784725 0.6005859375 0.3754340275 0.5875651037499999 0.32552083375 0.595703125 0.2973090275 0.6070963537499999 0.2734375 0.6380208337500001 0.26692708374999996 0.6396484375 0.3363715275 0.66569010375 0.37326388875 0.68684895875
