16 0.66196086375 0.38585390750000004 0.646207335 0.3165684525 0.63733313 0.305641055 0.58718974 0.30992321749999996 0.016466035 0.37820238875 0.01116501625 0.39001573749999996 0.07398284625 0.6522431812499999 0.0972125625 0.7754862174999999 0.115228025 0.7844644425 0.29957671125 0.74515613875 0.420132885 0.734406415 0.59547383875 0.69060899875 0.68006184875 0.6832554875 0.70609560375 0.6712945487499999 0.7086165875 0.6472543550000001 0.68220625875 0.5310993275 0.66196086375 0.38585390750000004
16 0.6559066962500001 0.14143532125 0.61312197125 0.10782613625 0.58887881125 0.10658564374999999 0.5795412675 0.09362043999999999 0.57146021375 0.09320694125 0.50084314 0.13390373249999998 0.45645610750000004 0.17755396125 0.39650383499999997 0.21597671875 0.39834919 0.273271555 0.4730575525 0.32784958375 0.6443539787500001 0.30841722125 0.65315742125 0.34713556500000003 0.667795985 0.34828742125 0.66992439375 0.29441847625 0.6581446275 0.22855891125 0.6559066962500001 0.14143532125
16 0.70120316125 0.61464943625 0.7078861962499999 0.6580931175000001 0.70424224625 0.66314331875 0.56208942125 0.6913176775 0.54996384125 0.7152692362499999 0.5175061025000001 0.7200535299999999 0.516375135 0.75020714625 0.61652038625 0.7972247124999999 0.8069472424999999 0.854904175 0.8092719375 0.815949605 0.7942568 0.68668178125 0.79472814 0.6395759824999999 0.753663245 0.62055631125 0.70120316125 0.61464943625
16 0.6440014075 0.032870434999999996 0.62896226625 0.0510334325 0.5886197612499999 0.07031860625 0.57874811375 0.08310653999999999 0.589939015 0.10422297500000001 0.6120617675 0.110188805 0.649812525 0.14273477 0.67078830875 0.27714142875000003 0.7594208462500001 0.24542286375 0.73911269 0.07882478124999999 0.72454489 0.04988197875 0.677652875 0.01928518625 0.6440014075 0.032870434999999996
16 0.6704504962500001 0.31780894375 0.66792951 0.34184913625 0.65514430375 0.34884851 0.65395057375 0.35764946375 0.68849671875 0.54471425625 0.74658763375 0.5472838775000001 0.8044822625000001 0.53493912 0.80680695875 0.49598455125 0.7991344825 0.42711259375 0.80231509375 0.420024585 0.81238302875 0.4221510275 0.7978232300000001 0.34406461875 0.7359628375 0.30383987749999997 0.6704504962500001 0.31780894375
16 0.885748135 0.5902555075 0.7277710175 0.57693535875 0.70902516375 0.57879589625 0.7057110274999999 0.59232218875 0.7112710962500001 0.61677587875 0.760220755 0.6212946712499999 0.7953250037499999 0.635175505 0.8017409875 0.6914957549999999 0.7989529525000001 0.7284125175 0.808219735 0.7691686675 0.855975665 0.78248841375 0.88843340375 0.7777041187499999 0.8994280175 0.7839061775 0.90976300375 0.7731560512500001 0.9092369025000001 0.7497655824999999 0.885748135 0.5902555075
16 0.6301455075 0.9203791124999999 0.6594853974999999 0.94403548875 0.71002136125 0.96958207875 0.90960547625 0.927025155 0.8953127275 0.8360621775 0.890412285 0.82856067125 0.81092900625 0.80918645875 0.8084707837499999 0.8545793125 0.8028399525000001 0.8579165675 0.77840050375 0.84176169875 0.74561295125 0.83806990125 0.63314583125 0.8000895149999999 0.617447065 0.8013003275 0.6301455075 0.9203791124999999
16 0.7422840574999999 0.53538189375 0.74307720875 0.54589579375 0.8309085924999999 0.55280693375 0.90695221 0.5430021175 0.90794965125 0.5192867875 0.8737960837500001 0.3620507475 0.86445853875 0.34908554375 0.79921324625 0.35017804124999996 0.8079299249999999 0.5149745425 0.8009718375 0.53355103625 0.7422840574999999 0.53538189375
16 0.7534602012499999 0.24028402624999998 0.72729292125 0.25868325 0.66774122375 0.27779115375 0.6707803087499999 0.32628503625 0.76331584625 0.3257833075 0.800139925 0.35425365625 0.80490684125 0.3681934475 0.86233813125 0.3538108825 0.85698235125 0.29512796125 0.821902105 0.13381630749999998 0.8063368624999999 0.12858883625 0.74890557375 0.1429714 0.7534602012499999 0.24028402624999998
16 0.6207830412500001 0 0.61784212875 0.0021260525 0.59902551125 0.031777535 0.54377739125 0.06278742125 0.53741616875 0.0769634375 0.541916035 0.10377979749999999 0.62028434875 0.055020412500000004 0.63829981125 0.0639986375 0.6524042725 0.09090363124999999 0.66247220875 0.09303007375 0.67261090625 0.0673655725 0.67029421125 0.057176535 0.65870273375 0.05537495375 0.6540693425 0.034996878749999995 0.6654645325 0.021884082500000002 0.6822235037500001 0.0183106 0.7390499275000001 0.05747212 0.75175637 0.12740729875 0.78375077125 0.1205851975 0.8128943737500001 0.129327195 0.8129651375 0.10153625 0.79457183 0 0.6207830412500001 0
16 0.7902199262499999 0 0.81283161125 0.10797453375 0.8612551687500001 0.0891028575 0.86516617 0.0711760875 0.8551062349999999 0.0199060375 0.84961540625 0 0.7902199262499999 0
16 0.8779433775 0.11332032125 0.85045684375 0.09781517625 0.81375828875 0.11205014875 0.84916834875 0.28183789625 0.8583723675 0.30124138375000004 0.9197774212500001 0.29028471125 0.88575738 0.1266103875 0.8779433775 0.11332032125
16 0.9222276425 0.29403546375 0.8592990462500001 0.305317 0.8974263775 0.46597893 0.90537390625 0.47283071249999997 0.95823456625 0.45942273375 0.9620120412500001 0.44793424875 0.9527452612499999 0.40717809875 0.9222276425 0.29403546375
16 0.9105961600000001 0.5379519175 0.9008580387499999 0.54430156625 0.6881669037499999 0.53623816375 0.6913395149999999 0.5782937637500001 0.881177505 0.59123009375 0.8979912387500001 0.6581528799999999 0.94495401625 0.66095872625 0.98456613 0.6525123137500001 0.98463689375 0.62472136875 0.95697007375 0.49601463375 0.9491560712499999 0.48272456750000003 0.90437646375 0.4965460425 0.9105961600000001 0.5379519175
16 1 0.7042835225 0.95501395125 0.7122287762499999 0.9624193750000001 0.7939773025 0.9815498037499999 0.871089125 1 0.86972854 1 0.7042835225
16 0.9565374950000001 0.7119039137500001 0.90513761375 0.7036343687500001 0.910760445 0.7494407200000001 0.9055221887499999 0.7826067287499999 0.8894936075 0.77534144875 0.85551232625 0.7804506062500001 0.8056359875 0.7718562 0.80834525875 0.81187399 0.89590959125 0.8316617 0.90649562875 0.9063222175 0.93563923125 0.91506421625 0.95769922 0.8996773874999999 0.9769084125 0.8998546575 0.98002626125 0.8714139875 0.9633460537499999 0.7980529175 0.9565374950000001 0.7119039137500001
