6 0.47856863250000004 0.6123666074999999 0.44725182375000005 0.62248216625 0.40987193 0.6420126912499999 0.39212817875 0.6565361 0.3863562325 0.66741511125 0.3902865825 0.6871797175000001 0.49898143125 0.78684477125 0.53802216875 0.7996088425000001 0.60158879 0.80801220875 0.640406775 0.8276370262499999 0.66281751625 0.820620775 0.66822114375 0.8158704874999999 0.6621844462500001 0.7775327774999999 0.67774467 0.7520290337500001 0.6753471875 0.73199188375 0.66411202125 0.72337883375 0.6517211025 0.69299204625 0.6224002550000001 0.6572784525 0.57447104 0.61577857375 0.5230217925 0.6044628325 0.47856863250000004 0.6123666074999999
6 0.5070972112500001 0.3647647775 0.51147306375 0.3708078925 0.52460941625 0.37301967500000005 0.57789146375 0.36960935749999996 0.60226298125 0.38043419 0.68575688 0.385294485 0.739921135 0.370358745 0.7558408799999999 0.35464383499999996 0.75431680875 0.33899882 0.73512616875 0.330284445 0.69549436125 0.33050984375 0.6502449712499999 0.32642871749999997 0.5906087025 0.33778995500000003 0.528420585 0.34429958125 0.51411088875 0.35214917749999997 0.5070972112500001 0.3647647775
6 0.500202715 0.4258650775 0.52734883 0.4346807775 0.5498279575 0.43598931874999997 0.634649565 0.4156026975 0.68370132875 0.40688128749999997 0.6935579900000001 0.40058134625 0.691228895 0.38886898625 0.67721913125 0.38226507125 0.5959859425 0.3807923425 0.47321096375000005 0.4018638425 0.4570772625 0.4085219375 0.45451661875 0.41958788375 0.468380815 0.42545977874999996 0.500202715 0.4258650775
6 0.27925582125 0.45605460125 0.28056593875 0.46264280375 0.29107326125 0.46759574 0.3298316575 0.4629782075 0.36099410249999997 0.468048185 0.44639798375 0.45058965375 0.51347584 0.44472644125000005 0.5404851825 0.43689255875 0.49976600875000005 0.42366901125 0.46502394125 0.42454082125 0.45057747249999996 0.4157408375 0.41788216 0.4109434025 0.38306291125 0.4194079825 0.36196228750000004 0.43301243375 0.34122998375 0.4404881625 0.2900630775 0.446554025 0.27925582125 0.45605460125
6 0.3474054325 0.3598101925 0.331203345 0.35814349874999996 0.30945206124999997 0.36049507 0.293900635 0.370081255 0.2942601575 0.37987009 0.3142558225 0.38465180875 0.35206362625 0.38323491 0.3888436525 0.39261141250000003 0.39796367625 0.3985689175 0.42949444 0.39751017125 0.43788662125 0.3998075625 0.48248535124999997 0.39263580875000004 0.5413937775000001 0.37761445875 0.5170222600000001 0.36678962624999994 0.51220970125 0.35855044625 0.51827278625 0.34913547875 0.5388595225 0.34092772875 0.5335418712500001 0.32216769 0.4549289175 0.33387136624999997 0.3474054325 0.3598101925
6 0.2532019075 0.7161008112499999 0.28319980375 0.71531461 0.3057561125 0.70903038125 0.30131187375 0.6946624775 0.32278081625 0.6749293025 0.33096783875 0.6522523237500001 0.34761542749999996 0.6401975262499999 0.36485408625 0.61515326125 0.36297049125 0.58971941 0.35596561 0.5864174525 0.33224475249999996 0.5868455 0.28851943375 0.5984093887499999 0.2540685025 0.600745245 0.25136229125 0.6110791675 0.26323052625 0.662780215 0.2532019075 0.7161008112499999
6 0.26101181375 0.715470115 0.25881949 0.72040733625 0.274721645 0.736527545 0.29032386625 0.76710126625 0.3011223275 0.7735182487500001 0.37104316750000005 0.77397069375 0.45000684999999996 0.78797341 0.48197431875 0.78911073375 0.49102595625 0.78674344625 0.49190816374999996 0.7752180224999999 0.4196846125 0.7153005425000001 0.34817131375000004 0.6908782925 0.324964345 0.68590963875 0.31241026625 0.68662594625 0.30758891375 0.69430432375 0.31064585375 0.709676795 0.26101181375 0.715470115
6 0.26395836875 0.6664403262499999 0.25820401375 0.64548422125 0.24266138250000002 0.6391528475 0.23346417625000002 0.64078811125 0.20732824375 0.65301412875 0.20111959124999998 0.6616970725 0.20754219875000002 0.66207094125 0.21571163 0.6712290787499999 0.23096312375 0.67609640625 0.25861433125 0.695432965 0.26395836875 0.6664403262499999
6 0.40860975250000003 0.284506175 0.3933494625 0.29555640499999997 0.39304953 0.31000992 0.44785565 0.32224461875000004 0.5015744025 0.32103036875 0.5313407525 0.34302247125 0.59089983875 0.33925400000000006 0.64900324 0.32816530499999996 0.6868110425 0.32674840625 0.7050686825 0.3068282975 0.7064647775 0.2899061725 0.68888418625 0.273326485 0.67545669625 0.26965065875 0.5559106137500001 0.25907397249999997 0.517297785 0.26442352875 0.46357023625 0.2815553375 0.43634693875 0.280332405 0.40860975250000003 0.284506175
6 0.49057958 0.273721455 0.46430687499999995 0.26929789 0.41336271875 0.26850300625 0.3219729375 0.28778373625 0.27869311875 0.28562613375 0.25657351625 0.2941064275 0.25415844125 0.30590439625 0.2648113325 0.31158935625 0.31312645875 0.315125395 0.33720683875 0.32448618125 0.34048652875 0.33299790625 0.355224135 0.34326193625 0.377043805 0.349235155 0.45792626625 0.3250014875 0.45209472875 0.31163815 0.4300523075 0.3125256775 0.4005683 0.30791517875 0.396706335 0.29647536124999996 0.40306055625 0.28852444125000004 0.4334267725 0.28160951624999997 0.46539424124999995 0.2827468375 0.49057958 0.273721455
6 0.67736073875 0.65432761375 0.64986389625 0.61980552 0.61805079 0.6034826625 0.58865276 0.57536183625 0.54705138 0.57366371125 0.5433173925 0.5947910375 0.57526726875 0.627763475 0.6078082175 0.6477464449999999 0.6431061725 0.6975553999999999 0.64797832 0.73003693 0.6568072075000001 0.7345303900000001 0.67257258875 0.7340010175 0.6732232487500001 0.7452538975 0.6811015425 0.75294798875 0.69730363 0.754614685 0.71416517375 0.75161670125 0.72789259625 0.7408390137499999 0.72381667625 0.72034238625 0.7068955425 0.69909802125 0.7018006425 0.67347723625 0.67736073875 0.65432761375
