2 0.14960106375 0.274937965 0.15226063874999998 0.28585608 0.1668882975 0.3052109175 0.19414893625000001 0.32258064500000005 0.20877659625 0.32506203499999997 0.2101063825 0.32208436749999997 0.22074468125 0.3191067 0.23138297875 0.3101736975 0.2393617025 0.30967741875 0.2513297875 0.29925558375 0.26595744625 0.29131513625 0.26529255375 0.27642679875 0.26130319125 0.26699751875 0.2440159575 0.25508684875 0.2273936175 0.2481389575 0.2054521275 0.2506203475 0.1961436175 0.253598015 0.1768617025 0.25012407 0.17220744624999998 0.24565756875000003 0.16356383000000002 0.2446650125 0.15691489375 0.2506203475 0.1502659575 0.26352357375 0.14960106375 0.274937965
2 0.22539893625000001 0.31464019875000004 0.206781915 0.32208436749999997 0.20212766 0.32605459000000003 0.20611702125 0.33101737 0.22273936125 0.33647642625 0.23736702125 0.32754342375 0.25 0.32506203499999997 0.261968085 0.32655086875 0.2726063825 0.32456575625 0.27327127625 0.31761786625 0.27925531875 0.31811414374999997 0.28191489375 0.31612903249999996 0.28191489375 0.3052109175 0.276595745 0.29032258125 0.26529255375 0.2779156325 0.26462766 0.29131513625 0.25199468125 0.29627791625 0.22539893625000001 0.31464019875000004
2 0.2726063825 0.31811414374999997 0.27194148875 0.32456575625 0.24933510625 0.32456575625 0.2367021275 0.32754342375 0.22672872375 0.33250620374999995 0.223404255 0.33647642625 0.214095745 0.3349875925 0.20279255375000002 0.32506203499999997 0.19481383000000002 0.32208436749999997 0.19747340375 0.33399503750000004 0.2081117025 0.35434243125000003 0.2293882975 0.36823821375 0.25797872375 0.37369726999999997 0.276595745 0.372704715 0.29986702125000003 0.3637717125 0.3111702125 0.35086848625 0.31183510625 0.33399503750000004 0.30585106375 0.32109181124999997 0.28922872375 0.30868486375 0.28191489375 0.30967741875 0.28058510625 0.3171215875 0.2726063825 0.31811414374999997
2 0.261968085 0.2590570725 0.26130319125 0.267990075 0.2799202125 0.29677419374999997 0.2918882975 0.30669975125 0.30585106375 0.30967741875 0.32247340375 0.30918114125 0.34441489375 0.29975186125000003 0.3497340425 0.2947890825 0.35837766000000004 0.28238213375 0.35837766000000004 0.26650124125 0.3497340425 0.2506203475 0.33710106375000004 0.241687345 0.3184840425 0.2352357325 0.2992021275 0.23473945375 0.28191489375 0.23970223375 0.269281915 0.2481389575 0.261968085 0.2590570725
2 0.09441489374999999 0.5136476425000001 0.09308510625000001 0.520099255 0.1023936175 0.522580645 0.10039893625 0.52754342375 0.10505319125 0.53101737 0.1043882975 0.53796526 0.0997340425 0.54044665 0.09109042499999999 0.55235732 0.09375 0.56277915625 0.09175531875000001 0.572704715 0.0950797875 0.57617866 0.11303191500000001 0.5791563275 0.136968085 0.5791563275 0.15625 0.5756823825 0.17021276624999998 0.5697270475 0.16888297875 0.55434243125 0.1476063825 0.53300248125 0.15425531875 0.5052109174999999 0.15425531875 0.50322580625 0.14893617 0.50272952875 0.14228723375 0.508188585 0.11702127624999999 0.5076923074999999 0.09441489374999999 0.5136476425000001
2 0.20013297875 0.5409429275000001 0.2007978725 0.57220843625 0.19082446749999998 0.579652605 0.18949468125 0.58312655125 0.18218085125000003 0.5851116625 0.175531915 0.584615385 0.168218085 0.58114143875 0.14228723375 0.58312655125 0.16622340375 0.5885856075 0.1961436175 0.58660049625 0.21143616999999998 0.582133995 0.21210106374999999 0.5766749375 0.22672872375 0.5741935487500001 0.23537234 0.567741935 0.24202127625 0.5563275437499999 0.24002659625 0.5374689825 0.21808510625 0.5220843675 0.20013297875 0.52059553375 0.19880319125 0.5230769225 0.20611702125 0.5290322574999999 0.20013297875 0.5409429275000001
2 0.158909575 0.5434243175 0.168218085 0.55483871 0.1695478725 0.5697270475 0.153590425 0.57766749375 0.13962766000000001 0.579652605 0.15757978749999998 0.5816377175 0.190159575 0.579652605 0.20146276624999998 0.57171215875 0.20146276624999998 0.54540942875 0.206781915 0.5295285362500001 0.199468085 0.520099255 0.1875 0.5116625312499999 0.16755319125 0.5042183625 0.15093085125 0.501240695 0.1529255325 0.5151364762499999 0.14694148875 0.5339950375 0.158909575 0.5434243175
2 0.4361702125 0.18908188625 0.43550531875 0.20645161250000002 0.44547872374999997 0.22481389624999998 0.4627659575 0.2387096775 0.48404255375 0.24665012375 0.50797872375 0.2481389575 0.5252659574999999 0.24317617875 0.5345744675 0.23722084375000002 0.54388297875 0.22382134 0.54521276625 0.20446650125000002 0.543218085 0.19851116624999998 0.53324468125 0.18610421875 0.51263297875 0.17419354875 0.5206117025 0.16923076874999998 0.51994680875 0.1672456575 0.50531914875 0.15980148875 0.48736702125000003 0.15682382125 0.4601063825 0.16277915624999997 0.44747340375 0.1707196025 0.4361702125 0.18908188625
2 0.55718085125 0.20496277875000002 0.55585106375 0.21935483875 0.56316489375 0.23722084375000002 0.5757978725 0.24913151375 0.58577127625 0.25607940500000004 0.605718085 0.2590570725 0.613031915 0.24714640249999997 0.622340425 0.24218362249999997 0.62433510625 0.22481389624999998 0.629654255 0.21042183625 0.6515957450000001 0.19801488875 0.620345745 0.18213399500000002 0.60837766 0.179652605 0.5924202125 0.179652605 0.5757978725 0.184615385 0.5658244675 0.191563275 0.55718085125 0.20496277875000002
2 0.48603723375 0.2709677425 0.48736702125000003 0.2769230775 0.48404255375 0.28188585625 0.49069148875 0.28486352375 0.49268617 0.29379652624999997 0.504654255 0.298759305 0.5179521275 0.29727047125 0.53922872375 0.30471464000000004 0.567154255 0.29379652624999997 0.57247340375 0.30024813875 0.57712766 0.3017369725 0.581781915 0.2982630275 0.58710106375 0.28535980125 0.589095745 0.26650124125 0.58710106375 0.26054590625 0.57978723375 0.25161290375 0.567154255 0.24218362249999997 0.5565159574999999 0.2387096775 0.543218085 0.2382134 0.528590425 0.241687345 0.5132978725 0.24863523625 0.48603723375 0.2709677425
2 0.1502659575 0.61687344875 0.1456117025 0.62481389625 0.1502659575 0.6421836224999999 0.15625 0.64317617875 0.1595744675 0.64913151375 0.16555851125 0.6516129037499999 0.16622340375 0.65955335 0.1742021275 0.6660049625000001 0.1742021275 0.67344913125 0.18683510625 0.67642679875 0.19148936125 0.6848635237499999 0.199468085 0.6898263025 0.21808510625 0.6838709675 0.24667553250000002 0.6660049625000001 0.25930851125 0.6506203475 0.26662234 0.6327543425000001 0.26595744625 0.620347395 0.25531914875 0.6089330025 0.2413563825 0.60198511125 0.21742021250000002 0.59900744375 0.19148936125 0.60198511125 0.17021276624999998 0.60794044625 0.1502659575 0.61687344875
2 0.40226063875 0.25210918125 0.39960106375000004 0.25707196 0.410904255 0.2600496275 0.410904255 0.2650124075 0.42021276625 0.28337469 0.43218085125 0.289330025 0.43816489375 0.29727047125 0.4434840425 0.298759305 0.44547872374999997 0.30322580625 0.46210106375000004 0.30967741875 0.47938829749999995 0.29181141499999996 0.480718085 0.2779156325 0.488031915 0.26898263 0.48736702125000003 0.2660049625 0.48404255375 0.2565756825 0.47273936125 0.24367245625 0.45811170250000005 0.23573201000000002 0.43816489375 0.23424317625000002 0.4288563825 0.2362282875 0.41356383 0.24317617875 0.40226063875 0.25210918125
2 0.35704787250000003 0.2838709675 0.35172872374999997 0.29379652624999997 0.35771276625 0.3017369725 0.38829787250000003 0.3171215875 0.3976063825 0.320099255 0.4075797875 0.3196029775 0.410904255 0.32506203499999997 0.40890957499999997 0.32952853625 0.41755319125 0.33300248125000004 0.43351063875 0.32853598 0.44082446750000004 0.32406947875000003 0.45545212749999997 0.30868486375 0.44414893624999996 0.30223325 0.4434840425 0.29975186125000003 0.42021276625 0.28238213375 0.410904255 0.26054590625 0.4049202125 0.2590570725 0.38563829749999995 0.26401985125 0.37234042500000003 0.27047146375000003 0.35704787250000003 0.2838709675
2 0.3158244675 0.32158808875 0.32845744625 0.32506203499999997 0.34906914875 0.35086848625 0.35970744625 0.35732009875000004 0.4049202125 0.35334987625 0.41755319125 0.33598014875 0.41755319125 0.33300248125000004 0.40957446750000004 0.32952853625 0.4075797875 0.32059553375 0.39494680875 0.31861042125 0.36436170250000005 0.3052109175 0.35505319125 0.298759305 0.3497340425 0.2982630275 0.3351063825 0.30372208375 0.3184840425 0.31563275375 0.3158244675 0.32158808875
2 0.44680851125 0.3171215875 0.44547872374999997 0.32158808875 0.42486702125000003 0.332009925 0.42619680875 0.33548387124999995 0.4461436175 0.34193548375 0.46476063875 0.34491315125 0.48537233999999996 0.34491315125 0.5033244675 0.33945409374999996 0.49933510625 0.3315136475 0.49933510625 0.32456575625 0.50731383 0.3052109175 0.504654255 0.29925558375 0.49268617 0.29379652624999997 0.49069148875 0.28535980125 0.488031915 0.28486352375 0.46077127625000003 0.31116625249999996 0.45013297874999997 0.31513647625 0.44680851125 0.3171215875
2 0.51662234 0.301240695 0.5059840425000001 0.30967741875 0.50066489375 0.3196029775 0.4986702125 0.33101737 0.50664893625 0.35334987625 0.5206117025 0.3647642675 0.5345744675 0.36923076875 0.53922872375 0.36873449125 0.55518617 0.35682382124999995 0.589095745 0.33895781625 0.5904255325 0.32258064500000005 0.58577127625 0.310669975 0.57380319125 0.30074441625 0.559840425 0.29627791625 0.54055851125 0.30372208375 0.52593085125 0.29975186125000003 0.51662234 0.301240695
2 0.8390957450000001 0.37369726999999997 0.8371010637499999 0.38858560750000004 0.84375 0.40397022374999997 0.85771276625 0.41588089375000004 0.8783244675 0.4233250625 0.89893617 0.4243176175 0.92154255375 0.41885856125 0.9394946812499999 0.40744416875 0.949468085 0.39255583125 0.9507978724999999 0.38014888375 0.9421542549999999 0.36575682375 0.92287234 0.3518610425 0.90691489375 0.34689826250000005 0.88430851125 0.34689826250000005 0.8663563825 0.35037220875 0.846409575 0.36327543375 0.8390957450000001 0.37369726999999997
2 0.82912234 0.5017369724999999 0.8231382975 0.5022332500000001 0.8211436175 0.510669975 0.82712766 0.52059553375 0.83444148875 0.52704714625 0.83843085125 0.52704714625 0.85837766 0.51761786625 0.88231383 0.5156327537500001 0.90093085125 0.52059553375 0.92087766 0.53598014875 0.9288563825 0.534491315 0.94148936125 0.52456575625 0.9461436175 0.51464019875 0.9441489362500001 0.49975186125 0.93683510625 0.48833746875 0.9268617025 0.47940446625 0.9095744675 0.47047146375 0.89162234 0.46699751874999995 0.87101063875 0.46699751874999995 0.8450797875 0.47245657625 0.824468085 0.4863523575 0.82912234 0.5017369724999999
2 0.64029255375 0.31513647625 0.64095744625 0.3374689825 0.65093085125 0.35235732 0.6628989362500001 0.36129032250000004 0.6788563825 0.36674937999999996 0.70744680875 0.37071960249999997 0.7101063825 0.36625310125 0.7287234037499999 0.36029776625 0.7486702125 0.34689826250000005 0.75398936125 0.33846153875 0.75531914875 0.31811414374999997 0.7480053187500001 0.30719603 0.73404255375 0.2957816375 0.69547872375 0.28436724625 0.6788563825 0.2838709675 0.66422872375 0.28585608 0.6502659574999999 0.29429280375 0.64029255375 0.31513647625
2 0.7413563825 0.37171215875 0.7433510637499999 0.39205955375 0.75398936125 0.40496277875 0.76662234 0.41091811375 0.80119680875 0.40843672499999994 0.8184840425000001 0.40198511125 0.8351063825 0.38858560750000004 0.8450797875 0.36277915625 0.8450797875 0.35980148874999995 0.8424202125 0.35980148874999995 0.82912234 0.36674937999999996 0.82380319125 0.3672456575 0.8105053187500001 0.36228287875 0.79587766 0.35037220875 0.7898936175 0.33995037250000004 0.7878989362500001 0.32853598 0.7832446812499999 0.3280397025 0.7779255325 0.32952853625 0.7533244675 0.34987592999999995 0.7413563825 0.37171215875
2 0.7918882975 0.31464019875000004 0.7878989362500001 0.32555831249999995 0.78856383 0.3374689825 0.79654255375 0.3518610425 0.8065159574999999 0.360794045 0.8224734037499999 0.3672456575 0.82912234 0.3672456575 0.8424202125 0.36029776625 0.8537234037499999 0.358312655 0.8643617025 0.35136476375000003 0.8736702125 0.34838709625 0.8769946812499999 0.34540942874999997 0.8783244675 0.33349875875 0.88297872375 0.33002481375000003 0.8816489362500001 0.3171215875 0.8856382975 0.313151365 0.88630319125 0.30669975125 0.87898936125 0.29925558375 0.8650265962500001 0.29131513625 0.83643617 0.289330025 0.8144946812499999 0.29528536 0.80119680875 0.30372208375 0.7918882975 0.31464019875000004
2 0.70611702125 0.2779156325 0.70345744625 0.28684863499999996 0.7200797875 0.2923076925 0.73736702125 0.29528536 0.74069148875 0.30223325 0.747340425 0.30719603 0.7533244675 0.31761786625 0.7533244675 0.33399503750000004 0.7480053187500001 0.34491315125 0.74933510625 0.34689826250000005 0.76130319125 0.34143920625 0.783909575 0.32506203499999997 0.79720744625 0.30669975125 0.7992021275000001 0.29181141499999996 0.7878989362500001 0.27394541 0.7765957450000001 0.2650124075 0.7599734037499999 0.25955335 0.738031915 0.2590570725 0.7287234037499999 0.26153846125 0.716090425 0.26898263 0.70611702125 0.2779156325
2 0.17154255375000002 0.4243176175 0.18018616999999998 0.441687345 0.168218085 0.4382134 0.16622340375 0.44317617875000004 0.17154255375000002 0.44913151375 0.18351063875 0.453598015 0.19680851125 0.456079405 0.21077127625 0.456079405 0.21941489375 0.4531017375 0.23470744624999998 0.4411910675 0.23869680875 0.43473945375 0.24933510625 0.42779156375 0.25398936125 0.4208436725 0.25398936125 0.40794044625 0.24933510625 0.39602977625 0.2393617025 0.3875930525 0.2367021275 0.3875930525 0.23470744624999998 0.39057072 0.22805851125 0.39057072 0.21875 0.38808933 0.19680851125 0.38660049625 0.18417553250000002 0.38808933 0.17287234 0.3945409425 0.17154255375000002 0.4243176175
2 0.307845745 0.7300248137500001 0.29853723375 0.7270471462499999 0.2898936175 0.7270471462499999 0.27925531875 0.7359801487500001 0.27925531875 0.73895781625 0.28390957499999997 0.7424317612500001 0.29122340375 0.74491315125 0.2898936175 0.75235732 0.307845745 0.7612903225 0.32579787250000003 0.76426799 0.348404255 0.7622828787500001 0.3663563825 0.7528535975 0.375 0.7424317612500001 0.379654255 0.7275434237499999 0.37832446750000004 0.7171215875 0.35771276625 0.7136476424999999 0.339095745 0.70322580625 0.33111702125000003 0.7151364762500001 0.3158244675 0.7290322575 0.307845745 0.7300248137500001
2 0.44148936125 0.7399503725 0.44082446750000004 0.75632754375 0.4434840425 0.7647642675 0.45013297874999997 0.7756823824999999 0.45345744625 0.78908188625 0.46476063875 0.8 0.48670212749999997 0.80694789125 0.52327127625 0.80496277875 0.543218085 0.79801488875 0.55718085125 0.7880893299999999 0.5625 0.7771712162500001 0.5611702125 0.7607940449999999 0.55319148875 0.746401985 0.52925531875 0.7161290325 0.51130319125 0.7086848637500001 0.48603723375 0.70669975125 0.46143617 0.713151365 0.45146276625 0.7200992549999999 0.44148936125 0.7399503725
2 0.37832446750000004 0.43722084375000003 0.38031914875 0.4540942925 0.38896276625 0.46749379625000004 0.4075797875 0.47890818875 0.42287233999999996 0.48337469 0.45013297874999997 0.4828784125 0.4747340425 0.47245657625 0.47805851125 0.46898263 0.48470744625 0.45806451625 0.48603723375 0.44019851125000004 0.48138297874999997 0.43176178625 0.4601063825 0.41091811375 0.43816489375 0.40198511125 0.425531915 0.40148883375 0.39893617 0.40794044625 0.38829787250000003 0.4148883375 0.37832446750000004 0.43722084375000003
2 0.45146276625 0.39503722125 0.4461436175 0.40545905750000005 0.46875 0.41538461499999996 0.502659575 0.4148883375 0.5352393612499999 0.427295285 0.5418882975 0.42133994999999996 0.5465425537499999 0.40843672499999994 0.54587766 0.3875930525 0.53922872375 0.37866005 0.5279255325 0.370223325 0.51728723375 0.36674937999999996 0.502659575 0.36625310125 0.48537233999999996 0.370223325 0.46808510625 0.3791563275 0.45146276625 0.39503722125
2 0.5472074462500001 0.40794044625 0.54388297875 0.420347395 0.543218085 0.42828784124999997 0.54587766 0.43325062000000003 0.55518617 0.43771712125 0.59906914875 0.44516129 0.63031914875 0.44317617875000004 0.64095744625 0.4387096775 0.64162234 0.43225806499999997 0.63497340375 0.427295285 0.6289893612499999 0.417866005 0.6263297875 0.40248139 0.60372340375 0.3851116625 0.59308510625 0.382133995 0.581781915 0.38163771750000003 0.5664893612499999 0.38610421875 0.55319148875 0.39801488874999996 0.5472074462500001 0.40794044625
2 0.627659575 0.40148883375 0.627659575 0.41339950375 0.63763297875 0.4302729525 0.65093085125 0.439205955 0.68218085125 0.44516129 0.69880319125 0.441687345 0.7140957450000001 0.43523573249999997 0.73138297875 0.41637717125 0.73470744625 0.40248139 0.7293882975 0.38709677374999996 0.7174202125 0.3756823825 0.69880319125 0.36873449125 0.6742021275000001 0.367741935 0.6549202125 0.3732009925 0.63896276625 0.38362282875 0.627659575 0.40148883375
2 0.598404255 0.267990075 0.59308510625 0.27543424375000003 0.5851063825 0.2957816375 0.58444148875 0.3076923075 0.591090425 0.3280397025 0.6043882975 0.34937965249999997 0.6143617025 0.34640198499999997 0.61768617 0.3434243175 0.6429521275000001 0.34143920625 0.64029255375 0.332009925 0.64095744625 0.3171215875 0.65093085125 0.2947890825 0.66555851125 0.28585608 0.67819148875 0.2838709675 0.699468085 0.28486352375 0.70611702125 0.27593052125 0.7101063825 0.26352357375 0.70944148875 0.25955335 0.70744680875 0.25955335 0.699468085 0.26451612874999997 0.6961436175 0.26699751875 0.6934840425000001 0.274937965 0.6595744675 0.2769230775 0.64494680875 0.2650124075 0.6382978725 0.26352357375 0.63763297875 0.2590570725 0.63031914875 0.25756823875 0.6236702125 0.24367245625 0.620345745 0.24317617875 0.613031915 0.24714640249999997 0.60172872375 0.26749379624999997 0.598404255 0.267990075
2 0.3211436175 0.63722084375 0.31449468125 0.65806451625 0.31515957499999997 0.67841191125 0.32646276625 0.69627791625 0.33577127625000003 0.70024813875 0.3497340425 0.7111662525 0.36436170250000005 0.7161290325 0.39162233999999996 0.71761786625 0.418218085 0.7062034737499999 0.4288563825 0.6957816375 0.43484042500000003 0.6803970225 0.43218085125 0.6635235737499999 0.42486702125000003 0.6466501237500001 0.39893617 0.6228287837500001 0.3763297875 0.6124069475 0.35904255375 0.6109181137499999 0.3497340425 0.6124069475 0.33710106375000004 0.6188585612499999 0.3211436175 0.63722084375
2 0.26396276625 0.5116625312499999 0.25997340375 0.5191067 0.26396276625 0.520099255 0.26662234 0.5250620349999999 0.27726063875 0.5255583125 0.2799202125 0.53300248125 0.28523936125 0.534491315 0.28789893625 0.5389578162499999 0.30119680875 0.5409429275000001 0.307845745 0.5468982625000001 0.31781914875 0.5508684862500001 0.348404255 0.555831265 0.35837766000000004 0.55483871 0.3690159575 0.543920595 0.37433510625 0.53052109125 0.37566489375 0.52158808875 0.370345745 0.5042183625 0.35106383 0.48535980125 0.33444148875 0.47940446625 0.3211436175 0.47841191125000004 0.30718085125 0.48089329999999997 0.29055851125 0.48784119125 0.26396276625 0.5116625312499999
2 0.42154255375 0.5111662525 0.43018617 0.50967741875 0.42952127625000003 0.51414392 0.432845745 0.5151364762499999 0.43218085125 0.51811414375 0.45212766000000004 0.5250620349999999 0.45611702125000003 0.53349875875 0.45611702125000003 0.54143920625 0.45079787250000003 0.56228287875 0.44414893624999996 0.56873449125 0.44547872374999997 0.570223325 0.46476063875 0.56625310125 0.48470744625 0.55682382125 0.5013297875 0.54143920625 0.50797872375 0.52605459 0.5059840425000001 0.51265508625 0.502659575 0.5076923074999999 0.4913563825 0.50024813875 0.47074468125 0.49330024875 0.4461436175 0.4923076925 0.42220744625 0.49727047125 0.40824468125 0.50471464 0.42154255375 0.5111662525
2 0.8191489362500001 0.5493796525 0.8171542549999999 0.56228287875 0.8191489362500001 0.57220843625 0.82380319125 0.58014888375 0.8304521275000001 0.5851116625 0.84906914875 0.59305210875 0.8617021275000001 0.5945409425 0.87433510625 0.60148883375 0.8816489362500001 0.60248139 0.8996010637499999 0.59751861 0.91755319125 0.58709677375 0.9288563825 0.57171215875 0.92952127625 0.55483871 0.92220744625 0.53647642625 0.903590425 0.52158808875 0.88763297875 0.5161290325 0.87433510625 0.5151364762499999 0.85904255375 0.5171215875 0.83444148875 0.5295285362500001 0.8191489362500001 0.5493796525
2 0.75398936125 0.4173697275 0.74468085125 0.4302729525 0.74069148875 0.441687345 0.7480053187500001 0.4625310175 0.76130319125 0.47692307749999996 0.78922872375 0.47444168750000004 0.8078457450000001 0.4779156325 0.8138297875 0.48089329999999997 0.8191489362500001 0.48089329999999997 0.8257978724999999 0.477419355 0.831781915 0.47890818875 0.8450797875 0.47245657625 0.86103723375 0.45806451625 0.8690159574999999 0.44019851125000004 0.8690159574999999 0.4302729525 0.86569148875 0.4208436725 0.84375 0.40397022374999997 0.81781914875 0.4029776675 0.80119680875 0.40794044625 0.7712765962500001 0.40942928 0.75398936125 0.4173697275
2 0.738031915 0.49578163750000004 0.7393617025 0.50074441625 0.7453457450000001 0.50570719625 0.7453457450000001 0.50918114125 0.75 0.50967741875 0.7606382975 0.51761786625 0.769281915 0.5196029775000001 0.77593085125 0.51761786625 0.78058510625 0.513151365 0.79720744625 0.508188585 0.80718085125 0.5121588087500001 0.8144946812499999 0.5121588087500001 0.8224734037499999 0.50719603 0.8231382975 0.5022332500000001 0.831781915 0.5022332500000001 0.82779255375 0.49181141500000003 0.8144946812499999 0.48089329999999997 0.79853723375 0.47543424375 0.7792553187500001 0.47394540999999996 0.76529255375 0.47642679875 0.7466755325 0.48387096749999997 0.738031915 0.49578163750000004
2 0.73138297875 0.5434243175 0.73005319125 0.558312655 0.7513297875 0.56923076875 0.7712765962500001 0.572704715 0.79654255375 0.570223325 0.8144946812499999 0.5617866 0.8224734037499999 0.5434243175 0.83111702125 0.53300248125 0.82845744625 0.5230769225 0.8211436175 0.5136476425000001 0.81781914875 0.5111662525 0.8058510637499999 0.5111662525 0.7992021275000001 0.50918114125 0.78125 0.51265508625 0.77593085125 0.5171215875 0.76662234 0.5191067 0.75066489375 0.5101736975 0.7453457450000001 0.50967741875 0.74601063875 0.50620347375 0.74069148875 0.50372208375 0.7253989362500001 0.5121588087500001 0.71941489375 0.5196029775000001 0.73138297875 0.5434243175
2 0.67087766 0.61687344875 0.67154255375 0.6327543425000001 0.6788563825 0.64863523625 0.69481383 0.6600496275000001 0.7140957450000001 0.66451612875 0.73603723375 0.6635235737499999 0.7566489362500001 0.65508684875 0.7746010637499999 0.6387096775 0.78191489375 0.6208436724999999 0.78125 0.596526055 0.7726063825 0.5836228287499999 0.7519946812499999 0.57171215875 0.7293882975 0.56873449125 0.7174202125 0.57121588125 0.6894946812499999 0.58610421875 0.67087766 0.61687344875
2 0.76529255375 0.6496277912499999 0.76263297875 0.65558312625 0.76263297875 0.66699751875 0.76662234 0.677419355 0.77327127625 0.68585608 0.783909575 0.6947890825 0.8025265962500001 0.70471464 0.8211436175 0.70967741875 0.841090425 0.7086848637500001 0.86236702125 0.6997518612499999 0.87566489375 0.69776675 0.88896276625 0.68188585625 0.89029255375 0.6694789087499999 0.87433510625 0.6451612900000001 0.85904255375 0.63176178625 0.8450797875 0.63176178625 0.82978723375 0.627295285 0.8105053187500001 0.62630273 0.783909575 0.63325062 0.77327127625 0.64019851125 0.76529255375 0.6496277912499999
2 0.79521276625 0.6109181137499999 0.8065159574999999 0.6233250625 0.81316489375 0.62630273 0.8337765962500001 0.62828784125 0.8424202125 0.6322580649999999 0.85106383 0.6322580649999999 0.87101063875 0.6267990075000001 0.8856382975 0.6173697275 0.89494680875 0.60744416875 0.894281915 0.603473945 0.89029255375 0.603473945 0.8882978724999999 0.60099255625 0.875 0.60099255625 0.86768617 0.59602977625 0.84308510625 0.5875930524999999 0.8065159574999999 0.5672456575 0.79587766 0.5791563275 0.7912234037499999 0.5970223325 0.79521276625 0.6109181137499999
2 0.61768617 0.5250620349999999 0.60837766 0.53796526 0.6117021275 0.5434243175 0.61103723375 0.54739454125 0.61835106375 0.55037220875 0.622340425 0.5617866 0.63630319125 0.5732009925 0.65691489375 0.582133995 0.67154255375 0.5836228287499999 0.6934840425000001 0.582133995 0.70944148875 0.5766749375 0.7253989362500001 0.56426799 0.7320478724999999 0.55037220875 0.730718085 0.5399503725 0.721409575 0.5230769225 0.7081117025 0.5121588087500001 0.6941489362500001 0.5042183625 0.6861702125 0.50074441625 0.6768617025 0.49975186125 0.6622340425000001 0.50074441625 0.64029255375 0.50570719625 0.61768617 0.5250620349999999
2 0.51130319125 0.53349875875 0.50199468125 0.54193548375 0.49667553249999996 0.5528535975 0.49601063875 0.57121588125 0.502659575 0.58560794 0.51462766 0.5955334987500001 0.5279255325 0.5995037225000001 0.55319148875 0.59900744375 0.57646276625 0.58957816375 0.589095745 0.5880893300000001 0.5970744675 0.58312655125 0.6043882975 0.58312655125 0.6090425537499999 0.58064516125 0.6236702125 0.56426799 0.620345745 0.5508684862500001 0.61236702125 0.54739454125 0.61236702125 0.5434243175 0.6090425537499999 0.54044665 0.61103723375 0.5315136475 0.60638297875 0.522580645 0.58710106375 0.5101736975 0.55585106375 0.5076923074999999 0.55518617 0.513151365 0.53125 0.5191067 0.51130319125 0.53349875875
2 0.5757978725 0.75980148875 0.5658244675 0.7672456575 0.55718085125 0.7875930525 0.557845745 0.79751861 0.56449468125 0.80694789125 0.57646276625 0.80744416875 0.5777925537499999 0.80248139 0.59308510625 0.80148883375 0.6117021275 0.81588089375 0.6236702125 0.8198511162500001 0.63896276625 0.82133995 0.6609042549999999 0.8173697275 0.67486702125 0.80744416875 0.6855053187500001 0.7851116625 0.6841755325 0.7647642675 0.66888297875 0.75136476375 0.6549202125 0.74441687375 0.6289893612499999 0.74044665 0.60837766 0.74441687375 0.59308510625 0.7533498762499999 0.5757978725 0.75980148875
2 0.65558510625 0.7200992549999999 0.6542553187500001 0.73846153875 0.65691489375 0.7459057075 0.67220744625 0.7548387099999999 0.6808510637499999 0.76575682375 0.70478723375 0.7746898262499999 0.7220744675 0.77518610375 0.73470744625 0.7707196025 0.76263297875 0.7687344912499999 0.7792553187500001 0.7632754337500001 0.8018617025 0.7498759300000001 0.8138297875 0.73250620375 0.8144946812499999 0.7225806450000001 0.81183510625 0.7151364762500001 0.79587766 0.7007444162500001 0.76994680875 0.69131513625 0.7413563825 0.6873449137500001 0.6808510637499999 0.69627791625 0.6648936175 0.7062034737499999 0.65558510625 0.7200992549999999
2 0.48277857750000003 0.46104218375 0.47479985375 0.47146402000000004 0.4634966625 0.47642679875 0.4608370875 0.4803970225 0.47413496 0.4923076925 0.48942751375 0.49875930500000004 0.5100392149999999 0.50322580625 0.531980705 0.50372208375 0.53663496 0.5022332500000001 0.51203389625 0.49528536 0.51070410875 0.49181141500000003 0.51336368375 0.4888337475 0.50538496 0.47692307749999996 0.50538496 0.474937965 0.51203389625 0.4709677425 0.5226721937500001 0.46898263 0.5233370875 0.45657568249999997 0.5306509175 0.44367245625 0.5313158112499999 0.43771712125 0.5259966625 0.43126550874999997 0.5200126199999999 0.43076923125 0.50737964125 0.43225806499999997 0.48743283249999997 0.4387096775 0.48277857750000003 0.46104218375
2 0.52393617 0.45707196000000005 0.5226063825 0.46898263 0.50997340375 0.4719602975 0.50531914875 0.47692307749999996 0.51263297875 0.48784119125 0.5106382975 0.49379652625 0.51263297875 0.49627791625 0.53656914875 0.50272952875 0.5538563825 0.50372208375 0.5711436175 0.49925558375 0.57978723375 0.49081885875 0.56781914875 0.48337469 0.56781914875 0.46650124125 0.54853723375 0.441687345 0.54853723375 0.43573200999999995 0.5445478725 0.42878411875 0.54122340375 0.42828784124999997 0.528590425 0.43275434250000006 0.53191489375 0.44069478875 0.52393617 0.45707196000000005
2 0.5684840425000001 0.48337469 0.57047872375 0.48337469 0.57513297875 0.47394540999999996 0.59574468125 0.46004962749999995 0.61702127625 0.4540942925 0.63430851125 0.4531017375 0.63962766 0.44863523625 0.6336436175 0.4421836225 0.60172872375 0.44317617875000004 0.5831117025 0.441687345 0.5472074462500001 0.43424317625000003 0.54853723375 0.4421836225 0.56781914875 0.46749379625000004 0.5684840425000001 0.48337469
2 0.63031914875 0.5875930524999999 0.63896276625 0.59801488875 0.6382978725 0.61042183625 0.64228723375 0.61439206 0.6456117025 0.62630273 0.644281915 0.6327543425000001 0.63896276625 0.6367245662500001 0.63896276625 0.639205955 0.64228723375 0.63970223375 0.65691489375 0.63424317625 0.67021276625 0.6243176175 0.67154255375 0.615384615 0.67819148875 0.6029776675 0.6768617025 0.5955334987500001 0.67287234 0.5885856075 0.66555851125 0.5826302725 0.6476063825 0.57866005 0.63297872375 0.5707196025 0.61768617 0.5707196025 0.613031915 0.57617866 0.61369680875 0.57866005 0.63031914875 0.5875930524999999
2 0.56183510625 0.60248139 0.55452127625 0.617866005 0.5565159574999999 0.63771712125 0.5591755325 0.641687345 0.567154255 0.6471464025 0.58577127625 0.6511166249999999 0.5924202125 0.6511166249999999 0.605718085 0.64565756875 0.6336436175 0.64019851125 0.64361702125 0.63424317625 0.6462765962500001 0.62779156375 0.6429521275000001 0.61389578125 0.63896276625 0.60794044625 0.63962766 0.59751861 0.6356382975 0.591563275 0.6236702125 0.582133995 0.605718085 0.582133995 0.59375 0.5781637712500001 0.58710106375 0.579652605 0.56981383 0.59255583125 0.56183510625 0.60248139
2 0.24867021250000002 0.6952853600000001 0.24268616999999998 0.70967741875 0.24335106374999999 0.7146401987500001 0.24933510625 0.7136476424999999 0.2513297875 0.72357320125 0.2559840425 0.7300248137500001 0.26263297874999997 0.7339950375 0.27593085125 0.7374689825 0.28324468125 0.734491315 0.29055851125 0.7275434237499999 0.307845745 0.7285359800000001 0.31050531875 0.73052109125 0.31781914875 0.72952853625 0.339095745 0.7062034737499999 0.339095745 0.70372208375 0.32912233999999996 0.6957816375 0.317154255 0.665508685 0.3091755325 0.6625310175 0.29654255375 0.6625310175 0.27925531875 0.66699751875 0.26130319125 0.6789081887499999 0.24867021250000002 0.6952853600000001
2 0.32380319125 0.3791563275 0.32380319125 0.38908188625 0.3184840425 0.3935483875 0.35039893624999996 0.38957816375 0.36702127625000003 0.3935483875 0.37765957499999997 0.4004962775 0.38231383 0.4064516125 0.38430851125 0.41985111625000004 0.39361702125000003 0.41290322625000003 0.40425531875 0.41091811375 0.41422872374999997 0.40397022374999997 0.4361702125 0.40248139 0.44547872374999997 0.40446650125 0.45079787250000003 0.39503722125 0.45079787250000003 0.38312655125 0.44082446750000004 0.36823821375 0.42952127625000003 0.360794045 0.41755319125 0.35632754375 0.39228723375 0.35384615375 0.36170212749999997 0.3578163775 0.33577127625000003 0.36575682375 0.32380319125 0.3791563275
2 0.37300531875 0.5196029775000001 0.36968085125 0.53846153875 0.36037233999999996 0.55235732 0.35438829749999995 0.55483871 0.339095745 0.5553349875 0.33976063875 0.56625310125 0.34906914875 0.5791563275 0.35837766000000004 0.58560794 0.38164893624999996 0.59255583125 0.40625 0.59305210875 0.4122340425 0.591563275 0.43018617 0.5766749375 0.44148936125 0.57220843625 0.45013297874999997 0.56575682375 0.45279255375 0.5607940450000001 0.456781915 0.5339950375 0.45279255375 0.52456575625 0.43484042500000003 0.51861042125 0.4288563825 0.510669975 0.40691489375 0.5076923074999999 0.38962766000000004 0.5111662525 0.3763297875 0.51662531 0.37300531875 0.5196029775000001
2 0.27250070625 0.40893300250000003 0.27117092 0.4124069475 0.23659645125 0.4362282875 0.21731453625 0.453598015 0.19071879249999998 0.465508685 0.18274006875 0.47344913125 0.17808581375 0.4828784125 0.17808581375 0.49578163750000004 0.18473474875 0.50719603 0.206011345 0.5191067 0.2312773025 0.52605459 0.244575175 0.5255583125 0.25720815375 0.520099255 0.27449538749999997 0.50372208375 0.28114432375 0.49429280374999995 0.29710177000000004 0.48387096749999997 0.3103996425 0.47990074499999996 0.3276868775 0.47841191125000004 0.33899006875 0.47295285375 0.35228794125 0.46203474 0.36292623874999996 0.44764268 0.37555921750000004 0.4382134 0.3848677275 0.42233250624999996 0.38220815375 0.40545905750000005 0.37356453625 0.39702233249999996 0.362261345 0.39205955375 0.35095815375 0.39007444125 0.3369953875 0.39057072 0.3130592175 0.39751861 0.30175602625 0.39801488874999996 0.26651666375 0.3791563275 0.2598677275 0.37816377125 0.25521347250000004 0.38411910624999995 0.25587836625 0.39404466499999996 0.27250070625 0.40893300250000003
2 0.2413563825 0.5578163775 0.2440159575 0.5707196025 0.21143616999999998 0.57717121625 0.21542553250000002 0.58709677375 0.22872340375 0.59801488875 0.24601063875 0.603473945 0.25930851125 0.603473945 0.27859042500000003 0.5970223325 0.30518617 0.5935483874999999 0.32579787250000003 0.58610421875 0.33710106375000004 0.5851116625 0.34906914875 0.58064516125 0.33843085125 0.56575682375 0.3377659575 0.55483871 0.31183510625 0.54441687375 0.3018617025 0.53598014875 0.2799202125 0.5255583125 0.26994680875 0.52406947875 0.2559840425 0.5295285362500001 0.24268616999999998 0.54292804 0.2413563825 0.5578163775
2 0.57513297875 0.47444168750000004 0.57180851125 0.48535980125 0.57912234 0.49081885875 0.57646276625 0.49677419375 0.58843085125 0.5101736975 0.6023936175 0.520099255 0.6210106387500001 0.5235732012500001 0.63962766 0.50620347375 0.6609042549999999 0.50024813875 0.66023936125 0.47444168750000004 0.63962766 0.46054590625 0.62699468125 0.456079405 0.61502659625 0.45558312624999997 0.5970744675 0.45955334999999997 0.58577127625 0.465508685 0.57513297875 0.47444168750000004
2 0.5684840425000001 0.65558312625 0.557845745 0.65806451625 0.5398936175 0.6694789087499999 0.5352393612499999 0.67543424375 0.53058510625 0.6923076924999999 0.53058510625 0.70372208375 0.53191489375 0.70918114125 0.53656914875 0.7136476424999999 0.53789893625 0.7285359800000001 0.55518617 0.75136476375 0.565159575 0.75632754375 0.58244680875 0.7578163775 0.596409575 0.7528535975 0.60638297875 0.746401985 0.6236702125 0.74143920625 0.63497340375 0.7275434237499999 0.6382978725 0.7191067 0.658909575 0.7121588087499999 0.67353723375 0.70024813875 0.67952127625 0.69131513625 0.6828457450000001 0.68188585625 0.6828457450000001 0.67047146375 0.67486702125 0.656079405 0.6582446812499999 0.6446650125 0.64893617 0.641687345 0.63630319125 0.64069478875 0.6090425537499999 0.6441687349999999 0.58377659625 0.65558312625 0.5684840425000001 0.65558312625
2 0.68218085125 0.6828784125 0.69680851125 0.69131513625 0.71143617 0.6928039699999999 0.73470744625 0.6898263025 0.7433510637499999 0.686848635 0.75398936125 0.6888337475 0.7606382975 0.6828784125 0.76396276625 0.6709677424999999 0.7599734037499999 0.6516129037499999 0.738031915 0.6625310175 0.71143617 0.6635235737499999 0.6961436175 0.66104218375 0.67486702125 0.6441687349999999 0.67353723375 0.65459057125 0.6815159574999999 0.6684863525 0.68218085125 0.6828784125
2 0.46476063875 0.62183622875 0.45744680875 0.6352357325 0.43351063875 0.639205955 0.42420212749999997 0.6436724562499999 0.43417553249999996 0.67295285375 0.4315159575 0.6898263025 0.42420212749999997 0.70223325 0.39893617 0.7151364762500001 0.39694148875 0.71861042125 0.41954787250000003 0.725062035 0.43351063875 0.725062035 0.44680851125 0.7220843675 0.46675531875 0.70918114125 0.48603723375 0.70570719625 0.5033244675 0.6987593049999999 0.5106382975 0.6937965262500001 0.51728723375 0.6848635237499999 0.52460106375 0.6838709675 0.54521276625 0.6650124074999999 0.559840425 0.6575682387499999 0.5611702125 0.6516129037499999 0.5664893612499999 0.6466501237500001 0.55718085125 0.6382134 0.5565159574999999 0.62531017375 0.5472074462500001 0.61042183625 0.5279255325 0.60397022375 0.50797872375 0.60248139 0.495345745 0.60397022375 0.47938829749999995 0.6094292800000001 0.46476063875 0.62183622875
2 0.39827127625000003 0.591563275 0.37832446750000004 0.5910669975 0.36037233999999996 0.58660049625 0.36037233999999996 0.60992555875 0.379654255 0.61339950375 0.39095744625 0.617866005 0.40625 0.62828784125 0.41688829749999995 0.6387096775 0.43683510625 0.6367245662500001 0.44747340375 0.63325062 0.46210106375000004 0.6243176175 0.47938829749999995 0.6089330025 0.49002659625 0.59255583125 0.504654255 0.59801488875 0.5179521275 0.596526055 0.5033244675 0.58660049625 0.47938829749999995 0.56526054625 0.47140957499999997 0.56426799 0.4388297875 0.57171215875 0.42021276625 0.58411910625 0.39827127625000003 0.591563275
2 0.33843085125 0.47841191125000004 0.33976063875 0.48138957875000005 0.35106383 0.48535980125 0.363031915 0.49478908250000003 0.37300531875 0.5121588087500001 0.37566489375 0.513151365 0.39827127625000003 0.50918114125 0.410904255 0.50372208375 0.41954787250000003 0.49677419375 0.4288563825 0.48387096749999997 0.42819148875 0.48238213375 0.410904255 0.47940446625 0.39295212749999997 0.46997518624999995 0.38763297874999997 0.46997518624999995 0.3736702125 0.47344913125 0.34441489375 0.474937965 0.33843085125 0.47841191125000004
2 0.72406914875 0.4267990075 0.7127659574999999 0.43573200999999995 0.69547872375 0.4421836225 0.68018617 0.4446650125 0.6582446812499999 0.441687345 0.64694148875 0.43722084375000003 0.636968085 0.441687345 0.64029255375 0.4481389575 0.6382978725 0.4590570725 0.64893617 0.4650124075 0.658909575 0.47394540999999996 0.6609042549999999 0.50074441625 0.68683510625 0.501240695 0.70412234 0.50967741875 0.7174202125 0.5196029775000001 0.7200797875 0.5191067 0.72606383 0.510669975 0.73869680875 0.50669975125 0.738031915 0.49578163750000004 0.73470744625 0.49627791625 0.73337766 0.49429280374999995 0.7367021275000001 0.48734491375 0.7453457450000001 0.48436724624999994 0.7480053187500001 0.47940446625 0.747340425 0.47047146375 0.74268617 0.46054590625 0.7253989362500001 0.45012407000000004 0.7220744675 0.44416873500000004 0.7400265962500001 0.4387096775 0.74933510625 0.41687344875 0.75531914875 0.41339950375 0.7533244675 0.40545905750000005 0.7453457450000001 0.3945409425 0.7400265962500001 0.39057072 0.730718085 0.38808933 0.73603723375 0.40248139 0.73271276625 0.41439206 0.72406914875 0.4267990075
2 0.6216755325 0.23076923125 0.62300531875 0.2446650125 0.6283244675 0.25508684875 0.636968085 0.25955335 0.6382978725 0.26352357375 0.6549202125 0.27047146375000003 0.675531915 0.27146402 0.6934840425000001 0.26947890874999997 0.70611702125 0.26104218375 0.71875 0.24665012375 0.7234042549999999 0.2352357325 0.72273936125 0.2243176175 0.7140957450000001 0.2124069475 0.70279255375 0.20496277875000002 0.6828457450000001 0.19751861 0.6648936175 0.19602977625 0.6462765962500001 0.2 0.6289893612499999 0.21042183625 0.6216755325 0.23076923125
2 0.2606382975 0.6029776675 0.24867021250000002 0.60397022375 0.26263297874999997 0.61588089375 0.26662234 0.62382134 0.2632978725 0.6436724562499999 0.2533244675 0.65806451625 0.254654255 0.66054590625 0.25997340375 0.66153846125 0.25997340375 0.6694789087499999 0.2726063825 0.67047146375 0.29654255375 0.663027295 0.31449468125 0.6635235737499999 0.3184840425 0.64565756875 0.32845744625 0.627295285 0.34375 0.615384615 0.35970744625 0.6094292800000001 0.35638297874999997 0.59900744375 0.348404255 0.5945409425 0.3351063825 0.59057072 0.317154255 0.58957816375 0.293218085 0.5955334987500001 0.2799202125 0.59602977625 0.2606382975 0.6029776675
