8 0.23200584500000002 0.466133655 0.2502740225 0.4435058075 0.28315674 0.43445466875 0.32334673 0.4555739925 0.343441725 0.4359631925 0.36353671875000004 0.42842057625 0.374497625 0.4435058075 0.40920716125 0.3786393125 0.453050785 0.39825011250000003 0.50602849875 0.37562226625 0.49506759250000004 0.35601146499999997 0.52795031125 0.36204555749999995 0.53708439875 0.34696032625 0.51698940375 0.3288580475 0.4749725975 0.33338361749999995 0.47862623249999997 0.30773872375 0.43112897375000003 0.29567053875 0.3726708075 0.29416201625 0.31603945875 0.2881279225 0.272195835 0.27907678375 0.2502740225 0.31377281625 0.24479356875 0.33640066375000005 0.21373766875 0.33941771000000004 0.19729631 0.34997737125 0.19364267375 0.36506260375 0.1644135925 0.34243475625 0.1278772375 0.33338361749999995 0.08037997875 0.35299441875 0.043843623750000005 0.35751998874999996 0.051150895 0.38769045124999996 0.07855316 0.42540353000000003 0.08768724875 0.45859103875 0.09682133750000001 0.47820184 0.09316770249999999 0.49479559500000003 0.09499451875 0.49479559500000003 0.12056996625 0.50233821125 0.17720131625000002 0.490270025 0.200949945 0.45406547 0.23200584500000002 0.466133655
17 0.6503470962500001 0.6652587112499999 0.65582754875 0.6320712025 0.643039825 0.5868155075 0.64121300625 0.56569618375 0.61381074125 0.52194901125 0.555352575 0.52194901125 0.51698940375 0.5415598125000001 0.50785531625 0.56569618375 0.48776032125 0.5822899375 0.48045305125 0.62151154125 0.4749725975 0.6743098512500001 0.5151625875 0.65168200375 0.55352575875 0.6803439425000001 0.595542565 0.6667672349999999 0.6503470962500001 0.6652587112499999
17 0.01826817625 0.49630411875 0.01096090625 0.53250867375 0.10230179 0.5430683362500001 0.11508951375000001 0.5083723025 0.07489952500000001 0.4721677475 0.043843623750000005 0.48272741 0.01826817625 0.49630411875
17 0.3178662775 0.52194901125 0.34709535875 0.5053552575 0.34161490625 0.461608085 0.3087321875 0.4435058075 0.272195835 0.437471715 0.23200584500000002 0.4600995625 0.21373766875 0.49630411875 0.23017902875000001 0.52194901125 0.18816222124999998 0.5294916275 0.18268176875000003 0.55664504375 0.21921812124999998 0.57776436875 0.25940811125 0.580781415 0.29046401125 0.58379846125 0.32334673 0.58379846125 0.3489221775 0.56871323 0.37084398999999996 0.5460853825 0.3178662775 0.52194901125
17 0.37815126125 0.62452858625 0.44026306125 0.58832403 0.4274753375 0.609443355 0.41286079625 0.64112234125 0.42564852000000003 0.6697842812499999 0.45853123875 0.6637501887499999 0.4749725975 0.6079348325 0.48227986875 0.56117061375 0.51150895125 0.56117061375 0.5188162225 0.518931965 0.493240775 0.49479559500000003 0.4749725975 0.490270025 0.4238217025 0.4269120525 0.390938985 0.43294614625 0.38911216625 0.4480313775 0.36719035375 0.45859103875 0.36353671875000004 0.49630411875 0.343441725 0.51591492 0.3598830825 0.5340171975 0.3726708075 0.5536279975 0.38728534875000004 0.56569618375 0.40007307249999996 0.589832555 0.40738034375 0.589832555 0.374497625 0.609443355 0.37815126125 0.62452858625
17 0.82572159375 0.42842057625 0.761782975 0.4435058075 0.75630252 0.42238648375 0.745341615 0.39372454375 0.6686152725 0.4073012525 0.6065034699999999 0.4073012525 0.55900621125 0.417860915 0.5462184875 0.42238648375 0.50420168 0.39523306625 0.47862623249999997 0.40428420625 0.41103397875 0.38467340499999997 0.3799780775 0.42540353000000003 0.41468761375 0.42842057625 0.46035805625000004 0.46311660875 0.5151625875 0.48423593375 0.52795031125 0.4555739925 0.54439167 0.441997285 0.57362075375 0.45859103875 0.6284252825 0.42992909875 0.626598465 0.46764217875 0.6485202775000001 0.47669331625 0.6795761775 0.47367627125 0.6960175375 0.49479559500000003 0.7206842125 0.52738582125 0.78005115125 0.4887615025 0.8001461462499999 0.49177854875 0.816587505 0.47367627125 0.8421629525000001 0.461608085 0.83668249875 0.441997285 0.82572159375 0.42842057625
17 0.611983925 0.4600995625 0.58275484125 0.4600995625 0.56083303 0.4480313775 0.5316039462500001 0.48725297875 0.55900621125 0.5144063962500001 0.59006211125 0.5083723025 0.62477164875 0.48574445625 0.611983925 0.4600995625
17 0.6375593725 0.52044048875 0.68140299625 0.50686378 0.68140299625 0.47518479375 0.63573255375 0.47367627125 0.595542565 0.5144063962500001 0.5991962012500001 0.51591492 0.62477164875 0.53854276625 0.6375593725 0.52044048875
17 0.6686152725 0.58530698375 0.6996711725 0.56569618375 0.71582190125 0.51234931875 0.68688344875 0.48423593375 0.66678845375 0.5083723025 0.63025210125 0.53854276625 0.64121300625 0.55513652125 0.6448666425 0.5792728925 0.6686152725 0.58530698375
17 0.77274388 0.642630865 0.80562659875 0.633579725 0.7964925100000001 0.59586664625 0.7745706987500001 0.5792728925 0.7910120575 0.56569618375 0.80562659875 0.5581535675 0.8019729624999999 0.518931965 0.83485568125 0.50384673375 0.8768724887499999 0.5144063962500001 0.88052612375 0.49479559500000003 0.8202411399999999 0.499321165 0.8019729624999999 0.50233821125 0.7855316037500001 0.52044048875 0.73803434375 0.5174234425 0.7343807087499999 0.5340171975 0.7270734387500001 0.55664504375 0.6887102675 0.5747473225 0.6631348199999999 0.58530698375 0.6485202775000001 0.580781415 0.6521739125 0.61246040125 0.6613080012499999 0.6607331424999999 0.6649616362499999 0.6562075725 0.71245889625 0.6682757587499999 0.7398611625 0.6667672349999999 0.7398611625 0.63961381875 0.77274388 0.642630865
17 0.8695652174999999 0.63056267875 0.88052612375 0.5988836925 0.9097552062500001 0.5792728925 0.96455973625 0.56117061375 0.98100109625 0.53703424375 0.9682133725 0.50384673375 0.9316770187500001 0.48423593375 0.94994519625 0.52647458125 0.94994519625 0.54910242875 0.9097552062500001 0.56871323 0.8878333937499999 0.54910242875 0.8732188525 0.5249660575 0.8786993062499999 0.499321165 0.8220679575 0.499321165 0.8019729624999999 0.5008296875 0.7964925100000001 0.5294916275 0.8074534149999999 0.56569618375 0.7964925100000001 0.59435812375 0.8019729624999999 0.62905415625 0.847643405 0.6607331424999999 0.8531238575000001 0.6788354200000001 0.823894775 0.69844622125 0.8768724887499999 0.7150399762499999 0.9316770187500001 0.7225825912499999 0.93533065375 0.7240911149999999 0.93898428875 0.68637803625 0.90244793625 0.6758183737500001 0.8878333937499999 0.64866495625 0.8695652174999999 0.63056267875
17 0.816587505 0.69844622125 0.847643405 0.6682757587499999 0.8111070512499999 0.6365967725 0.7526488862499999 0.638105295 0.7508220675 0.6682757587499999 0.75630252 0.6697842812499999 0.78918523875 0.68486951375 0.816587505 0.69844622125