8 0.74487433875 0.38442460375000004 0.7895171962499999 0.21577380999999998 0.82671957625 0.068824405 0.58586860625 0.0537367725 0.58090828875 0.067377645 0.56464947125 0.25607638875 0.563271605 0.2591765875 0.70877425 0.22858796250000002 0.74487433875 0.38442460375000004
6 0.3610008825 0.21370701125 0.38690476250000005 0.263310185 0.41060405625 0.30547288375000003 0.432098765 0.34060846499999997 0.43926366875 0.341021825 0.45634920625 0.360449735 0.458002645 0.36458333375 0.451940035 0.36747685250000006 0.45634920625 0.37243717 0.46957672 0.37409060875 0.48776454999999996 0.37822420625 0.5065035275 0.38690476250000005 0.52414021125 0.399718915 0.53902116375 0.41832010625000005 0.5445326275 0.41749338625 0.5505952375 0.37243717 0.5362654325 0.303819445 0.51807760125 0.28149801625 0.43154761875 0.20213293624999998 0.41115520250000004 0.18311838625 0.40895061750000006 0.17402447124999998 0.39792769 0.15955687875000002 0.39076278625 0.15004960374999998 0.38029100499999996 0.14674272500000002 0.3632054675 0.14880952375 0.34611992999999996 0.15790343874999999 0.33289241625000004 0.16451719625 0.32572751375000003 0.17361111125 0.32627866 0.17857142875 0.33013668375 0.18311838625 0.32903439125 0.18229166625 0.34777336875000003 0.20791997375000001 0.3610008825 0.21370701125
10 0.4050925925 0.40715939125 0.40343915375 0.42328042375 0.40343915375 0.4352678575 0.41280864125 0.45262896875 0.4348544975 0.4828042325 0.4954806 0.5596891537500001 0.52303791875 0.596891535 0.5340608462499999 0.61342592625 0.54894179875 0.6138392862500001 0.56657848375 0.61177248625 0.5875220462499999 0.60350529125 0.61287478 0.5919312175 0.63547178125 0.5807705025 0.64649470875 0.57250330625 0.65255731875 0.5642361112500001 0.62444885375 0.52744709 0.57374338625 0.46172288375000003 0.5461860675 0.42658730125 0.52689594375 0.40178571375 0.50981040625 0.38855820125 0.48445767250000005 0.37781084625 0.46020723125 0.37161045000000004 0.45414462125 0.36871693125 0.4607583775 0.36416997375 0.45414462125 0.35796957625 0.44642857125 0.35094245999999996 0.43816137625 0.341848545 0.433752205 0.34060846499999997 0.41335978875 0.34763558250000004 0.39902998250000005 0.35383597875 0.38635361500000004 0.36251653500000003 0.388007055 0.36747685250000006 0.39682539624999996 0.3765707675 0.40233686125 0.38277116375 0.40454144625 0.38855820125 0.40950176374999997 0.38855820125 0.41060405625 0.38814484125 0.41225749624999997 0.3955853175 0.4050925925 0.40715939125
8 0.2298280425 0.42782738125 0.2336860675 0.4348544975 0.28935185125 0.4840443125 0.34060846499999997 0.52662037 0.4420194 0.61673280375 0.45359347499999997 0.61673280375 0.5324074075 0.52703373 0.44532627875 0.44188161375 0.37973985875 0.37243717 0.30919312125000004 0.29431217 0.2915564375 0.28108465625 0.268959435 0.24553571375 0.25462963 0.23644179875 0.10967813 0.30051256625 0.11188271625 0.302579365 0.12125220499999999 0.31374007875 0.13007054625 0.33275463 0.19235008874999998 0.38855820125 0.2298280425 0.42782738125
8 0.4050925925 0.7399140212499999 0.43926366875 0.615492725 0.27116402125 0.46668320125 0.264550265 0.47453703750000004 0.244708995 0.5216600525 0.17691799 0.6762566137500001 0.21660052875000002 0.692791005 0.4050925925 0.7399140212499999
8 0.63932980625 0.88086970875 0.6442901237499999 0.82093254 0.6553130512500001 0.76347552875 0.674603175 0.6043320112499999 0.6619268075 0.59937169375 0.48170194 0.59937169375 0.41556437375 0.7266865075 0.35273368625 0.84242724875 0.3411596125 0.86557539625 0.40123456750000003 0.8754960312500001 0.6398809525 0.88996362375 0.63932980625 0.88086970875
6 0.7809744275 0.7171792324999999 0.7793209874999999 0.72337963 0.7842813049999999 0.7283399475 0.7936507937499999 0.7481812175 0.7973710312500001 0.75520833375 0.8077050262500001 0.7583085312500001 0.83057760125 0.75520833375 0.85813492125 0.7473544975 0.869708995 0.7382605825 0.8709490737500001 0.732576885 0.86585097 0.72420634875 0.85758377375 0.7080853175 0.8460097000000001 0.70064484125 0.84160052875 0.6915509262499999 0.8134920637499999 0.62293320125 0.7870370375 0.5514219575 0.7710537925 0.5328207675000001 0.7308201062499999 0.48859127 0.62279541375 0.48941798875000003 0.62279541375 0.48983134874999995 0.6222442687499999 0.49148478875 0.62279541375 0.50429894125 0.64484127 0.53902116375 0.6735008825 0.5923445762499999 0.7809744275 0.7171792324999999
1 0.7655423275 0.48735119 0.7490079362500001 0.419146825 0.72337963 0.29265873 0.7084986775000001 0.2294146825 0.60350529125 0.25049603125000003 0.5282738100000001 0.26599702375 0.52744709 0.26723710375 0.5340608462499999 0.30009920625 0.5596891537500001 0.39124504000000004 0.58283730125 0.48983134874999995 0.7655423275 0.48735119
8 0.17774470874999998 0.6764632937499999 0.24596116125 0.51989420875 0.24388227499999998 0.5214533725 0.24388227499999998 0.5226934525 0.24222883625000002 0.5214533725 0.05125661375 0.5859375 0.026455026250000003 0.6001984125 0.1512896825 0.74094742125 0.1719576725 0.7694692462499999 0.28935185125 0.7087053575 0.17774470874999998 0.6764632937499999
6 0.27502204625 0.25504298875 0.28604497375 0.2674437825 0.29376102249999997 0.27571097875 0.2976190475 0.28645833374999996 0.3136022925 0.30092592625000003 0.34997795375 0.34019510625000005 0.37973985875 0.37491732749999995 0.39958112874999996 0.38235780374999995 0.38690476250000005 0.36292989374999995 0.38910934750000004 0.35838293625 0.40068342125 0.35466269875 0.41225749624999997 0.3463955025 0.43044532625000004 0.34060846499999997 0.41666666625 0.31167328 0.381944445 0.2682705025 0.35879629625 0.24718915375000003 0.34887566124999997 0.24016203749999998 0.33619929499999995 0.22156084624999997 0.32627866 0.21412037 0.30588624375 0.21577380999999998 0.28494268125 0.223627645 0.270612875 0.23602843875 0.2695105825 0.23602843875 0.26785714250000003 0.24842923249999999 0.27502204625 0.25504298875
