10 0.349618235 0.26725234375 0.33824892375 0.23725119625000002 0.32700325625 0.23162754375 0.30342338625 0.26904615249999997 0.28880591625 0.309499255 0.30991439249999997 0.33771283500000004 0.31584633749999996 0.4014683925 0.32984027 0.44870300999999996 0.40380527374999997 0.55111161875 0.468372465 0.6699521025 0.4872447025 0.678521185 0.5063816800000001 0.6603017425000001 0.50526356125 0.65047949375 0.5599262275 0.5542102074999999 0.56363938375 0.52277776 0.4114075775 0.28599369750000003 0.381678055 0.26938993125 0.349618235 0.26725234375
12 0.07506314625 0.7143990262500001 0.11336668124999999 0.73644831125 0.12111689875 0.76377123125 0.10951243125 0.81904677375 0.07981249375 0.8609311775 0.07381606875 0.88977446375 0.06424757875 0.89888418375 0.0629883675 0.9402279475 0.14313792 0.94557191875 0.15671388625000002 0.9367293975 0.15943257 0.91985219125 0.16050365625000002 0.94672978 0.25133981875 0.95278628 0.27849174875 0.9351012362500001 0.31882444374999996 0.56737784625 0.31663523875 0.5306780075 0.31228640875 0.51576650125 0.30332401000000003 0.51273200875 0.18973177875000002 0.52221672125 0.12154018000000001 0.61027318875 0.107140415 0.6409931075 0.08093592625 0.6611782475 0.07506314625 0.7143990262500001
14 0 0.93602819875 0.04295097875 0.938891955 0.046834812499999996 0.9147816625 0.10722916375000001 0.8164576125 0.11589724 0.78779245875 0.11982810375 0.7466268275 0.10156195625 0.72591353375 0.03085724625 0.6870823487500001 0 0.6837934112499999 0 0.93602819875
10 0.10273773374999999 0.299530085 0.11284783250000001 0.370874995 0.12827165499999998 0.38408800249999997 0.17463717625 0.3896163475 0.23134795375 0.381212915 0.2487607225 0.36531543749999995 0.26415496 0.32004027625 0.25193226750000003 0.25342835874999997 0.21712418125 0.20967980874999997 0.16964054 0.19432921 0.13046617375 0.21121265874999998 0.11167055 0.24407640874999997 0.10273773374999999 0.299530085
11 0.65788755875 0.12209531125 0.63224213 0.147191575 0.613446505 0.18005532500000002 0.60278948 0.23783096374999999 0.60799169125 0.2893532425 0.6318954625 0.34212244750000004 0.6501616112499999 0.3628357425 0.6808856062499999 0.36488426500000004 0.71432828625 0.35005558000000003 0.73045225875 0.31701369875 0.73666639125 0.27843722875 0.7337944799999999 0.212448775 0.7114442400000001 0.1500354525 0.67508262 0.11593101875 0.65788755875 0.12209531125
10 0.766120545 0.7409798762500001 0.7574054375 0.7867003674999999 0.78023812125 0.812591985 0.81123899125 0.92188366 0.82425491 0.93729799 0.91152040375 0.93083388 0.92795573625 0.8175672075 0.902015985 0.8109638237500001 0.89671971375 0.79355222125 0.87026793375 0.7649823775 0.8349774025000001 0.7577555300000001 0.81365121875 0.7392751337500001 0.77780162625 0.7271371625 0.766120545 0.7409798762500001
10 0.6570007875 0.7897535875 0.64522564625 0.83770697625 0.64744443375 0.9328949812499999 0.61494919875 0.95022376125 0.61466233875 0.95282336625 0.69169720375 0.9471170800000001 0.72243880875 0.86966133625 0.73935699625 0.75625389 0.76164807 0.701690875 0.7401512112499999 0.675888325 0.7241213000000001 0.67481953125 0.706443795 0.71750553 0.6869184337500001 0.7381359999999999 0.6570007875 0.7897535875
10 0.491758895 0.9103300262499999 0.48658626875000005 0.91729591375 0.48168824 0.96267329875 0.6235012787499999 0.9521686300000001 0.642830865 0.94477199625 0.650722175 0.9209289012499999 0.65280518625 0.85770774125 0.64677917875 0.82806285875 0.64010004875 0.8276175275 0.5495111775 0.8703160124999999 0.50856557375 0.90657676 0.491758895 0.9103300262499999
11 0.07450408624999999 0.70948790125 0.08416663625 0.666267505 0.11308981 0.62920516 0.13090841 0.53535314625 0.12325225375 0.4739195525 0.12788327 0.38649903125 0.10109013875 0.34328487750000003 0.07286711875 0.33409233374999997 0.023565206249999998 0.35517437625 0.00980111625 0.43223825 0.01961158 0.68145869375 0.07450408624999999 0.70948790125
11 0.9521174275 0.49994103500000003 0.9791752975 0.5163666675 0.98811192375 0.46088933375 0.9979411949999999 0.0185721675 0.9870006225 0.0319403825 0.977167395 0.067838625 0.91723804125 0.20518447375 0.9030559850000001 0.22617120875000002 0.87355630375 0.33386593374999995 0.8799236637500001 0.37815512625 0.9002083424999999 0.4282461025 0.9521174275 0.49994103500000003
0 0.16205880625 0 0.16976949875 0.00913152375 0.2002757875 0.02091323 0.2353956425 0.020817921250000003 0.25776333125 0.007687737500000001 0.2588424875 0 0.16205880625 0
11 0.61406472875 0.30194278625 0.59203839375 0.32971728 0.578368365 0.37267047624999994 0.594039475 0.43463846875 0.6080629900000001 0.54036125375 0.61508347125 0.5554508925 0.6293891725 0.5588416500000001 0.66188440875 0.54151287 0.6716706050000001 0.52266996625 0.6796089462499999 0.48177153375000004 0.67314752375 0.47159301875 0.67962639375 0.40622802874999997 0.6768781275000001 0.36461706624999995 0.6517151437500001 0.35319162374999996 0.62608716125 0.30274438124999997 0.61406472875 0.30194278625
9 0.73460765 0.6097217375 0.7280225825 0.57516573 0.7082029 0.56409655375 0.63274352875 0.5883083987500001 0.59012074625 0.60983577375 0.54650348875 0.64591839 0.48612658625 0.66869893375 0.47503414624999996 0.74594094 0.46114641125 0.7986273212499999 0.45954584750000005 0.8253267762500001 0.46613091249999994 0.8598827824999999 0.4606935475 0.893637195 0.46533669875 0.94024834875 0.46148325749999997 0.964169965 0.48428646375 0.9624808375 0.48869886 0.9125629225 0.6410474912499999 0.8301176237500001 0.65974905375 0.83136455125 0.6842763650000001 0.79644603625 0.6965635374999999 0.77045911 0.7073912375 0.720005625 0.72739904375 0.6628534512500001 0.73460765 0.6097217375
9 0.505288205 0 0.48174666625 0.042117224999999994 0.47747445125 0.0686385475 0.49763548375 0.09435203125 0.4879259025 0.15462776625 0.49356352625 0.1866836775 0.4814940625 0.20293742 0.4808879725 0.21508163249999998 0.48626085875 0.27392606625 0.49328134 0.28901570499999996 0.51465455375 0.29044076375 0.525976835 0.33749724875 0.5366634425 0.33820977874999997 0.5590902950000001 0.44205593 0.57796253375 0.45062501125 0.58925523125 0.4391933275 0.59007902875 0.41731593125000005 0.57914513125 0.36784841749999997 0.58953741875 0.33686130124999997 0.61406472875 0.30194278625 0.60623789875 0.23318703875000002 0.61784236625 0.177911495 0.6328011875 0.15210270125 0.66667928125 0.11780765 0.68805249625 0.11923270875 0.7114442400000001 0.1500354525 0.732458655 0.21235970875 0.73671342125 0.26138189125 0.73222349875 0.2976363975 0.71588181875 0.3404114625 0.69674484125 0.35863090375 0.69466183125 0.421852065 0.67358293875 0.45212665125 0.6459781425 0.56482157 0.68269856375 0.53802680625 0.72588040625 0.52141055625 0.7609706812500001 0.46282708 0.79018817375 0.45746438125 0.8201354025 0.46433496249999995 0.89680695625 0.41583469125 0.8763986325 0.34136622125000005 0.8965004987499999 0.25010337125 0.89620617875 0.21840372375 0.8840601012499999 0.19322463750000002 0.8842952574999999 0.10794794625 0.85267085 0.08634399 0.8146616349999999 0.09599434999999999 0.8096301 0.05179422625 0.79369425125 0.01661475625 0.7649121725000001 0.0025110875 0.7658875924999999 0 0.505288205 0