10 0.66259765625 0.24348958375 0.66162109375 0.26692708374999996 0.65380859375 0.27213541625000004 0.63525390625 0.2734375 0.6298828125 0.27604166625000004 0.62744140625 0.27994791625000004 0.626953125 0.291015625 0.62890625 0.30143229125000004 0.625 0.30533854125000004 0.615234375 0.30729166625000004 0.6025390625 0.3046875 0.59326171875 0.29036458374999996 0.57568359375 0.27799479125000004 0.5419921875 0.27799479125000004 0.53662109375 0.27604166625000004 0.521484375 0.251953125 0.515625 0.22916666625 0.509765625 0.21549479125 0.501953125 0.20963541625 0.380859375 0.240234375 0.31591796875 0.25065104125000004 0.31494140625 0.25455729125000004 0.3388671875 0.2890625 0.349609375 0.29947916625000004 0.3798828125 0.33723958375 0.4462890625 0.41145833375 0.46875 0.43489583375 0.47705078125 0.44010416625 0.53759765625 0.421875 0.54052734375 0.41731770875 0.5419921875 0.39388020875 0.54443359375 0.38411458375 0.5791015625 0.376953125 0.5849609375 0.36653645875 0.59619140625 0.361328125 0.60009765625 0.35677083375 0.60205078125 0.34505208375 0.60986328125 0.33333333375 0.62890625 0.33333333375 0.62890625 0.35416666625 0.634765625 0.361328125 0.66162109375 0.357421875 0.677734375 0.35026041625 0.68115234375 0.33658854125 0.681640625 0.287109375 0.677734375 0.25846354125000004 0.67626953125 0.22721354125 0.67138671875 0.20703125 0.66162109375 0.20442708375 0.65869140625 0.20768229125 0.65771484375 0.21354166625 0.66259765625 0.24348958375
10 0.140625 0.29296875 0.1337890625 0.310546875 0.1298828125 0.33138020875 0.1279296875 0.35611979125 0.12890625 0.38541666625 0.1416015625 0.44401041625 0.1591796875 0.48893229125 0.16650390625 0.5 0.17919921875 0.5104166662499999 0.19140625 0.5110677087500001 0.291015625 0.48893229125 0.453125 0.4453125 0.45361328125 0.443359375 0.43994140625 0.42838541625 0.423828125 0.40494791625 0.37939453125 0.357421875 0.36181640625 0.33463541625 0.345703125 0.31966145874999996 0.33251953125 0.30208333374999996 0.31494140625 0.28515625 0.29833984375 0.26432291625000004 0.2890625 0.25846354125000004 0.2783203125 0.25846354125000004 0.16845703125 0.2734375 0.14990234375 0.28059895874999996 0.140625 0.29296875
11 0.12548828125 0.5559895837500001 0.095703125 0.576171875 0.080078125 0.591796875 0.06591796875 0.61328125 0.0595703125 0.6328125 0.0556640625 0.67708333375 0.06103515625 0.69791666625 0.07080078125 0.712890625 0.08447265625 0.72591145875 0.10400390625 0.73828125 0.115234375 0.7421875 0.123046875 0.74934895875 0.1474609375 0.8125 0.17626953125 0.875 0.1845703125 0.88606770875 0.19775390625 0.89518229125 0.22900390625 0.89322916625 0.24853515625 0.89778645875 0.25634765625 0.89713541625 0.3125 0.87044270875 0.32861328125 0.85286458375 0.34130859375 0.83072916625 0.34619140625 0.81575520875 0.345703125 0.755859375 0.35791015625 0.708984375 0.361328125 0.68815104125 0.380859375 0.65950520875 0.388671875 0.6393229162499999 0.39013671875 0.61328125 0.38525390625 0.5885416662499999 0.37841796875 0.5703125 0.36962890625 0.556640625 0.32666015625 0.5234375 0.302734375 0.5149739587500001 0.27490234375 0.5110677087500001 0.18408203125 0.5305989587500001 0.1572265625 0.5403645837500001 0.12548828125 0.5559895837500001
0 0.41455078125 0.580078125 0.4091796875 0.607421875 0.4111328125 0.6640625 0.41064453125 0.755859375 0.41259765625 0.779296875 0.42236328125 0.81380208375 0.42822265625 0.81966145875 0.44140625 0.822265625 0.46337890625 0.82161458375 0.4853515625 0.81640625 0.5029296875 0.80338541625 0.50927734375 0.794921875 0.51953125 0.76822916625 0.53369140625 0.68033854125 0.544921875 0.6243489587500001 0.544921875 0.609375 0.54150390625 0.5950520837500001 0.533203125 0.5794270837500001 0.5224609375 0.5651041662499999 0.51123046875 0.5553385412499999 0.5 0.5494791662499999 0.4638671875 0.5455729162499999 0.4404296875 0.5514322912499999 0.42236328125 0.564453125 0.41455078125 0.580078125
13 0.78536550875 0.7887677449999999 0.2986929525 0.23848386375 0.2939965025 0.2402516825 0.2890592125 0.24732296 0.28810530125 0.25501448 0.772131955 0.8083381175 0.7821465550000001 0.8002235837499999 0.78536550875 0.7887677449999999
13 0.82079864875 1 0.6914350275 0.71592276125 0.6506861175 0.66919053375 0.7922634675000001 0.9994599024999999 0.7989929325 1 0.82079864875 1
13 0.9298534637500001 0.57891058375 0.9333297349999999 0.56499253375 0.47571680625 0.4973693 0.40536351875 0.5056234575 0.9302396825 0.5933441075 0.9298534637500001 0.57891058375
13 0.8090627600000001 0.371631375 0.8097601874999999 0.35828565124999995 0.805121255 0.349713565 0.2382066875 0.5021899612499999 0.23731162749999998 0.5115870175 0.24124275874999998 0.518685025 0.8090627600000001 0.371631375
13 0.9120608725 0.40184635125 0.9075848974999999 0.3898102125 0.45893261875 0.462208665 0.33992996374999995 0.49354014874999996 0.9092404512500001 0.41211187250000003 0.9120608725 0.40184635125
13 0.9330283862500001 0.44151044375 0.9351040949999999 0.42655151625000004 0.93136784625 0.4154708325 0.33766507124999995 0.4944823575 0.3172409975 0.499751685 0.36222027625000003 0.50946207125 0.9330283862500001 0.44151044375
13 0.38337555625 0.5090957075 0.3999176775 0.51780637125 0.9765046 0.6436855925 0.9804836675 0.6330649300000001 0.9803396675 0.61642236 0.97016013125 0.613927345 0.40308319375 0.50649449125 0.38337555625 0.5090957075
13 0.86827218375 0.6244186975 0.5851410275 0.56109675375 0.60777003875 0.59015707625 0.86693613 0.65454550875 0.86827218375 0.6244186975
13 1 0.7954226124999999 0.6583180849999999 0.64353055625 0.6861362175 0.6782115537500001 1 0.82687274 1 0.7954226124999999
13 0.9348561187500001 0.7288659775 0.6261437999999999 0.60664105625 0.6521697075 0.6405958825 0.93123192 0.751840325 0.9348561187500001 0.7288659775
13 1 0.46210664625 0.99821636625 0.4613224 0.746275225 0.46348592375000003 0.6016412600000001 0.48109757125 1 0.48750676 1 0.46210664625
13 1 0.49810840749999996 0.61009017375 0.47984496625 0.5205100325 0.49102831625 0.52272967875 0.49500243374999997 1 0.52741079375 1 0.49810840749999996
13 0.93770700625 0.728291425 0.9756411837500001 0.7181663075 0.9885920137499999 0.71702218375 0.70034823875 0.61142072 0.60970635375 0.59003755125 0.6206302674999999 0.60348040375 0.93770700625 0.728291425
