17 0.43848303 0.21269316375 0.54411357 0.23689351125000002 0.820239575 0.31159424 0.85568408625 0.31490961 0.87595972375 0.3090456175 0.9326257212500001 0.22676305500000002 0.9493834575 0.18509338125 0.892285845 0.14104247 0.78622663 0.09758551750000001 0.6651214412500001 0.065747785 0.44398641625 0.026310306250000002 0.222041505 0.013158015 0.15917342125 0.0255367675 0.13593145625 0.03565026375 0.12672669625 0.049940755 0.1344340325 0.0753290175 0.1325393925 0.1277200325 0.17569123749999999 0.15642366875 0.2739516775 0.18566263875 0.43848303 0.21269316375
17 0.8928817600000001 0.42722154625000003 0.9068875062499999 0.39942968 0.89642818125 0.3879192225 0.8531848974999999 0.37038586875 0.7151676125 0.32745036499999997 0.40873531999999996 0.26635977375 0.25558062375 0.24621377249999998 0.13132622875 0.24096610375000002 0.07294552875 0.2462222525 0.06160033375 0.27130659375 0.06111168 0.29518913375 0.07392577875 0.3055340425 0.129768825 0.323784005 0.20763072875 0.3380883825 0.53186098625 0.37368194625 0.83336939375 0.42747532875 0.8928817600000001 0.42722154625000003
17 0.8228279449999999 0.567579345 0.83726236625 0.5590440799999999 0.84236913125 0.54400072625 0.82441680875 0.51673030875 0.787411955 0.48915596625 0.62284914375 0.4301565775 0.50932839125 0.40290852625 0.41742928125 0.3844271525 0.14329229375 0.35324199874999995 0.08931536625 0.35770902875 0.0467150925 0.3690605825 0.04050812125 0.41107043249999997 0.04873557125 0.44454501999999996 0.19081938999999998 0.4562645225 0.32687911625 0.48765331625 0.54180951375 0.5175502725 0.7454861549999999 0.56136128875 0.8228279449999999 0.567579345
17 0.82896907125 0.60086573 0.8085705350000001 0.58593113875 0.6948354462499999 0.549054785 0.59740089625 0.52636016 0.23084468375 0.46860730875 0.13793680375 0.46592215125 0.09062698375 0.47960479749999996 0.08432857249999999 0.5327849287499999 0.0927389 0.543918955 0.203384765 0.56424623 0.71376801625 0.635636995 0.8101623375 0.64215897375 0.83371007875 0.63050349875 0.8358505162500001 0.61970964875 0.82896907125 0.60086573
17 0.66306652125 1 0.70631529625 0.97307650625 0.791055705 0.89914793375 0.8268659725 0.8577821824999999 0.793836215 0.81016212125 0.75438514875 0.7949236075 0.7367700625000001 0.79808007375 0.6583595237500001 0.8507973775000001 0.6056686225 0.91303422125 0.53502539875 0.948000645 0.52172264375 0.9615382750000001 0.56482750375 1 0.66306652125 1
17 0.7303458137500001 0.72338475125 0.60817187625 0.75048237875 0.5775598125 0.76563449625 0.56862937 0.7464141474999999 0.5396376275 0.7426860925 0.54624475625 0.79504085125 0.52609201625 0.82170342625 0.5569498775 0.84814847375 0.57805140625 0.8488288262499999 0.7249961912499999 0.8039078125 0.79768841375 0.7693178175 0.802183625 0.7573584212500001 0.77481220625 0.7347501925000001 0.7303458137500001 0.72338475125
17 0.60725748625 0.862185185 0.58502429 0.8565024662499999 0.5653602062499999 0.8592824987500001 0.5648400925 0.85119617625 0.55224033 0.85047957 0.37358327125 0.9375191975 0.23504881375 0.9935742399999999 0.2487802425 0.999293215 0.283093085 0.99760622 0.34391999875 0.98001424375 0.40373814 0.97821848375 0.50471911125 0.96161078375 0.58826787375 0.9258189887499999 0.618145485 0.89295224625 0.60725748625 0.862185185
17 0.260194975 1 0.29190062875 0.9960279875000001 0.35046420625 0.9684312762499999 0.38804915125 0.9609527987500001 0.4836775625 0.9177912874999999 0.52493182875 0.89180906625 0.55737855375 0.8674050775000001 0.5637084237500001 0.84619381 0.51942491 0.8124878099999999 0.4978032675 0.80372113125 0.47281808249999996 0.81191622 0.37413190625 0.8704975149999999 0.283181585 0.8793590675 0.27287661875 0.92061605625 0.23149945249999998 0.92579969625 0.21932836625 0.9443396912500001 0.19516907249999998 0.9590791224999999 0.20954351375000002 0.9936830037500001 0.24392832125000002 1 0.260194975 1
17 0.41700548499999995 0.6530342837499999 0.38923684999999997 0.6431383137500001 0.33198781875 0.6533968274999999 0.1924131325 0.6932792225 0.09861938375 0.7271888624999999 0.09024051375000001 0.74802370125 0.11424839 0.7875936937500001 0.1268481525 0.7883103 0.16125243375 0.7754530225 0.417802855 0.7346866350000001 0.4580483525 0.72450063 0.4622377875 0.7140832125 0.45853700875000003 0.7006180925 0.41700548499999995 0.6530342837499999
17 0.55042367125 0.79261227125 0.5242439 0.7318672650000001 0.480909175 0.7255041925000001 0.42549480500000003 0.726510835 0.26992535375 0.7506695225 0.21790598374999998 0.7666832650000001 0.15102351875 0.7719756662499999 0.14980041249999998 0.7781435812499999 0.18910006124999998 0.84769151875 0.20108826875 0.85149208375 0.22371868125 0.844462545 0.4405437175 0.821968485 0.4843670975 0.80444901875 0.53794680875 0.81269424625 0.54706012875 0.80957403375 0.55042367125 0.79261227125
17 0.27758616625 0.9182849625 0.28636225125 0.8847378662500001 0.37413190625 0.8704975149999999 0.40975929499999997 0.851472325 0.4112881775 0.8437624325 0.40492684875 0.8330048375 0.38504842625 0.82615656875 0.36856500750000004 0.8343154025 0.33486371875000004 0.8329184412499999 0.3204292975 0.84145370375 0.25363827 0.8355758249999999 0.22045709500000002 0.84226518875 0.19033368500000003 0.83353476625 0.18030303625 0.8412809124999999 0.12611177125 0.8361196425 0.11436935999999999 0.8739162412500001 0.1187131525 0.91626626875 0.16082477 0.9287972575000001 0.263151745 0.926820225 0.27758616625 0.9182849625