17 0.5473690824999999 0.22083992125000002 0.59628850875 0.18127726500000002 0.6208457137500001 0.14308965499999998 0.62552974875 0.09478251625 0.6190301475 0.06784929875000001 0.5750053375 0.019347245 0.5087275274999999 0.01507340875 0.30460526125000004 0.009025341249999999 0.24498528 0.04225650375 0.22709926 0.074982275 0.2269042775 0.11179484 0.26203677375 0.16708851125 0.33705599375 0.2161161925 0.40779674374999997 0.2368808775 0.4786310825 0.23997553 0.5473690824999999 0.22083992125000002
17 1 0.046752465 0.69673845375 0.02719704375 0.66784038375 0.048901678750000004 0.65222228875 0.071462655 0.6429166125000001 0.15629691125 0.6516061449999999 0.18779036125 0.68017664625 0.22793083625000002 0.7088329387500001 0.25187378125 0.74858707625 0.27064033625 0.8016445874999999 0.285845725 0.84147671625 0.2898872525 0.96335802 0.26975950125000003 1 0.2518602975 1 0.046752465
17 1 0.29364312125 0.9632722275000001 0.28595702875 0.9101523225 0.2825316625 0.828142145 0.29933842875 0.78373517 0.3229890025 0.768140475 0.34113247125 0.7547045112499999 0.36972618249999994 0.7523040000000001 0.40492352125 0.7587256075000001 0.446581765 0.77842719125 0.48909635 0.837976505 0.53270745875 0.8932161475 0.55394558 0.94852598625 0.56193117875 0.9839704525 0.558324745 1 0.55251594375 1 0.29364312125
17 1 0.550494915 0.95960823125 0.55969979125 0.8976428062499999 0.5542310275 0.8468142249999999 0.5362233574999999 0.79826916375 0.5051058887500001 0.7738133500000001 0.524150965 0.7581718574999999 0.5511294487499999 0.7535346175 0.5906015725 0.76223975 0.61915001625 0.7973878449999999 0.67149868375 0.84586271125 0.71586867625 0.9099088762499999 0.7465127075 1 0.7548738625 1 0.550494915
17 0.39422039374999995 0.291979635 0.43153502250000003 0.35330604125 0.43122305125 0.412206145 0.41335263125 0.44198691125000006 0.37774437874999994 0.4765158975 0.439896985 0.4466446 0.49972707125 0.43724561375 0.54621478875 0.4387703075 0.6258088537500001 0.46010588625 0.72067784625 0.52367060375 0.7584058362499999 0.50695437125 0.776198265 0.49189863250000004 0.7544237375 0.42273627625000004 0.76372161375 0.3393745225 0.7197046025 0.28939996625 0.66893061625 0.2610847775 0.59375540875 0.24150714874999998 0.49187206375000003 0.24819438500000002 0.43420850875 0.26657111125 0.39422039374999995 0.291979635
17 0.36440200875 0.4874395775 0.33094469 0.53389130875 0.31063476125 0.60623192625 0.33028175 0.6590540300000001 0.35669351749999995 0.68874426375 0.4406362475 0.7250903150000001 0.48265051124999997 0.7351645775 0.52913822875 0.7366892712499999 0.63771615625 0.7201226875000001 0.7131877350000001 0.68374521625 0.7488427837499999 0.64038121375 0.75352681875 0.592074075 0.72725544 0.535878795 0.6523142125 0.47212608875 0.5727747412499999 0.44048299 0.4930948825 0.43534494125 0.42882253875000004 0.44740348375000005 0.36440200875 0.4874395775
17 1 0.7519219812500001 0.92541778 0.7445667675 0.8701703375 0.72480114875 0.81943534625 0.6891234475 0.7578676862499999 0.60855705 0.7265535049999999 0.6684040299999999 0.6665518337499999 0.7101980725 0.71944555875 0.7563260150000001 0.7791586574999999 0.76901456875 0.8255371837500001 0.7911543000000001 0.8786648875 0.79310716375 0.9606516675000001 0.780717905 1 0.768010855 1 0.7519219812500001
17 0.8351899912499999 1 0.88229601875 0.9435878775000001 0.89574758 0.91204916125 0.88939616625 0.8571383937500001 0.8586435337499999 0.81096518625 0.7747397975 0.76725661875 0.7282988775 0.7568969099999999 0.67517897125 0.7534715425 0.6109456225000001 0.75816757375 0.56440331125 0.7669503975 0.48894733 0.80038286375 0.45328448250000003 0.8452193699999999 0.4508137775 0.89366923125 0.49689593000000004 0.97176406125 0.53163440125 1 0.8351899912499999 1
17 0.053278951250000005 0.286749915 0.0263524325 0.35424485375000003 0.021738591249999998 0.38929946875 0.02604826 0.41167245625 0.05238203375 0.456087715 0.08767051375 0.481931335 0.17167564124999998 0.506497365 0.231427735 0.51182340625 0.32007010125 0.496917315 0.38664936625 0.46733146374999995 0.43341005625 0.417318565 0.4359509575 0.35561617875 0.414012645 0.31737637750000003 0.3567234575 0.26507297625 0.272788525 0.2272544225 0.18427874625000001 0.21712796999999998 0.12664639 0.22961468375 0.053278951250000005 0.286749915
17 0.225601865 0.0964284225 0.23242903625 0.06151653125 0.2524815875 0.03776849875 0.24587279750000002 0.0314503175 0.20825399749999998 0.02755151375 0.17280173000000001 0.03263045 0.104016935 0.060601075 0.06843207999999999 0.09071255375 0.02609024875 0.1424834 0.021453008750000002 0.181955525 0.0344834075 0.22993195 0.0719306225 0.26622581125 0.1319088975 0.22884927624999998 0.19394451499999998 0.2210655175 0.25149107875 0.22477633125000002 0.2824464925 0.2326644725 0.33545720875 0.25670487625 0.39281659124999996 0.29575575125 0.443941545 0.2578083225 0.43296069125000003 0.24089717624999998 0.38210090999999996 0.2287795175 0.32466353750000004 0.20445366624999997 0.25847423625 0.16041438625 0.23867906000000003 0.13556983125 0.225601865 0.0964284225
17 0.32811521749999994 0.6500762899999999 0.30853842125 0.58400166375 0.253212985 0.57896107 0.202259615 0.5845134425 0.16677614999999998 0.59548238875 0.11564339374999999 0.63490232 0.08877147 0.69208974125 0.08619937374999999 0.75968213875 0.10152889375000002 0.79160375875 0.12356079749999999 0.81217352875 0.1834142825 0.79835703625 0.24761643374999998 0.799551015 0.3117327925 0.8169425237500001 0.36913896874999996 0.8471583850000001 0.3956833225 0.8518160725 0.45559140374999996 0.8276920612499999 0.48893173124999995 0.80332786875 0.51343434125 0.7754477762499999 0.5158192549999999 0.7431954425 0.5048072025 0.732174305 0.43623298749999995 0.72038736125 0.363333505 0.68917243375 0.32811521749999994 0.6500762899999999
17 0.46574918 1 0.46593271625 0.9653484225 0.446215535 0.92577884125 0.4241680325 0.9081540775000001 0.39119427 0.86331064625 0.32721049999999996 0.8208865937500001 0.26311753875 0.79907757875 0.18786434 0.7942249750000001 0.1324453125 0.8068544125 0.0768781 0.8474614012499999 0.054495228750000006 0.8931542475 0.06286499 0.98502030375 0.29516713 1 0.46574918 1
17 0.10311994875 0.49121322749999996 0.025419442499999997 0.5303929775 0.01620170375 0.5468075025 0.01774963375 0.5990501575 0.15344157875 0.604933565 0.1822928525 0.59206394625 0.2354751525 0.5837092925 0.31294168125 0.58870462 0.32867676625000003 0.54405610375 0.269096255 0.50633500625 0.16283304625 0.50390178 0.10311994875 0.49121322749999996
17 0.0538807525 0.59114848875 0.0176050375 0.59417000125 0.025897287499999998 0.87403346375 0.0545654225 0.87990172375 0.08132815624999999 0.8433293399999999 0.12133187 0.81497581 0.0862071725 0.75820963625 0.0887870675 0.68914473625 0.10225422875 0.654661015 0.15125164625 0.60037333375 0.0538807525 0.59114848875
17 0.852340655 0.79914295875 0.8500649325 0.8107802562499999 0.8764610999999999 0.843415495 0.891736025 0.88564463375 0.8870675875 0.93100676625 0.85136574375 0.983205785 0.8535400774999999 0.99071102125 0.8690333825000001 0.99171008625 0.9200101525 0.9817402075 0.9377869825 0.9696294725 0.9890211275 0.911067005 0.98920051125 0.87719944625 0.97617791125 0.8277505175000001 0.93874629375 0.7885116525 0.9166208 0.7856119125 0.86564403 0.7955817937499999 0.852340655 0.79914295875
17 1 0.9093265574999999 0.99764652375 0.90241692 0.9508780337499999 0.95390231875 0.89981547125 0.98006972875 0.84664877125 0.9854793775 0.8277876562500001 1 0.9849595125 1 0.99724876 0.9775145525000001 1 0.96258112 1 0.9093265574999999