1 0.19026548625 0.32743362875000004 0.19616519125 0.33407079625 0.840707965 0.4535398225 0.85988200625 0.44690265500000004 0.8657817112499999 0.376106195 0.91297935125 0.161504425 0.9100294987499999 0.13938053125 0.28908554625 0.022123893749999998 0.27581121 0.03761062 0.19469026499999997 0.29203539875 0.19026548625 0.32743362875000004
1 0.19026548625 0.32325448625 0.19616519125 0.29891820375 0.2153392325 0.2657323625 0.2610619475 0.11971466375 0.25368731624999996 0.10201554874999999 0.20058997 0.10201554874999999 0.19469026499999997 0.113077495 0.19026548625 0.19272351375 0.19026548625 0.32325448625
1 0.18584070749999998 0.42477876125 0.19469026499999997 0.43584070750000004 0.57522123875 0.45796460125000005 0.7669616525 0.46238937999999996 0.79498525125 0.4557522125 0.75221239 0.43141592875 0.6843657812499999 0.42920354000000005 0.387905605 0.36283185875 0.19616519125 0.3296460175 0.18731563375000002 0.340707965 0.18436578125 0.36725663750000004 0.18584070749999998 0.42477876125
1 0.18584070749999998 0.40707964625000004 0.19321533875 0.18362831875000002 0.14749262500000002 0.18141592875 0.14896755125 0.22787610625 0.18141592875 0.40486725625 0.18584070749999998 0.40707964625000004
1 0.1445427725 0.45132743374999995 0.19174041249999998 0.52212389375 0.19174041249999998 0.47787610625 0.15781710875 0.35840708 0.14601769875 0.3296460175 0.12241887875 0.32522123875 0.08702064875 0.34513274375 0.123893805 0.4026548675 0.1445427725 0.45132743374999995
1 0.19026548625 0.48672566375000004 0.1799410025 0.373893805 0.15486725625 0.24778761 0.14306784625000002 0.2389380525 0.12241887875 0.2411504425 0.11946902625 0.25663716875 0.19026548625 0.48672566375000004
1 0.17699114999999999 0.57079646 0.23746312625000002 0.659292035 0.25663716875 0.67256637125 0.258112095 0.6526548674999999 0.230088495 0.5973451325 0.17699114999999999 0.51548672625 0.13421828875 0.43141592875 0.1150442475 0.41592920375 0.07079646 0.43362831874999996 0.06784660749999999 0.444690265 0.17699114999999999 0.57079646
1 0.2964601775 0.7190265487499999 0.269911505 0.6991150437500001 0.13126843624999998 0.52433628375 0.1179941 0.517699115 0.08259587 0.5442477875 0.31120944 0.74778761 0.2964601775 0.7190265487499999
1 0.40412979374999997 0.8451327437499999 0.399705015 0.82743362875 0.3820059 0.80752212375 0.31563421875 0.7588495575 0.28318584125 0.7190265487499999 0.20501474875 0.6504424775 0.14749262500000002 0.60398230125 0.1386430675 0.60398230125 0.10619469000000001 0.63053097375 0.1032448375 0.64601769875 0.40412979374999997 0.8451327437499999
1 0.4675516225 0.88716814125 0.36873156375 0.8252212387500001 0.19469026499999997 0.7035398225 0.17699114999999999 0.7057522125 0.1563421825 0.7323008849999999 0.1563421825 0.7433628312499999 0.458702065 0.909292035 0.57079646 0.96681415875 0.5870206487499999 0.96681415875 0.83923303875 0.64823008875 0.899705015 0.58407079625 0.9144542775 0.5619469025 0.9100294987499999 0.55088495625 0.7610619475 0.661504425 0.49262536875 0.8915929199999999 0.4675516225 0.88716814125
1 0.40560472 0.8318584075 0.40412979374999997 0.840707965 0.47492625375 0.8938053100000001 0.48672566375000004 0.8915929199999999 0.8672566374999999 0.57522123875 0.8923303837500001 0.5464601775 0.88643067875 0.54203539875 0.69616519125 0.6637168137499999 0.44837758125 0.8030973450000001 0.40560472 0.8318584075
1 0.2610619475 0.6637168137499999 0.25958702125 0.6747787612499999 0.3141592925 0.75 0.3377581125 0.75 0.74041297875 0.59513274375 0.8893805312499999 0.5287610625 0.8849557525 0.519911505 0.87020649 0.517699115 0.5870206487499999 0.59292035375 0.29351032499999996 0.6526548674999999 0.2610619475 0.6637168137499999
1 0.22731140375 0.580164425 0.222886625 0.59122637125 0.2553350025 0.6598104425 0.293683085 0.66423522125 0.5193468025 0.6045007075000001 0.6402907550000001 0.58458920375 0.82760639 0.53149185875 0.8866034399999999 0.52264230125 0.88217866125 0.5137927437500001 0.845305505 0.5137927437500001 0.44117571125 0.56246531 0.2435355925 0.577952035 0.22731140375 0.580164425
1 0.22271386375 0.56858407125 0.25958702125 0.57079646 0.3731563425 0.555309735 0.435103245 0.53761062 0.8805309737499999 0.50663716875 0.8716814162500001 0.5 0.66076696125 0.49778761000000005 0.22271386375 0.51548672625 0.206489675 0.52433628375 0.22271386375 0.56858407125
1 0.8672566374999999 0.48451327375 0.8613569325 0.46902654875000005 0.19174041249999998 0.43584070750000004 0.19026548625 0.47345132749999996 0.20353982250000002 0.5110619475 0.8672566374999999 0.48451327375