17 0.35788639125000005 0.73776532625 0.312042805 0.75546139375 0.30829412 0.7801460962500001 0.25697541375 0.81717883125 0.2034534025 0.8352872575000001 0.12637334 0.87479161875 0.08545914249999999 0.9101774437500001 0.16964894625 0.9241547137499999 0.19120769875000002 0.9159239549999999 0.20881375875 0.90028841625 0.2933223325 0.86201734375 0.311178305 0.84473615875 0.36545005375 0.82169079125 0.43164873625 0.77025706875 0.44580192875 0.74392545625 0.42703811625 0.70031897 0.39284859875 0.7081398962500001 0.35788639125000005 0.73776532625
17 1 0.19719456999999999 0.9260286037500001 0.22454733999999998 0.85042506375 0.2710453825 0.81771206625 0.28585999125 0.7812962899999999 0.29162417375 0.7545123312500001 0.3175459525 0.7108950025 0.33729876375 0.7249793375 0.361569845 0.747264875 0.36526971125 0.7787283087500001 0.35868333625 0.815916775 0.33111465 0.851582815 0.33028740749999996 0.87586765 0.32082209874999995 0.88852136875 0.3043643675 0.966101255 0.261568715 1 0.25194832500000003 1 0.19719456999999999
17 0.69414600125 0.42916974875 0.720748905 0.35429092375000004 0.6992360575 0.3287865525 0.6804033887500001 0.33578276 0.63296851875 0.43082296875 0.588078675 0.47567158 0.53478362375 0.5090019250000001 0.45252426 0.53246217375 0.35122822 0.53082914875 0.34032388750000003 0.5357673525 0.3440266675 0.54481778 0.39552642875 0.55674209125 0.49187012750000003 0.557552925 0.53844049875 0.55178748 0.5842840862500001 0.5340914112499999 0.66683926625 0.475250385 0.69414600125 0.42916974875
17 0.5778910675 0.32551212 0.5866150462499999 0.28478204375 0.65585858125 0.17986543000000002 0.66408273625 0.14242664875 0.6514749224999999 0.12514924875 0.611129405 0.10664108625 0.58700267375 0.18193100874999998 0.54381631125 0.24899522000000002 0.5367499099999999 0.3456760275 0.5778910675 0.32551212
17 0.64362022125 0.5964155987499999 0.65234419875 0.55568552375 0.6798778950000001 0.52482680375 0.6264017875 0.5092001012499999 0.58078516 0.54211808625 0.56304138625 0.658959015 0.55917793875 0.7679815425 0.5690367175 0.803361055 0.5957518187499999 0.8280419725 0.625442915 0.84984269125 0.63534759875 0.8514870775 0.63709698375 0.8399675474999999 0.6481849350000001 0.70008882625 0.64362022125 0.5964155987499999
17 0.31186115125 0 0.30957181125 0.00444692 0.29750716374999997 0.13404066374999998 0.2019820575 0.07769019625000001 0.15568455125 0.06494242875 0.1450301325 0.068234985 0.14575691624999998 0.08016560874999999 0.16579324125 0.098676295 0.24473488875000002 0.14721215 0.266247735 0.17271652125 0.28975988125 0.18505571625000003 0.31627097375 0.17764715125 0.36113786500000006 0.149666105 0.36613611125 0.1167531675 0.36329783 0.01842797625 0.351622865 0 0.31186115125 0
17 0.47608731249999997 0.1432710875 0.41670511875000005 0.09966964875 0.38796776875 0.10502147375 0.38424203625 0.11283861125 0.39832637 0.13710969374999998 0.3500066125 0.15439466625 0.31034197625 0.1815522575 0.25975005500000004 0.23051561499999998 0.2527754625 0.2597261625 0.31343016875 0.27823180125 0.31815555125 0.26383207625 0.330536405 0.26588755625 0.35627480875000006 0.28028349625 0.35511705624999995 0.22104147000000002 0.42826738 0.15726476625 0.47608731249999997 0.1432710875
17 0.8792465749999999 0.5493186075 0.83297202125 0.5197032737499999 0.7834486062499999 0.51148135125 0.73319840625 0.49132880375 0.6611395437500001 0.4810526625 0.6296531562500001 0.50450660125 0.633355935 0.51355702875 0.6742012775 0.52877389625 0.6920113449999999 0.54522784125 0.79030843625 0.56660862875 0.82990421625 0.5900537312499999 0.85714209375 0.5945757887500001 0.90173612 0.58510795625 0.90521193875 0.5789364650000001 0.8792465749999999 0.5493186075
17 0.36338446875 0.51935024125 0.36068133750000003 0.5037172275 0.32106260625 0.49713968875 0.3047520125 0.4708118625 0.147276735 0.43791912125000004 0.0283975875 0.43505407124999995 0.026515430000000003 0.44744788375 0.028488976250000003 0.4807514825 0.05211374125 0.47948275 0.17344610625 0.49962646 0.2675176425 0.53211568 0.32344696624999997 0.565021045 0.3615891775 0.5646049 0.36506499750000004 0.5584334075 0.33982641874999997 0.540746175 0.36338446875 0.51935024125
17 0.48261858500000004 0.97122134625 0.49304604500000004 0.95270687125 0.4747820575 0.9058090912500001 0.39543239625 0.7930942725 0.34386377875 0.8317726537500001 0.34186448124999996 0.8449378287499999 0.37543941125 0.9247460200000001 0.40808355125 0.9605341075 0.48261858500000004 0.97122134625
17 0.14310027 0.17195456499999998 0.14509361375 0.223836925 0.1717353275 0.2620027575 0.24557842624999998 0.29582012750000003 0.3038983525 0.3111262475 0.30680124625 0.3012979025 0.31123138 0.28141282749999996 0.27396273125 0.266789765 0.20064948999999999 0.24805714250000002 0.15253998125 0.21195099625000002 0.17143356875 0.18040767875 0.19898483375 0.15686280625000001 0.15977242 0.15503921874999999 0.14310027 0.17195456499999998
17 0.34013982249999997 0.6964054425 0.35033748875 0.68497629 0.33441054625 0.6598369150000001 0.33607662875000005 0.6488659375 0.33625372249999996 0.61983907875 0.33557227375 0.6150394525 0.31479867625 0.6125278975 0.24505702625 0.59813743 0.24311326375 0.61093690375 0.255897885 0.6196205100000001 0.26163991375 0.64681817 0.264643395 0.664188185 0.28797844375 0.7055542375 0.28781410125 0.725210225 0.30417031625 0.738235985 0.31308016625 0.7631476700000001 0.3305726025 0.750117705 0.36871254875 0.73114267 0.35788443625 0.70028871875 0.34013982249999997 0.6964054425
17 0.53867831875 0.50177521625 0.59843765375 0.4704553775 0.5798727487499999 0.46268672125000004 0.5293902025 0.45149366625 0.48372881 0.43641452999999997 0.44728045 0.42567684624999996 0.40973412125 0.41288227874999994 0.393414995 0.39402442 0.386095885 0.3920864625 0.36773215375 0.4387145275 0.37045795125 0.45791303749999995 0.40978370249999996 0.4775641175 0.50813633125 0.49857920375 0.53867831875 0.50177521625
17 0.7474459975000001 0.79700404125 0.73037008 0.80729126375 0.69292433625 0.821695055 0.68684087125 0.8431802399999999 0.7575416525 0.8605418400000001 0.84793081 0.8689872425 0.8684267237500001 0.87332729 0.9293718649999999 0.8806335625 0.9640408050000001 0.8845147362500001 0.9743518062500001 0.89091307125 0.97976657375 0.85525738875 0.93092460875 0.85183509375 0.91208202375 0.845894935 0.8785238037499999 0.83469977625 0.8573464375000001 0.82556009875 0.78539609625 0.8164267325 0.7499068674999999 0.80866018 0.7474459975000001 0.79700404125
17 0.65337868125 0.23869098875 0.62204048375 0.31503317375 0.6116657237500001 0.35548918375 0.6665528987499999 0.36553890250000004 0.675930275 0.35022436749999997 0.68985112 0.3328522475 0.69760067 0.30039608375 0.7200785999999999 0.26382404875 0.73634698 0.24028058000000002 0.7388716049999999 0.2050823725 0.7441347825 0.17971180875 0.73218319875 0.16554271375 0.71210380375 0.15845991874999998 0.67778762875 0.19869034875 0.65337868125 0.23869098875
17 0.49315890500000004 0.2983226275 0.478531105 0.32963685624999994 0.516632795 0.33877443125 0.51465220375 0.27752120125 0.49757628750000005 0.2878084225 0.471616025 0.2544422175 0.41608565249999996 0.21148026125000002 0.392295825 0.20096956124999998 0.37137063625000005 0.20874312750000001 0.36323007250000006 0.22520029875 0.41657725624999997 0.25467761625 0.49315890500000004 0.2983226275
17 0.6591518424999999 0.7486026124999999 0.64329998375 0.7694033387499999 0.63799855375 0.82288651125 0.63684958 0.858313105 0.66999127875 0.8722510075 0.6847451649999999 0.8493933975 0.70670599 0.78836575 0.71973146375 0.7211681525 0.70379177125 0.7053996475 0.6471251775 0.6884934187499999 0.6612471974999999 0.72551802 0.65132721 0.7351186774999999 0.6591518424999999 0.7486026124999999
17 0.3200661075 0.2603846675 0.31784466375000003 0.27501264 0.31245539875 0.29192658375 0.30306527375000003 0.31661198625000003 0.31114208125000004 0.34700916374999996 0.3095893375 0.37580763375 0.373121435 0.4032266675 0.3758982375 0.38494170250000004 0.35980695249999994 0.379458315 0.35877274 0.33054708625 0.36859214 0.2937480675 0.36158779750000003 0.28414951125000004 0.3422026025 0.27249547625000003 0.3200661075 0.2603846675
17 0.2395459125 0.29839600125 0.20076277125 0.2844588 0.15742340999999999 0.2819500525 0.1310338725 0.26069746125000004 0.11068954874999999 0.24607229375 0.06636555125 0.25933415249999997 0.10292725125 0.28789932625 0.14279561 0.31326428125 0.200004815 0.3358843875 0.2991777325 0.360784855 0.30952698875 0.3390705825 0.3028258325 0.3089017925 0.2395459125 0.29839600125
17 0.46222137125 0.58562352375 0.54715893375 0.5556719 0.48440887125000004 0.560250855 0.40887418750000004 0.55614620375 0.32410096875 0.56644184 0.207435615 0.5545713400000001 0.17454609375 0.5575466775 0.18897129625 0.5740010437499999 0.2556712125 0.59913410375 0.325551705 0.612610325 0.3854116225 0.60848884625 0.46222137125 0.58562352375
17 0.35894981625 0.320094145 0.413836995 0.330143865 0.44464391124999997 0.34088224875 0.49031805624999997 0.346590515 0.50986759375 0.33858856375 0.45058853499999996 0.32031131125 0.39900802125 0.307061375 0.36736806375000003 0.30180848125 0.36860487249999996 0.30295111375 0.36722922375000006 0.30272272875 0.36613125375000005 0.30066584375 0.35894981625 0.320094145
17 0.97786607 0.43128288249999996 0.93398409875 0.42306026 0.9182965812499999 0.42420499874999995 0.90605456875 0.4212352675 0.8671198375 0.417583185 0.8279201775 0.4063887275 0.7990187675 0.410963475 0.7881269000000001 0.42696387 0.774206055 0.44433599 0.879172005 0.45895063875 0.9595278412499999 0.45916920875 0.97786607 0.43128288249999996
17 0.72166390125 0.6155742325 0.6638610825000001 0.6247237274999999 0.64706284625 0.6331824524999999 0.7072882799999999 0.66380170375 0.771085305 0.69876310875 0.836435075 0.704926045 0.8064867025 0.66996043375 0.7640186325 0.63385358625 0.72166390125 0.6155742325
17 0.651901445 0.6367976550000001 0.6496545 0.67016736625 0.65004551875 0.68616636125 0.7196355762500001 0.7108419475 0.71820892 0.7480970375 0.73673557125 0.7839783025 0.76655785625 0.81048729375 0.80906417875 0.81848153125 0.8671191775 0.82624527875 0.83001486875 0.79196622875 0.80969604875 0.7585993225 0.78069405125 0.7359757100000001 0.73493207375 0.693698215 0.7118491987500001 0.6692454050000001 0.6794017 0.6507362600000001 0.65451390625 0.63816867875 0.651901445 0.6367976550000001
17 0.4689706475 0.7657680837499999 0.458508055 0.769654865 0.45218516375 0.76485593875 0.4624706625 0.78999601375 0.449370105 0.8112535125 0.47356370249999996 0.8283923362500001 0.4817665975 0.867246135 0.50607353125 0.90221244875 0.525572065 0.9316939737500001 0.5482384175 0.9588895275 0.551519575 0.9744310475 0.55360742375 0.97802897 0.62147444875 0.97501265875 0.6160618075 0.96733773625 0.591199515 0.936028415 0.57403576125 0.90974640625 0.55959780875 0.90266291125 0.54986767 0.87386584375 0.52749174875 0.8354709225000001 0.502629455 0.80416160125 0.4689706475 0.7657680837499999
17 0.42035811875 0.6105415 0.41239464750000004 0.597971815 0.37742252375 0.61466087625 0.41424915 0.65076842375 0.4397801425 0.6962482425000001 0.48113749 0.73966907375 0.5083600650000001 0.7554361762499999 0.5564199962499999 0.7268604825 0.48370036874999994 0.67635825875 0.42035811875 0.6105415
17 0.5960476299999999 0.82810666125 0.515225695 0.76594899875 0.46012459375 0.71087343 0.43355796375 0.7186476974999999 0.4710532875 0.7689257399999999 0.510075855 0.80914705375 0.60576501625 0.8662745975 0.678636235 0.9064917025 0.7465602112499999 0.9421382699999999 0.8182328725000001 0.9531001312499999 0.86751686375 0.9350379437499999 0.8965826149999999 0.91080721125 0.8973150699999999 0.87812336125 0.8198621262499999 0.8680764474999999 0.84443398875 0.91058513375 0.83008387 0.9400708675 0.76694279125 0.9286508287499999 0.69172404125 0.8946050737500001 0.5960476299999999 0.82810666125
17 1 0.64413084375 0.98169202875 0.6568697450000001 0.9350205012499999 0.676302955 0.8846385425 0.6923082599999999 0.85187510875 0.7037402199999999 0.82048732875 0.71540056625 0.8770278349999999 0.723850175 0.92506226125 0.7140162212500001 1 0.69774607 1 0.64413084375
17 0.950714645 0.75108050625 0.9032483299999999 0.74788659625 0.8659541774999999 0.7520052724999999 0.81929540125 0.76206761375 0.8331524912499999 0.7915498412499999 0.85242435 0.7853763874999999 0.90555760875 0.7698278537500001 0.97215694125 0.76776255625 0.9918453175 0.7588463575 0.950714645 0.75108050625
17 0.43449582875 0.41699324125 0.43298133624999996 0.4176791025 0.42967467625 0.42087932250000004 0.502849075 0.440526195 0.5288730975 0.42703805125000005 0.538880915 0.4540066225 0.59638055375 0.4654273625 0.61153821125 0.44919787874999995 0.59482923375 0.3920605175 0.57339969125 0.36600759625 0.5307800287500001 0.34018586999999995 0.51220237375 0.34178808250000003 0.51107890125 0.35847293874999997 0.49522704375000004 0.379273665 0.47042708125 0.40327531 0.43449582875 0.41699324125
17 0.22020909249999998 0.4518863525 0.19674795 0.40206367875 0.24916150625 0.40982812625000004 0.2031218475 0.36937913 0.16955087875 0.36755483875000006 0.16077986875 0.341728905 0.138100765 0.32390421875000003 0.10314139125 0.33122241125 0.12236224375 0.36253243625000003 0.04779944125 0.35202804625 0.047912777499999996 0.3698555375 0.12385123125 0.38058831125 0.1562477225 0.43658093375 0.22020909249999998 0.4518863525
17 0.8711295187499999 0.6900654787499999 0.8853407962500001 0.6614939937500001 0.8734019675 0.63795402875 0.85045793125 0.61258697125 0.8395660662500001 0.62858736875 0.7973501749999999 0.60939376375 0.72098245125 0.6107746025 0.76415747375 0.63293933875 0.779693395 0.6420797175 0.8187669687499999 0.644817555 0.8195745062500001 0.6580738012499999 0.8633048875 0.6765815437499999 0.8711295187499999 0.6900654787499999
17 0.7072765962500001 0.3929204575 0.69306531625 0.421491945 0.6864264925000001 0.44663412125 0.6920424300000001 0.46537515874999996 0.712512845 0.4884569475 0.7585156737500001 0.45485324 0.786344615 0.42947987 0.8009724149999999 0.39816564 0.7985370500000001 0.36776776125 0.7825846049999999 0.36137012875 0.7407469812499999 0.36754638749999996 0.71527832 0.37737753625000003 0.7072765962500001 0.3929204575
17 0.49939509625 0.14751558625 0.46085138375 0.15986249624999999 0.50208264 0.19482670625 0.53047827125 0.25859079 0.543679415 0.26453165 0.55955677625 0.22498918625000003 0.5531205462500001 0.20236276875 0.53620897375 0.19299400375 0.53182984375 0.1753956 0.49939509625 0.14751558625
17 0.24825352250000002 0.36937345625 0.3666472925 0.42558394499999996 0.38345827875 0.40775435125000004 0.3054882275 0.37325182375 0.26271697875 0.3577152125 0.24825352250000002 0.36937345625
17 0.37132924500000003 0.42431494125 0.27300211999999996 0.38455811500000003 0.24632215375000002 0.37450489124999997 0.22197696625 0.36765118375 0.19504482125 0.3406847175 0.19927235750000002 0.36856823624999996 0.25837432 0.41587234500000003 0.3012716625 0.43986557625000006 0.34954551625 0.456315735 0.36427390000000004 0.4521998625 0.37132924500000003 0.42431494125
17 0.7950748799999999 0.86583584375 0.79521372 0.864921595 0.74802508625 0.85989919 0.7453361162500001 0.91475338375 0.7875520075 0.9339469875 0.78867547875 0.91726213125 0.79740966 0.8690353625 0.7950748799999999 0.86583584375
17 0.47173612624999994 0.6546886737500001 0.51363608125 0.70382338125 0.5672241175 0.6574194975000001 0.56438498 0.62039349375 0.52629604 0.60188505125 0.47953667875 0.58474903125 0.44471614625 0.59115297625 0.412924595 0.59618519875 0.45811846125 0.6514905575000001 0.48785291125 0.64143032 0.47173612624999994 0.6546886737500001
17 1 0.52939362125 0.91097522375 0.52984154375 0.86559151125 0.51293391125 0.8799288799999999 0.49281904625 0.8712712075 0.48482060250000003 0.8746033725 0.46287864375 0.8311379200000001 0.451913275 0.7787243637500001 0.44414882624999996 0.75654961375 0.46015062375 0.7368484875 0.4784376925 0.7438400762499999 0.49740711875000004 0.77285482375 0.5106598625000001 0.81330404625 0.51362608375 0.8164846162499999 0.5019692425 0.8512541450000001 0.533048775 0.9200366662499999 0.5444681125 1 0.53011394125 1 0.52939362125
17 0.32404884250000004 0.4998849825 0.362844735 0.5044513162500001 0.36461140125 0.52067869625 0.3523438875 0.536450705 0.41798408875 0.53141427625 0.48059531 0.52774956875 0.5348392912500001 0.5048870525 0.46248517874999995 0.48912556 0.40773684375 0.47816159375 0.370064425 0.45691040625 0.35919806125000003 0.45416906500000004 0.32972853874999997 0.47177167375 0.3147097225 0.48708691125000003 0.32404884250000004 0.4998849825