7 0.51217736875 1 0.51017694125 0.99450507625 0.462596985 0.8224811937500001 0.41080932375 0.7028025237500001 0.35278780249999997 0.63973474875 0.3198425025 0.5625285825 0.27294479 0.49214791875 0.23468340875 0.4647885825 0.185067555 0.46777640624999994 0.15448953124999998 0.43712616875000004 0.14485528375 0.4654623325 0.1369011975 0.52408422 0.10845978375 0.5630241775 0.15879795 0.629382855 0.17683786375 0.66710228875 0.1941505925 0.7208482325 0.220104525 0.7322424949999999 0.2511438775 0.7168241949999999 0.29613564 0.694580395 0.33275205625 0.7447303049999999 0.4097664675 0.89182974625 0.43757502000000004 1 0.51217736875 1
7 0.35904966375 0.97760156 0.37655786125 0.95523693875 0.38355897375 0.85030281875 0.35470117625 0.8176415875 0.30562678375 0.7099674412500001 0.26965741625 0.7083844525 0.2985504075 0.79412198 0.32472525875 0.95322799625 0.35904966375 0.97760156
7 0.56549833375 1 0.542071105 0.9514524925000001 0.5009107337500001 0.81745317625 0.46819609624999997 0.7172127412499999 0.456465305 0.6436619937499999 0.46185665 0.61459474625 0.42485904374999994 0.54591994375 0.43258246624999996 0.5103323237499999 0.38908514125000004 0.46822638875 0.37096509125 0.495100385 0.34978577625 0.54452126375 0.33261870000000004 0.6177074925 0.37592543125 0.65055098125 0.409216725 0.6932057450000001 0.43539645 0.76693874875 0.47369302625000004 0.84737438125 0.5000633437500001 0.9303698312500001 0.51356027375 1 0.56549833375 1
7 0.61786884125 1 0.60483692375 0.93688609875 0.54999487125 0.7543812975 0.478868325 0.585222365 0.456505375 0.61136528 0.4484760225 0.6492075850000001 0.47163655 0.71319075375 0.52430679625 0.7730290625 0.5750212775 0.943285645 0.584231685 1 0.61786884125 1
7 0.68753007125 1 0.65728137875 0.934385665 0.66297865 0.90306372875 0.6265528275 0.862176265 0.59139077875 0.77997333375 0.56517586 0.6531640324999999 0.543274235 0.63323840875 0.54725127875 0.60392746625 0.541368285 0.5406139437499999 0.5450394025 0.5135576887500001 0.52440155 0.4523165975 0.48606490625 0.40417768000000004 0.45838587375 0.48016742375 0.47998157375 0.5023477362500001 0.471265105 0.5239198375 0.4622779075 0.60082292375 0.4678950425 0.63409441625 0.49388904375000003 0.61319196375 0.5188450625000001 0.69594372 0.61596073375 0.9295732087499999 0.63305644875 1 0.68753007125 1
7 0.6803059975 0.700690635 0.744862435 0.79026584125 0.771734145 0.79489603875 0.7882844962500001 0.8115921975 0.80605855125 0.8192696024999999 0.8289580925 0.7678377325 0.8059480925 0.7454137262499999 0.80812964625 0.6973341937499999 0.8012155325000001 0.6322494925000001 0.79196536 0.61378991875 0.7618437874999999 0.6224441537500001 0.7167014974999999 0.6031287925000001 0.61992207375 0.5056939225 0.56358558375 0.38753885625 0.512635565 0.325689555 0.4868370325 0.2704814425 0.45691092875 0.20302511375 0.4413135525 0.2326411875 0.39888453375 0.22533035 0.35802034125 0.25982236625 0.37842753 0.3440977275 0.40984807125000006 0.34720432125 0.4570917775 0.38303358375 0.5662539125 0.5172131075 0.65297783125 0.65675596375 0.6421198812500001 0.6941108812500001 0.6803059975 0.700690635
7 0.5848049675 0.30582126375 0.5286893925 0.33537795375 0.54390070625 0.3726099975 0.5607569825000001 0.38705146749999997 0.5819714925 0.39070688625000005 0.639767225 0.39143591875 0.67959830625 0.3752251 0.70555223875 0.38661936124999996 0.7350619575 0.38247450125 0.75467157 0.37662377999999996 0.7489039099999999 0.30179312375 0.72987095375 0.25005817375 0.77505331 0.23707682 0.77838330625 0.159198955 0.75499211625 0.11825005625 0.7125630975 0.11093921875 0.6856513162500001 0.13860573625 0.68427221125 0.1914383375 0.6788808675 0.22050558750000002 0.62031788125 0.26809977875 0.5848049675 0.30582126375
7 0.35418895125 0.416065485 0.46332076499999997 0.4117957 0.43679504625 0.3726141 0.41753142625 0.34391341875000003 0.39115623499999996 0.34629097875 0.37804634 0.32557283499999995 0.364174065 0.26780490375 0.33218174 0.23691097125 0.32029555000000004 0.20717407625 0.26502249375000003 0.20918712 0.22832594 0.22363064125 0.22105896875 0.29852273375 0.23554309750000002 0.3517812875 0.2915785325 0.38681802875000004 0.31909729375 0.4400151475 0.33702674875 0.40387870375 0.35418895125 0.416065485
7 0.26340785125 0.37042700250000005 0.22323564999999998 0.33581621375 0.22171088875 0.2617166425 0.204969945 0.2357580375 0.18432721875 0.25988995875 0.1676615375 0.25471093499999997 0.1483177825 0.290603685 0.14858364 0.32064571125 0.17671425375 0.36933345375000004 0.20442360874999999 0.4317930175 0.20954422125 0.45805675375 0.23752431000000002 0.46518533375 0.25350287375 0.4540941525 0.2462808425 0.41131651750000003 0.26340785125 0.37042700250000005
7 0.5614235212500001 0.09412634 0.5735051800000001 0.04775267125 0.48339804999999997 0.03222653625 0.06878127625000001 0.0045854187499999996 0.06611236749999999 0.011087914999999999 0.07291314 0.0676373725 0.08991994375000001 0.12363800375 0.15692379 0.195175705 0.32675520124999996 0.212901925 0.4468954925 0.21283638624999998 0.53229012 0.20216910625 0.5614235212500001 0.09412634
7 0.3589077975 0.114608995 0.41486797125 0.12886615625 0.47377207749999994 0.13209357125 0.46494515125 0.079809795 0.424161095 0.049708383749999994 0.292631135 0.02704478375 0.3157916625 0.0910279525 0.33100297500000003 0.12825999625 0.3589077975 0.114608995
7 0.5712761337500001 0.042846545 0.5474310425 0.13324855624999998 0.5761383124999999 0.12435062625 0.65870434125 0.1131959575 0.7666124474999999 0.11794492625 0.82853574875 0.13092217625 0.84787950625 0.095029425 0.5712761337500001 0.042846545
7 0.8629863175 0.6237199612500001 0.8878318762499999 0.63261584 0.883433575 0.67569860625 0.87651259875 0.7160392937500001 0.8994072675 0.7499804349999999 0.9243681587499999 0.74735918 0.94439903 0.72773663625 0.9632863325 0.65253941375 0.93840557875 0.5905672375000001 0.90893592875 0.56241538125 0.886076455 0.58155053625 0.8629863175 0.6237199612500001