2 0.0702614375 0.20367247 0.0571895425 0.230633255 0.05882353 0.28210384375 0.08006536 0.3115156075 0.10457516375 0.32867247 0.15359477124999998 0.3384763925 0.17647058875 0.30661364750000003 0.23039215625 0.2796528625 0.24019607874999999 0.24288815625000001 0.241830065 0.20367247 0.22875817 0.14484894125 0.2009803925 0.0933783525 0.16666666625 0.06396658875 0.13562091499999998 0.0590646275 0.10130718999999999 0.08602541125 0.071895425 0.15710384375 0.0702614375 0.20367247
2 0.23039215625 0.27941176500000003 0.178104575 0.30392156875000004 0.156862745 0.34803921625 0.156862745 0.37745098 0.16176470625 0.38480392125 0.21078431375 0.4240196075 0.2647058825 0.43137254875000003 0.29084967375000004 0.38235294125 0.321895425 0.3578431375 0.3284313725 0.345588235 0.33006536 0.30147058875 0.3153594775 0.24019607874999999 0.28431372499999996 0.18627451 0.26633986875000004 0.1691176475 0.25816993499999996 0.1691176475 0.24673202624999999 0.2009803925 0.24509803875 0.22794117625 0.23039215625 0.27941176500000003
2 0.26797385625000003 0.12009803875 0.26960784375 0.1740196075 0.30718954249999997 0.22549019625 0.326797385 0.27941176500000003 0.36928104625 0.27941176500000003 0.3839869275 0.17892156875 0.41993464 0.11764705875 0.41013071875 0.090686275 0.38071895375 0.05147058875 0.35130719 0.034313725 0.32516339875 0.034313725 0.29575163374999996 0.05147058875 0.27450980375 0.090686275 0.26797385625000003 0.12009803875
2 0.36928104625 0.25735294124999997 0.36928104625 0.29656862749999996 0.3790849675 0.33578431375 0.39705882375 0.37009803875 0.41666666625 0.38235294125 0.43627451 0.409313725 0.4771241825 0.41421568625 0.5081699350000001 0.39705882375 0.5326797387500001 0.3627450975 0.54575163375 0.32107843125 0.550653595 0.2377450975 0.5424836599999999 0.18872549 0.513071895 0.12745098 0.4852941175 0.1078431375 0.45424836625 0.10539215625000001 0.41993464 0.12254902 0.3872549025 0.16666666625 0.36928104625 0.25735294124999997
2 0.5197696562499999 0.38235294125 0.52957357875 0.39460784375 0.52957357875 0.48039215625 0.5475474349999999 0.49264705875 0.5638873037500001 0.5171568624999999 0.58022717375 0.529411765 0.5900310950000001 0.52696078375 0.6047369775 0.5073529412500001 0.6210768462499999 0.49754902 0.64395266375 0.49754902 0.6684624675 0.465686275 0.6766324025 0.44607843125 0.674998415 0.3897058825 0.6602925325 0.34803921625 0.6390507025000001 0.32352941125 0.6096389375 0.31617647000000004 0.60800495125 0.30882352999999996 0.59166508125 0.30882352999999996 0.573691225 0.31372549 0.552449395 0.3308823525 0.5197696562499999 0.38235294125
2 0.45114652624999996 0.497798345 0.44297659125000005 0.54926893375 0.446244565 0.57622971875 0.47238835625 0.61299442375 0.51323803 0.63015128625 0.531211885 0.62524932625 0.58186548 0.58358265875 0.60147332375 0.52966109125 0.59983933625 0.51740618875 0.5884014275 0.52721011 0.57206155875 0.52475913 0.531211885 0.48064148250000005 0.52957789875 0.39730814999999997 0.5246759375 0.39485716875 0.46748639500000005 0.41691599250000005 0.446244565 0.434072855 0.45114652624999996 0.497798345
2 0.26486753 0.44141894125000003 0.25996556875 0.5100463925 0.26813550375 0.559066 0.2975472675 0.6080856075 0.33512896750000004 0.63259541125 0.3776126275 0.6350463925 0.39885445750000004 0.62524247 0.4413381175 0.55416403875 0.44787406500000004 0.53945815625 0.45277602625 0.47818364750000003 0.44624007875 0.43161501999999996 0.42499824875000003 0.38504639249999995 0.38905053625 0.35318364750000003 0.35310282375 0.34583070624999995 0.31552112375 0.35808560749999996 0.27957341125 0.39975227500000005 0.26486753 0.44141894125000003
2 0.026143791250000003 0.4509803925 0.02450980375 0.50490196125 0.034313725 0.5392156862499999 0.05882353 0.57352941125 0.1127450975 0.60539215625 0.15196078375 0.6078431375000001 0.18464052250000001 0.5637254899999999 0.23366013124999999 0.529411765 0.2352941175 0.44607843125 0.23039215625 0.43137254875000003 0.2009803925 0.4191176475 0.1633986925 0.3872549025 0.15522875875 0.36519607875 0.12745098 0.3627450975 0.08169934625 0.375 0.040849673749999996 0.41421568625 0.026143791250000003 0.4509803925
2 0.13562091499999998 0.6397058824999999 0.12745098 0.6691176475 0.12581699375 0.71323529375 0.14379085 0.779411765 0.16993464 0.79166666625 0.22875817 0.7990196075 0.26960784375 0.7941176475 0.28758169875 0.74264705875 0.31862745125 0.69852941125 0.32352941125 0.656862745 0.3153594775 0.625 0.28921568625 0.59803921625 0.263071895 0.5441176475 0.2271241825 0.5392156862499999 0.20261437875 0.5490196075 0.1797385625 0.5686274512499999 0.13562091499999998 0.6397058824999999
2 0.2728758175 0.78676470625 0.26797385625000003 0.8284313725 0.27124182999999996 0.88235294125 0.28758169875 0.91666666625 0.31045751625 0.94852941125 0.36111111125 0.97549019625 0.39705882375 0.968137255 0.42483660125 0.92892156875 0.4509803925 0.91176470625 0.47385620875 0.86764705875 0.48039215625 0.81127451 0.4722222225 0.74019607875 0.44771241875 0.69607843125 0.41830065375 0.6715686275 0.37418300625 0.66666666625 0.321895425 0.69607843125 0.29248366000000003 0.7352941175 0.2728758175 0.78676470625
2 0.4133986925 0.6715686275 0.44607843125 0.69607843125 0.465686275 0.72794117625 0.47385620875 0.75245098 0.47875817 0.82352941125 0.48202614375 0.8284313725 0.49346405249999997 0.8259803925 0.5081699350000001 0.7990196075 0.5163398687499999 0.75490196125 0.5114379087500001 0.68137254875 0.49509803875 0.6397058824999999 0.47875817 0.62009803875 0.4509803925 0.60539215625 0.42647058875 0.60539215625 0.38235294125 0.62990196125 0.3578431375 0.6715686275 0.4133986925 0.6715686275
2 0.5098039212500001 0.66666666625 0.5098039212500001 0.69362745125 0.5163398687499999 0.74754902 0.54575163375 0.7965686275 0.5653594774999999 0.843137255 0.59640522875 0.840686275 0.6584967325 0.81617647 0.6633986925 0.80147058875 0.66503268 0.74509803875 0.67647058875 0.72794117625 0.6797385625 0.71078431375 0.673202615 0.6691176475 0.6584967325 0.6421568625 0.6160130724999999 0.60294117625 0.571895425 0.59803921625 0.5408496737499999 0.6151960787499999 0.5147058824999999 0.65196078375 0.5098039212500001 0.66666666625