0 0.5125 0.2015625 0.525 0.315625 0.53541666625 0.3265625 0.56875 0.3375 0.62916666625 0.3390625 0.6625 0.3296875 0.69375 0.3 0.675 0.175 0.66666666625 0.140625 0.64791666625 0.1203125 0.62291666625 0.10625 0.58541666625 0.103125 0.54791666625 0.1140625 0.5208333337500001 0.146875 0.5125 0.2015625
0 0.66666666625 0.33125 0.66666666625 0.3671875 0.6895833337499999 0.4015625 0.72916666625 0.4046875 0.76875 0.3875 0.8416666662500001 0.3796875 0.875 0.3703125 0.94375 0.334375 0.9625 0.303125 0.95 0.25625 0.9104166662500001 0.2375 0.85833333375 0.2359375 0.71041666625 0.284375 0.68125 0.3109375 0.66666666625 0.33125
0 0.28333333374999997 0.1765625 0.27708333375 0.1890625 0.27916666625000003 0.2515625 0.30208333374999996 0.25 0.35416666625 0.259375 0.41666666625 0.303125 0.43333333375000005 0.30625 0.44791666625 0.28125 0.43541666625 0.1546875 0.41041666624999995 0.1203125 0.3875 0.1109375 0.36666666625 0.1109375 0.3375 0.11875 0.31458333374999997 0.134375 0.28333333374999997 0.1765625
0 1 0.39375 0.96041666625 0.371875 0.925 0.3671875 0.76875 0.3859375 0.72708333375 0.4 0.67291666625 0.4078125 0.67291666625 0.4796875 0.6875 0.5125 0.70833333375 0.5234375 0.78958333375 0.5265625 0.85 0.50625 0.9125 0.475 0.9729166662500001 0.4671875 0.98125 0.4421875 1 0.428125 1 0.39375
0 0.7520833337499999 0.62706782875 0.80625 0.66456782875 0.86458333375 0.69113032875 0.89791666625 0.68800532875 0.92708333375 0.6708178287500001 0.9666666662500001 0.62863032875 0.99375 0.58644282875 0.99375 0.5614428287500001 1 0.55831782875 0.9958333337499999 0.42394282875 0.925 0.45675532875 0.7458333337499999 0.59894282875 0.7520833337499999 0.62706782875
0 0.56875 0.66898865625 0.56666666625 0.68617615625 0.57708333375 0.69242615625 0.5875 0.71586365625 0.61041666625 0.73305115625 0.64583333375 0.75336365625 0.6875 0.76273865625 0.725 0.78930115625 0.85833333375 0.71742615625 0.8791666662500001 0.69086365625 0.8 0.65805115625 0.725 0.60492615625 0.67708333375 0.58617615625 0.64791666625 0.59711365625 0.6 0.63148865625 0.56875 0.66898865625
0 0.34791666624999995 0.8111763949999999 0.35 0.878363895 0.3625 0.898676395 0.38958333375000004 0.917426395 0.4375 0.915863895 0.46875 0.908051395 0.55 0.908051395 0.58541666625 0.898676395 0.6041666662499999 0.886176395 0.62708333375 0.854926395 0.7125 0.8033638949999999 0.725 0.7877388949999999 0.725 0.7799263949999999 0.70833333375 0.768988895 0.67083333375 0.761176395 0.57083333375 0.7627388949999999 0.41458333375 0.7471138949999999 0.38958333375000004 0.751801395 0.37708333375 0.7627388949999999 0.34791666624999995 0.8111763949999999
0 0.08125 0.6734375 0.09166666625 0.709375 0.1125 0.7234375 0.15625 0.7359375 0.19166666625 0.7328125 0.23125 0.7171875 0.2625 0.68125 0.26458333375 0.640625 0.24583333375 0.59375 0.21458333375 0.5546875 0.17083333374999998 0.540625 0.09375 0.5359375 0.07916666625 0.54375 0.08541666625 0.571875 0.08125 0.6734375
0 0.33541666625 0.5640625 0.34791666624999995 0.5828125 0.39375 0.61875 0.42708333375 0.634375 0.48333333375000004 0.634375 0.5208333337500001 0.5984375 0.54583333375 0.5875 0.54583333375 0.5765625 0.5833333337500001 0.55 0.59583333375 0.5328125 0.63125 0.5140625 0.67083333375 0.478125 0.675 0.4390625 0.66458333375 0.41875 0.63333333375 0.3921875 0.58541666625 0.378125 0.525 0.39375 0.33333333375 0.5296875 0.33541666625 0.5640625
0 0 0.4046875 0.03541666625 0.4078125 0.16458333374999998 0.3984375 0.23958333375 0.3796875 0.24583333375 0.3640625 0.22708333374999998 0.271875 0.21666666625 0.265625 0.15833333375 0.2625 0.058333333749999994 0.278125 0.0125 0.3046875 0 0.3171875 0 0.4046875
0 0.24583333375 0.34375 0.28333333374999997 0.375 0.31041666625000003 0.3890625 0.34375 0.390625 0.36666666625 0.403125 0.40208333375000005 0.3875 0.42916666625 0.3875 0.46875 0.4203125 0.52291666625 0.390625 0.52916666625 0.378125 0.52291666625 0.371875 0.46041666625 0.340625 0.36875 0.2625 0.33125 0.25 0.29791666625 0.2484375 0.25625 0.275 0.2375 0.2984375 0.24583333375 0.34375
0 0.43958333375 0.3171875 0.4625 0.3484375 0.50625 0.3703125 0.5375 0.378125 0.56666666625 0.3625 0.56875 0.353125 0.53125 0.315625 0.5208333337500001 0.2515625 0.5 0.24375 0.48541666624999996 0.2484375 0.45208333375000004 0.278125 0.43958333375 0.3171875
0 0 0.7265625 0.05625 0.740625 0.08333333375 0.7375 0.09583333375 0.721875 0.0875 0.684375 0.03125 0.6203125 0.03125 0.596875 0.01041666625 0.578125 0 0.5765625 0 0.7265625
0 0.13958333375 0.7517944812499999 0.21458333375 0.8064819812499999 0.2875 0.84710698125 0.33958333375000005 0.8892944812499999 0.35416666625 0.8892944812499999 0.34791666624999995 0.8221069812499999 0.35625 0.77835698125 0.32916666624999996 0.7642944812499999 0.22083333375 0.74710698125 0.17916666625000002 0.72991948125 0.15416666625 0.73148198125 0.09791666624999999 0.7205444812499999 0.08958333375000001 0.7252319812499999 0.09375 0.73929448125 0.13958333375 0.7517944812499999
0 0.54583333375 0.575 0.55 0.5921875 0.53333333375 0.5921875 0.51458333375 0.603125 0.47916666625 0.6359375 0.45208333375000004 0.6375 0.41666666625 0.6296875 0.35 0.5859375 0.35625 0.6234375 0.37916666624999995 0.678125 0.39583333375 0.68125 0.42083333375000004 0.671875 0.5875 0.64375 0.6375 0.603125 0.675 0.5859375 0.6541666662500001 0.528125 0.64166666625 0.5125 0.63333333375 0.5125 0.60625 0.521875 0.5875 0.5453125 0.54583333375 0.575
0 0.14791666625 0.453363895 0.15 0.47836389500000004 0.1625 0.5002388950000001 0.2 0.522113895 0.31666666625 0.520551395 0.36458333375 0.5080513950000001 0.46875 0.43461389500000003 0.46875 0.42836389500000005 0.45208333375000004 0.40023889500000004 0.43333333375000005 0.38461389500000004 0.36458333375 0.37992639500000003 0.20625 0.401801395 0.16875 0.41273889500000005 0.14791666625 0.453363895
0 0 0.534375 0.12083333375000001 0.5375 0.18333333375 0.5453125 0.20833333375 0.534375 0.20833333375 0.5265625 0.175 0.5046875 0.16041666625 0.484375 0.15208333375 0.425 0.01875 0.4125 0 0.415625 0 0.534375
0 0.2625 0.6421875 0.25416666625 0.70625 0.26458333375 0.7109375 0.33541666625 0.7078125 0.38125 0.715625 0.39166666624999996 0.7078125 0.38541666625 0.68125 0.32708333375000004 0.5859375 0.27291666625 0.5890625 0.25 0.5984375 0.2625 0.6421875
0 0.7458333337499999 0.6203125 0.75625 0.5875 0.8 0.5578125 0.8166666662500001 0.528125 0.71041666625 0.5203125 0.67916666625 0.509375 0.6625 0.5328125 0.66875 0.584375 0.7458333337499999 0.6203125
0 0.4125 0.7453125 0.51458333375 0.7625 0.70625 0.778125 0.65625 0.740625 0.60208333375 0.7125 0.59166666625 0.690625 0.5625 0.6859375 0.5625 0.659375 0.54375 0.65625 0.39791666625 0.678125 0.39166666624999996 0.6890625 0.4125 0.7453125