8 0.72440474375 0.7819312100000001 0.73052987375 0.5540887425 0.7793104074999999 0.47750226124999995 0.86187004625 0.28457125375000003 0.43218124875 0.21906777625 0.23673860875 0.20463092 0.20242338375 0.54078712375 0.20013702125 0.54387969125 0.1886293775 0.679631665 0.18803563625 0.7716427475000001 0.39398432 0.78077601125 0.72440474375 0.7819312100000001
13 0.3374897175 0.71189684375 0.22994074375 0.6931852150000001 0.10409101250000001 0.6720428900000001 0.08560573625 0.6707601750000001 0.077831925 0.68285681125 0.07618171 0.6926414675 0.07719637 0.69822387625 0.28088128875 0.73314877 0.62204986125 0.79296705 0.6717474087499999 0.80076515125 0.6784659875 0.78426715625 0.6795998799999999 0.7738562175 0.68101221 0.77363837875 0.661993925 0.7682790237499999 0.3374897175 0.71189684375
8 0.47895737625 0.25481757625 0.47744686125 0.25460211 0.28387614375 0.38053465625 0.59734383875 0.6407925899999999 0.80012118375 0.49598413 0.47895737625 0.25481757625
13 0.31606931 0.28766732625 0.4398616225 0.34996729000000004 0.6014187799999999 0.43198308124999996 0.6936595225000001 0.4785716 0.7196338962500001 0.4904781625 0.74521806125 0.46809512625000005 0.5641814 0.37906013625 0.2896657825 0.242066045 0.27812133625 0.23664652125 0.26938460375 0.23911528625 0.26140032 0.2453988325 0.2559481775 0.25319557875 0.2572551325 0.2586821775 0.31606931 0.28766732625
8 0.36594386125 0.5099479875 0.42315980875000003 0.2708863525 0.43414087125 0.18208954875 0.28908592375000003 0.17474922125 0.2786532975 0.18015398125 0.23430611375000002 0.17168561499999999 0.19210615 0.16849093 0.19172127 0.16751700625000002 0.1849660625 0.24533709 0.17894465499999998 0.28676686625 0.10711636875 0.4855246025 0.36594386125 0.5099479875
13 0.7581117775 0.6166142649999999 0.76140563875 0.6585885899999999 0.7820804800000001 0.66056328125 0.79793104375 0.6586657175 0.7865508212500001 0.5061353475 0.7740026725 0.32765440875 0.76534464875 0.23954319375 0.7618435524999999 0.19315504 0.75637966 0.18928455249999998 0.73700405375 0.19116706749999998 0.72302704875 0.1945668875 0.72124027375 0.19346154999999998 0.7367952750000001 0.38393150374999996 0.7581117775 0.6166142649999999
13 0.782458565 0.58225409625 0.73838685625 0.48441843 0.65188563375 0.283819065 0.61397714875 0.20058919875 0.59423451625 0.1628897425 0.58051415 0.1641880275 0.5703248737500001 0.17139418375 0.56767328875 0.17216049375 0.5796424675 0.20217684125000002 0.63694468375 0.34683377249999997 0.6760312025 0.43809230624999995 0.73294191375 0.57174908625 0.7453490062500001 0.5914546 0.782458565 0.58225409625
13 0.4857177775 0.16167501375 0.48524866875 0.16353465 0.49028609 0.17359964375 0.51247863625 0.21519409499999997 0.61597351 0.42195316875000005 0.6535242812500001 0.49446236624999995 0.6809519224999999 0.54736830375 0.6831996549999999 0.54736830375 0.70057013 0.5438693412500001 0.71149196875 0.54099026875 0.71414711 0.5364222325 0.66504539 0.43953787749999995 0.61030628 0.33648703124999996 0.56038382 0.24124301125 0.52544161625 0.17309083 0.51277766 0.1516639425 0.5084480112499999 0.15084946 0.50118611125 0.15084946 0.4974656525 0.15199337999999998 0.49255676000000004 0.1547228275 0.48995947624999997 0.1568860325 0.48779656000000005 0.15878789875000002 0.4857177775 0.16167501375
13 0.5050447650000001 0.487188785 0.6053763475 0.62541329 0.68559266625 0.73721340375 0.72889506375 0.7993155249999999 0.7386587287499999 0.79946419 0.7530398587499999 0.79484922625 0.7612872774999999 0.78944955875 0.7465435524999999 0.7664177925 0.63977190375 0.6160732375 0.5064402837499999 0.4364918 0.46346098875 0.37789200375 0.44561269125 0.38269024625 0.43163385 0.3882391775 0.4395413875 0.39953606375 0.5050447650000001 0.487188785
13 0.46421854875 0.5014735837500001 0.47490088999999996 0.38399583249999997 0.48241201625 0.3171410525 0.48874668625 0.271510985 0.47363978250000005 0.26595620375 0.4563504425 0.26583381500000003 0.44471904 0.26827360625 0.44314962125 0.31054927125 0.43152437875 0.4435772725 0.4174290475 0.5790104 0.41292672875 0.6230679825 0.44876932125 0.67158161125 0.46421854875 0.5014735837500001
13 0.2051657175 0.32773089375 0.26667482249999996 0.35881107375 0.42470083875 0.44449174125 0.664394055 0.57597094125 0.6763799924999999 0.56387030125 0.68586336125 0.5492841162500001 0.6547663462500001 0.5320242337500001 0.3945180525 0.39488114625000004 0.2993500825 0.34210196625 0.23234146375 0.3076895675 0.22644464875 0.3038965 0.224420385 0.302888145 0.2162549425 0.30498556625 0.20802829625000002 0.31070243375 0.20393728125 0.31839301625 0.2051657175 0.32773089375
13 0.44648198 0.7245210425 0.5264732675 0.82081260375 0.54148313375 0.81015123 0.55666901 0.8041882499999999 0.4459760275 0.6669463274999999 0.25836186 0.43389525 0.23910195874999998 0.41001890125 0.22610901875 0.41030445249999997 0.21583600125 0.4162468225 0.21087183499999998 0.42182044625000004 0.22326434750000002 0.43845199625 0.32914186875 0.5755166825 0.44648198 0.7245210425
13 0.18151849875 0.45801716 0.30699616875 0.6076752175 0.4603093125 0.7895116675 0.48474004875 0.77341320625 0.39458966375000004 0.65901900125 0.33077787000000003 0.5775947462500001 0.1822120375 0.4094932725 0.1641206475 0.38612547375 0.15002612375 0.38623057875 0.14127301125 0.39216687125 0.1331504925 0.39767713125 0.13312311625 0.39924062624999995 0.13392508625 0.40253338875 0.18151849875 0.45801716
13 0.10422223625 0.42733222625000006 0.12603742125 0.45076164875 0.20640286249999998 0.54525662875 0.30008797000000004 0.65844729 0.36813221125 0.73686818 0.4309388825 0.81108289125 0.4466702325 0.8019216887499999 0.46340575125 0.791907775 0.3074665475 0.60899449375 0.23511804125000002 0.5236483675 0.1730812825 0.4503803275 0.13756414125 0.408590745 0.1243017225 0.41003594374999996 0.11222391375000002 0.41415536875000003 0.10422223625 0.42212174500000005 0.10422223625 0.42733222625000006