14 0.062413315000000004 0.409411765 0.23578363375 0.569411765 0.31345353625 0.5882352937499999 0.3328710125 0.569411765 0.37447988875 0.57647058875 0.38834951500000003 0.56705882375 0.4147018025 0.5152941175 0.42024965375 0.45882353000000003 0.42718446625 0.310588235 0.41747572875000005 0.25176470625 0.2565880725 0.11764705875 0.203883495 0.07764705875 0.1858529825 0.07294117625 0.1428571425 0.10823529375 0.03051317625 0.289411765 0.062413315000000004 0.409411765
14 0.12482663000000001 0.7341176475000001 0.13592233 0.7482352937500001 0.269070735 0.790588235 0.29126213624999997 0.7882352937500001 0.35090152625000004 0.71764705875 0.38834951500000003 0.62352941125 0.38418862750000005 0.61176470625 0.1886269075 0.5529411762499999 0.1484049925 0.54823529375 0.11511789124999999 0.6 0.09570041625 0.60705882375 0.12482663000000001 0.7341176475000001
14 0.46601941750000003 0.27294117625 0.459084605 0.29176470625 0.46185853 0.409411765 0.5367545075 0.5058823525 0.56310679625 0.51294117625 0.56726768375 0.5058823525 0.57697642125 0.48 0.58113730875 0.4352941175 0.660194175 0.26117647 0.6615811375 0.18352941125 0.6518724 0.1552941175 0.6504854375 0.10823529375 0.63661581125 0.0941176475 0.55617198375 0.15764705875 0.5367545075 0.190588235 0.46601941750000003 0.27294117625
14 1 0.23764705875 0.9611650487500001 0.20705882375 0.943134535 0.2047058825 0.9389736474999999 0.19294117624999998 0.8793342574999999 0.14352941125 0.8543689325 0.13882353 0.7128987512499999 0.2141176475 0.69209431375 0.25176470625 0.6615811375 0.2847058825 0.6615811375 0.30823529375 0.69625520125 0.36 0.70735090125 0.409411765 0.71705964 0.42352941125 0.86407767 0.56235294125 0.90013869625 0.59294117625 0.9167822475 0.5952941175 0.94590846 0.5647058825 0.97087378625 0.55764705875 1 0.5247058824999999 1 0.23764705875
14 1 0.5217993087499999 0.9667944850000001 0.5605536325 0.94721383625 0.56885813125 0.9268173287499999 0.5854671275 0.90723668125 0.5965397925 0.8729705475 0.57301038125 0.8280982299999999 0.52733564 0.7742514475 0.47750865 0.73101085125 0.43598616 0.7106143425 0.41384083 0.70163987875 0.37923875500000004 0.689401975 0.35709342624999996 0.6877702537499999 0.4193771625 0.71714122625 0.46228373625 0.78241005125 0.53287197125 0.8240189275 0.5633218 0.8688912449999999 0.5965397925 0.9227380275 0.62422145375 0.9896385737500001 0.6352941175 1 0.62422145375 1 0.5217993087499999
14 0.8085175812500001 0 0.82238720625 0.053979237500000006 0.83217753125 0.092733565 0.84196785625 0.1425605525 0.86725952625 0.13979238875 0.8835767325 0.1425605525 0.917027005 0.17301038125 0.94068695375 0.18961937625 0.94639797625 0.202076125 0.9602676025 0.20484429124999998 1 0.23806228499999998 0.9994288975000001 0.148096885 1 0.08442906625 0.9994288975000001 0.00830449875 0.99616545625 0 0.95374072 0.0013840825000000002 0.90397324 0 0.8085175812500001 0
14 0.5360202325 0.50242214625 0.55070572 0.53840830375 0.56294362375 0.597923875 0.58252427125 0.711418685 0.5890511537500001 0.7667820075 0.6225014275 0.7640138399999999 0.6110793824999999 0.6366782 0.59802561875 0.55501730125 0.5784449712499999 0.5217993087499999 0.5360202325 0.50242214625
11 0.6373092925 0.6164705887499999 0.64771151125 0.62823529375 0.66782246875 0.6341176475 0.725381415 0.6576470587500001 0.74826629625 0.64352941125 0.7593619975 0.60235294125 0.7711511787499999 0.5541176475 0.74133148375 0.53647058875 0.6886269075 0.51882353 0.64147018 0.5152941175 0.6373092925 0.549411765 0.6386962549999999 0.57764705875 0.6373092925 0.6164705887499999
11 0.937586685 0.66 0.9313453537499999 0.64117647 0.90984743375 0.62117647 0.87309292625 0.59882353 0.81692094375 0.5588235300000001 0.80097087375 0.550588235 0.79264909875 0.56352941125 0.790568655 0.58235294125 0.7919556175 0.5941176475000001 0.78779473 0.6047058825 0.7864077675 0.63294117625 0.78224687875 0.6517647062499999 0.79889043 0.66823529375 0.8606102637499999 0.7023529412499999 0.90013869625 0.72 0.91816921 0.6941176475 0.937586685 0.66
11 0.1019417475 0.44823529375 0.07558945875 0.42235294125 0.06033287125 0.40117647 0.0527045775 0.35764705874999997 0.0367545075 0.31647058875 0.0228848825 0.32823529375 0.028432732500000002 0.34235294125000004 0.02219140125 0.35294117625 0.03259362 0.3847058825 0.0554785025 0.44352941125 0.0908460475 0.53882353 0.12135922375 0.58352941125 0.14077669874999998 0.549411765 0.14355062375 0.5258823524999999 0.13106796125 0.4741176475 0.1019417475 0.44823529375
11 0.09153952875 0.6552941175 0.09778086 0.629411765 0.095006935 0.60352941125 0.10402219125 0.59647058875 0.100554785 0.5658823525 0.089459085 0.5447058825 0.07281553375 0.52352941125 0.062413315000000004 0.5047058825 0.05339805875 0.469411765 0.02912621375 0.44823529375 0.00069348125 0.4352941175 0.00208044375 0.48823529375 0 0.56823529375 0.00069348125 0.60352941125 0 0.630588235 0.0256588075 0.66352941125 0.048543688749999994 0.6752941174999999 0.0665742025 0.66823529375 0.09153952875 0.6552941175
14 0 0.409411765 0.0013869625 0.43058823500000004 0.017337032500000002 0.44352941125 0.042302357500000005 0.41176470625 0.02912621375 0.37882353 0.0228848825 0.35176470625 0.02704577 0.34235294125000004 0.02149792 0.3247058825 0.03744798875 0.3141176475 0.03190013875 0.289411765 0.08044382750000001 0.21058823499999998 0.10957004124999999 0.16705882375000003 0.08183078999999999 0.16117647000000002 0.045076282499999995 0.14235294125 0.029819695 0.1541176475 0 0.18470588249999997 0 0.23294117625 0 0.31176470625 0 0.409411765