12 0.538752575 0.2226089975 0.5907695075 0.1500780225 0.597181465 0.13343183 0.55011655875 0.0906518125 0.49361956625 0.01096932375 0.45185547625 0.010041232499999999 0.303151395 0.035605035 0.26394099 0.09745593749999999 0.272884695 0.11711465875 0.35573311375000005 0.2272234075 0.38001944125000003 0.26685389 0.42785343374999996 0.30808861125 0.50493882125 0.25668358999999996 0.538752575 0.2226089975
12 0.18224108 0.15813274 0.1579417125 0.13546148875 0.15282171125 0.13634167125 0.07463408 0.289678125 0.06308907875 0.32416373125 0.05540690125 0.328310545 0.0543655125 0.35109889125000004 0.14386341625 0.4685430175 0.1546089025 0.47517425 0.20329457375 0.4074552025 0.2827133025 0.317495825 0.28810126 0.30102567 0.27506589875 0.2764180175 0.18224108 0.15813274
12 0 0.4778099275 0.20270650375 0.5064720775 0.20552793875 0.49892162874999996 0.20149713875 0.4148296125 0.1950982225 0.41451657124999997 0.15947833875 0.46727173 0.15000307375 0.47313987625000004 0.05513460125 0.34955359375 0.054378553749999996 0.3341396575 0.06513708 0.32381165875 0.07206755875 0.2985978325 0.0920594775 0.26407319375 0.10155213125 0.23559273874999997 0.10872448125 0.228707405 0.1059160875 0.21929862 0 0.2052748675 0 0.4778099275
12 0.62818807375 0.7540970450000001 0.64305564375 0.7261056662500001 0.6635791249999999 0.6660541600000001 0.6905276025 0.57239723 0.689512295 0.56126711125 0.6562518375 0.54154945125 0.62991750875 0.50227103875 0.55982780125 0.4436660725 0.50917237375 0.40998179749999997 0.4869079675 0.40391770625 0.47309482625 0.39216150499999997 0.44545985125000004 0.37995525874999997 0.43829184499999996 0.38118751500000003 0.38002658625 0.59044857 0.37667359 0.6235258837500001 0.38792455625 0.63854871625 0.43217672125 0.6775730249999999 0.45852843625 0.69423912625 0.56369342375 0.742575035 0.62818807375 0.7540970450000001
4 0.36579882249999995 1 0.39357457125000006 0.94704250125 0.40076431 0.9175448575 0.421266055 0.88575873875 0.42358201125 0.8698166937499999 0.40645934124999994 0.8346070324999999 0.39546328875000003 0.8209534625 0.35990426124999997 0.7945655349999999 0.33713002875000003 0.7857629224999999 0.301320435 0.7523526574999999 0.2905706025 0.75137450375 0.2154636675 0.8928766912499999 0.21365319249999998 0.917210335 0.20340014625 0.9359299325000001 0.20390562625 0.94432153125 0.218993335 0.96292403375 0.26862476375 0.9967843437499999 0.2719973225 1 0.36579882249999995 1
4 0.34327403250000005 0.78470670375 0.4008338575 0.82709561625 0.42639040500000003 0.87922547875 0.467315655 0.91740864 0.47576692125000003 0.9117165287500001 0.5229274575 0.83012884 0.58057856625 0.75380312625 0.5810970875 0.7452354925 0.49793289875 0.7129005687500001 0.41836357874999996 0.665816825 0.39223200375 0.695744605 0.34327403250000005 0.78470670375
12 0.38817946875 0.63991797625 0.37718776249999997 0.6206113275 0.38028149999999994 0.59181783 0.39259124 0.561440005 0.39825149875 0.5237268 0.3831681375 0.49947122 0.36270116375 0.4860327175 0.32040137125 0.57102404 0.30221123375000003 0.59252119125 0.28938731875 0.62581357375 0.29398010625000004 0.6448071812499999 0.34846793125 0.6877242025 0.36177993875 0.6854357287499999 0.36970833625 0.69396433125 0.37225747124999997 0.7076569337499999 0.37993095625 0.714816275 0.40170727 0.68987645875 0.41452683625 0.66223715375 0.40967044125 0.65318044125 0.38817946875 0.63991797625
12 0.5217109475 0.41489169750000005 0.5334760875 0.42699997125000005 0.5662528 0.4100606475 0.5877785475 0.3780984925 0.5913734174999999 0.3633496725 0.588314455 0.34691854874999994 0.57324848125 0.3000506575 0.576069915 0.29250021125 0.5970684475 0.28041184625 0.5968178825 0.27338950749999996 0.5781657312499999 0.22996428625 0.55719762625 0.20248110749999998 0.50468390875 0.25531433 0.45807666625000004 0.28310976374999997 0.43399743749999997 0.3070323925 0.42657452 0.3068953875 0.39741441 0.2808205025 0.37874922 0.25435451125 0.3733743025 0.25386543375 0.37132195500000004 0.259870585 0.37285143625000006 0.26808614625 0.39458428125 0.29967710375 0.47181591125 0.39096828125 0.48818688125000004 0.40511093125000003 0.5217109475 0.41489169750000005
12 0.6021927975 0.27387858625 0.75584939875 0.17398309999999997 0.7599540937499999 0.16197279875 0.7492564212499999 0.093157715 0.731597845 0.08912799625 0.6581334099999999 0.09186572999999999 0.58846224625 0.1547139125 0.58538155125 0.16654817624999999 0.58943408375 0.2223748075 0.6021927975 0.27387858625
12 0.77139911875 0.25750797625 0.7854671725 0.2706334375 0.7910970025 0.272491775 0.78956752125 0.26427621375 0.7568690512499999 0.17946014000000002 0.74893630625 0.17658461625000002 0.57888700375 0.29060284124999997 0.5729935675 0.2986813975 0.57452304875 0.30689696 0.60798625875 0.3958208125 0.6164201362499999 0.4127410125 0.6251219675 0.41407124125000005 0.6694523762500001 0.35134015625000004 0.6879104675000001 0.31425303374999997 0.6894573350000001 0.299856285 0.7102053012499999 0.2807455825 0.7391713525 0.22630812250000001 0.7606666725 0.23391751 0.77139911875 0.25750797625
12 0.79480334 0.4456637725 0.80453786625 0.4355118075 0.8324886112500001 0.36994423 0.84735183375 0.34760593 0.8458223537499999 0.3393903675 0.7719132925 0.25459342 0.7391713525 0.22630812250000001 0.7035384299999999 0.2960225125 0.6889388150000001 0.30842392 0.66612546 0.35049900624999997 0.62281905375 0.41305405375 0.6030777012499999 0.45460102999999996 0.6752023675 0.5298131575 0.6833943725 0.528404865 0.69032050375 0.50884411625 0.7085019487499999 0.49865312250000005 0.738431145 0.52318271 0.7448213687499999 0.5348019075 0.7501962849999999 0.53529098375 0.79480334 0.4456637725
4 0.77963584125 0.8637175 0.79678459 0.8650086975000001 0.8147545900000001 0.79691766625 0.8406616800000001 0.72604908375 0.87300680875 0.6046158425 0.8591936687499999 0.59285964125 0.7724563449999999 0.54700815375 0.7340715362500001 0.53382375125 0.710281995 0.51389102125 0.6939023325 0.51105452875 0.68030933 0.5458922075 0.688488295 0.56144314875 0.68822034125 0.57703312125 0.6458770800000001 0.7185552175 0.6297219024999999 0.75665952875 0.63022738125 0.7650511262499999 0.65427183625 0.7863531175 0.69188321 0.8067358937500001 0.7256448025000001 0.84049823125 0.77963584125 0.8637175
12 0.59174694375 0.8762344299999999 0.61194161375 0.9109159825 0.64131316875 0.99489090375 0.73347322375 0.9790476175 0.7654895437499999 0.952347435 0.7844357275 0.9462642200000001 0.7875164225 0.9344299562499999 0.7834378087499999 0.9125217925 0.7729776625 0.8676882775 0.76479435125 0.8577904137500001 0.750458345 0.860254925 0.7215401075 0.8525085325 0.60173638125 0.8674517275 0.59174694375 0.8762344299999999
12 0.61378251625 0.8470107962500001 0.6112420762499999 0.8220120387500001 0.5913284 0.75478128 0.5828858275000001 0.74916723625 0.540352855 0.80452391125 0.5067766275000001 0.862580075 0.48704831499999995 0.88716781625 0.47499783375 0.913261825 0.46629165624999996 0.917584675 0.45017559749999997 0.90481128625 0.4568120425 0.92910589875 0.5031469825 0.922553515 0.55819679625 0.9003721275 0.600435735 0.89452389125 0.59277094375 0.87605839375 0.61095673625 0.8602143212500001 0.61378251625 0.8470107962500001
12 0.7625016787500001 0.51056623625 0.7630071599999999 0.51895783375 0.84206230625 0.5689561362500001 0.93310427875 0.34275575625000004 0.94874093375 0.3132190825 0.9531092375 0.291271885 0.9213912999999999 0.26281055125 0.8686878687499999 0.2294783525 0.8477154175 0.20764825125000003 0.7899006774999999 0.1638900775 0.7781268437500001 0.16308795750000002 0.7655578425 0.19774960249999998 0.7785801625000001 0.2393164875 0.79416465875 0.27761674375 0.82587390125 0.31738423125 0.83943212875 0.32777117125 0.84607291875 0.346412705 0.81531378 0.40257149875000003 0.803513865 0.435687845 0.7876266425 0.45820218250000005 0.7625016787500001 0.51056623625
12 0.88668240125 0.46236969 0.8469360887499999 0.5554005375 0.844110305 0.5686040625 0.84665509375 0.58794974375 0.8655882375 0.59882576125 0.87044463375 0.6078824737499999 0.8488754187499999 0.6963754025 0.8075648525 0.82641531 0.80601363625 0.84646513625 0.8717785087500001 0.87048652375 0.915439805 0.6792799525 0.9203614025 0.60354050125 0.928583835 0.56256066625 0.922258815 0.46614530625 0.88668240125 0.46236969