1 0.46439731375 0.66935062 0.48529587999999996 0.6710761825 0.51237159375 0.67622293875 0.5226448862499999 0.6773059575000001 0.53121042625 0.6716978725 0.53591379375 0.663024075 0.54407046875 0.55152415875 0.54923870375 0.5090465625 0.55759846875 0.40054500125 0.5617330549999999 0.36656292375 0.5624541875 0.33452932250000006 0.56589442375 0.29351722625 0.56483745875 0.28717331625 0.56166861 0.28347228 0.55312331375 0.28092376 0.26764270875 0.21582114624999998 0.26289577875 0.21781212125 0.26077326 0.22070062375 0.22062992874999998 0.37896693 0.1892926425 0.4953142525 0.1701875425 0.5828791775 0.1699333275 0.5964396675 0.17354026125 0.6054005225 0.18052874500000002 0.61314979375 0.18835944500000001 0.6168249025 0.24112422 0.62838906625 0.27777990124999996 0.63525416875 0.3014847 0.6413668774999999 0.38838709250000003 0.6564423050000001 0.4005808375 0.6593038112499999 0.46439731375 0.66935062
13 0.9924205637500001 0.30733562625 0.9795643725 0.2967072075 0.97689537 0.28146151125 0.553244555 0.45501632125 0.55655165875 0.45552415500000004 0.553138205 0.45747263125000004 0.55148465375 0.457218715 0.5516973537500001 0.452306095 0.54892712375 0.47784343625 0.9924205637500001 0.30733562625
13 1 0.34855359375 0.9958391412500001 0.34371387374999995 0.54722039625 0.478817675 0.5448223925 0.49575792999999996 0.5447692175000001 0.49698608624999996 1 0.38086075999999996 1 0.34855359375
13 0.56405959875 0.35900773 0.590643275 0.51392099 0.6006280075 0.59086978625 0.62633526625 0.5737998975 0.5852264775 0.29302412375 0.5585139725 0.29703860875 0.56405959875 0.35900773
13 1 0.38434137999999995 0.5362887562499999 0.500629125 0.5421053375 0.5200671175 0.54701281875 0.52205702125 1 0.4120811925 1 0.38434137999999995
13 0.78894585875 0.816362525 0.78846215875 0.789089195 0.224636975 0.73334253875 0.21916679625000002 0.7511220274999999 0.78894585875 0.816362525
13 0.7686092875 0.7093887425 0.7758615974999999 0.6956665475 0.7681255887499999 0.68211541375 0.22881710875 0.72045957625 0.23217739 0.7197392537499999 0.237244395 0.7180446924999999 0.22902981 0.715546955 0.2257227075 0.71503912375 0.22951350999999998 0.742820285 0.7686092875 0.7093887425
13 0.7188124612500001 0.47549535499999995 0.41615219125 0.776425475 0.44763996749999996 0.7883922775000001 0.7447375425 0.49183957125 0.7188124612500001 0.47549535499999995
13 0.44634665375 0.8094974575 0.48544697625 0.82910116125 0.48780399625000004 0.83091015875 0.77205030125 0.51457848 0.7378574587500001 0.49696468125000004 0.44634665375 0.8094974575
1 0.6282803087500001 0.75954667 0.62492002875 0.76026699125 0.62486685375 0.7614951462499999 0.61798677125 0.76662025625 0.75512524125 0.7901516387499999 0.7562316724999999 0.68770692875 0.75226085125 0.510303325 0.75230378 0.43242171749999997 0.61820653875 0.41553894375 0.62125801375 0.49884100625 0.6269201925 0.56029019125 0.622081255 0.67205231 0.61840705 0.7184682875 0.61830582125 0.759251325 0.6282803087500001 0.75954667
4 0.4891641125 0.704803575 0.51038929125 0.67591853875 0.20800196375 0.6245391925 0.2004306025 0.6456303187499999 0.17675424625000002 0.6926837650000001 0.2425241025 0.7114375125 0.2426304525 0.7089812012500001 0.24748476 0.71219926125 0.249085135 0.71368133375 0.2389511225 0.7170704562500001 0.4891641125 0.704803575