12 0.59741830625 0.60195017 0.613422305 0.6065681912499999 0.632237825 0.6146497424999999 0.644997755 0.6215768025 0.66035295375 0.6269645125000001 0.67960099 0.6315825337500001 0.7055534175 0.636200555 0.7219899662500001 0.639664085 0.7338848287499999 0.645051795 0.71874591375 0.5080501550000001 0.714204225 0.46225466750000005 0.7103113550000001 0.4584063075 0.67765457125 0.45802147750000005 0.6327608112499999 0.45750498125 0.60309233875 0.451730785 0.5649250725 0.449256115 0.56407247625 0.453425905 0.56450091375 0.483918885 0.5627872625 0.51212486625 0.5623588575 0.55633970875 0.5664138049999999 0.5973012925 0.57687263375 0.5992563 0.5848746425 0.59964113125 0.59741830625 0.60195017
12 0.42211382999999997 0.50666591375 0.47911379375 0.5262969625 0.48417023625 0.51116468625 0.48991620124999996 0.49807732625 0.4970412125 0.4788552825 0.5050855625 0.45799729624999996 0.5204847425 0.42241604000000005 0.52760975375 0.39787724500000005 0.5305976625000001 0.38029111125 0.54002102375 0.3586151775 0.524621845 0.35657027874999997 0.50646460875 0.35452537874999995 0.48876700749999996 0.34920863500000004 0.47244848875 0.338984145 0.45084363875 0.32589678375 0.437742845 0.315672285 0.41935575625 0.35084456125 0.39660173 0.39992214375 0.37867433 0.4330495275 0.37131948375 0.44122912625 0.36508982 0.46554669375 0.36925095124999996 0.46944873125000003 0.39177512375 0.48539898625 0.42211382999999997 0.50666591375
12 0.33164939125 0.27664154375 0.38611715125 0.23356550375000001 0.409114625 0.21130956125 0.42888436874999997 0.19982260125 0.442602205 0.18331012375 0.3945898725 0.09644012249999999 0.37925820375 0.06485101625 0.36836467 0.04618473 0.36231270000000004 0.03541573375 0.31591426375000004 0.07777383624999999 0.258218835 0.130183025 0.213030775 0.16536177375000002 0.19289895 0.18314193499999998 0.26386731625 0.3462811725 0.2848474975 0.3340762625 0.33164939125 0.27664154375
12 0.23136625875 0.79475744625 0.31581260624999996 0.8223061212499999 0.32496095500000005 0.80039237125 0.3203867675 0.788496375 0.33410930375 0.79162691 0.339739055 0.78348749875 0.3703508725 0.70835464375 0.40588870499999996 0.60629918875 0.40272198875 0.6056730662500001 0.36190623250000004 0.59878589875 0.29786773624999996 0.5850115375 0.2119785525 0.7446845325 0.2004071675 0.78405817125 0.19934699625 0.7928791049999999 0.2134213875 0.7853658400000001 0.23136625875 0.79475744625
12 0.41523367499999997 0.6289663525 0.40150219125 0.6506079812500001 0.38934002624999997 0.6666646749999999 0.37717786 0.6924950762500001 0.40974107625 0.73996699875 0.43955800625 0.7720803875 0.502330505 0.80838252375 0.5309705 0.73787270625 0.48624505874999996 0.6945893700000001 0.47329824875 0.6771364362500001 0.48506809250000005 0.64990987375 0.520769945 0.58707931 0.52263190375 0.58362236125 0.45603580625 0.52983368 0.43838104 0.57102259 0.42739584125 0.60034352375 0.41523367499999997 0.6289663525
12 0.5823654475 0.7755709749999999 0.59884321625 0.7965144962499999 0.62709088875 0.7364764125000001 0.650630575 0.675740195 0.66436206 0.62687197875 0.5980585712500001 0.6024378712499999 0.56628003 0.5975510712500001 0.56138671375 0.5347836687499999 0.5545101875 0.52843744 0.4740828925 0.6771364362500001 0.54784056125 0.7525331325000001 0.5823654475 0.7755709749999999
12 0.7292939762499999 0.9851175225 0.72194456375 0.93035433 0.7182698225 0.8625133037499999 0.693465405 0.79794173625 0.7141357825 0.7995765275 0.7113797087499999 0.78322929875 0.70632693 0.7570736637500001 0.70724566875 0.73663962625 0.712757745 0.7178403824999999 0.687034625 0.6810590537500001 0.6682016537500001 0.6728854387500001 0.6378851600000001 0.70884935625 0.608028 0.77832508 0.6456939425 0.84453137625 0.6773884737500001 0.9017466787499999 0.7292939762499999 0.9851175225
12 0.81625176125 0.99919949625 0.88345770625 0.8930190387499999 0.91291036875 0.87721325375 0.91758540375 0.8847001775 0.94470062 0.9911816225 0.9517131725 0.97870333125 0.9858409399999999 0.92130317875 0.95919325625 0.87305382375 0.9194554599999999 0.81149420875 0.87831514 0.76241294875 0.73666157125 0.90216983625 0.76006229625 0.9543083674999999 0.7979042037499999 1 0.81625176125 0.99919949625
12 0.9017200175000001 0.6312239875 0.8676658387499999 0.5885501825 0.82449864375 0.54502298 0.7736572074999999 0.48527974375 0.72905109 0.57830847875 0.7372940525 0.6495283949999999 0.8489600675 0.7720472975 0.86910476125 0.708890115 0.8882901975 0.66706987 0.9017200175000001 0.6312239875
12 0.7246798225000001 0.5475456425 0.73475569625 0.53858102625 0.7412330462500001 0.51232754625 0.7527483062500001 0.47774979375 0.769301475 0.48991603 0.7761387000000001 0.48607406625000005 0.7829758699999999 0.48991603 0.791972175 0.47390780499999996 0.70740690625 0.366332535 0.6937325387500001 0.3420000375 0.62830631875 0.45211912750000005 0.62823942 0.45533827875 0.7146039500000001 0.45597864625 0.7246798225000001 0.5475456425
12 0.83599166625 0.5365049900000001 0.8373460737499999 0.53811170625 0.8412262375 0.5439458137500001 0.8424646187499999 0.54568550625 0.84370301 0.546603305 0.8550440075 0.55681954375 0.86461922625 0.56544159375 0.8738369125 0.56562624625 0.8859397075 0.5554565137499999 0.90846430375 0.5434921 0.91653285 0.5363134475 0.9262822862500001 0.53033124 0.9474621500000001 0.542893865 0.94376406 0.50460775625 0.941074545 0.46392873125 0.9249375537500001 0.3993209025 0.8862759162499999 0.39333869499999996 0.810633555 0.37957962375 0.8183658925 0.41906218 0.8247534475 0.43880348124999996 0.82408108125 0.46392873125 0.82278081375 0.49500247625 0.81356791375 0.5068351799999999 0.8209475512500001 0.5186946275 0.82763947 0.5274672375 0.83599166625 0.5365049900000001
12 0.9371681 0.44615604124999997 0.9711718275 0.44923265874999996 0.979528655 0.44256666 0.9443722775000001 0.35334450875 0.94725394875 0.33437197875 0.9423551175 0.32565487 0.91872538 0.29283754125 0.82022858 0.371021865 0.8175787325 0.37539369499999997 0.9242005812499999 0.39795558375 0.9371681 0.44615604124999997
12 0.74784230375 0.39846838625 0.7541819712500001 0.40718545749999996 0.80057689125 0.38667462 0.8170024075000001 0.37385534625 0.8466836275 0.34821679875 0.8236302587500001 0.2948886125 0.78847386 0.22463899999999998 0.7341110875 0.25379638 0.7305522775 0.38616183625 0.7386209650000001 0.40205774875000005 0.74784230375 0.39846838625
12 0.62082320125 0.21695874125 0.6231845899999999 0.23166539625 0.6482742475000001 0.2568767 0.6459128587499999 0.24427101875 0.6420756299999999 0.2232615825 0.645027355 0.18386885125 0.6476839112499999 0.12346666499999999 0.6529970025 0.08407393375 0.60547424375 0.01369224875 0.6006330062499999 0.01784724875 0.589830095 0.13922375750000002 0.60399838125 0.1738893925 0.60429354875 0.18754549 0.62082320125 0.21695874125
12 0.97924715875 0.44987001875 0.9900624525 0.44987001875 0.99431127875 0.46636570499999996 1 0.4594925075 0.9985601625 0.20037292125 0.98349604375 0.17700406375 0.92797914625 0.29983382 0.94796006875 0.3337129675 0.94487003625 0.35158327125 0.97924715875 0.44987001875
12 0.43614729250000006 0.15883991375 0.44169086625 0.1806825275 0.44169086625 0.19054690999999999 0.44169086625 0.20604814125 0.44169086625 0.22366313999999998 0.439315045 0.254665495 0.4357512975 0.271575905 0.52009317375 0.2398689075 0.57552914125 0.20957114125 0.572757355 0.16236291375 0.57038150375 0.0940167125 0.56602582625 0.03976253875 0.5236569212500001 0.05455912625 0.472180665 0.08062933 0.43786778 0.09876043875000001 0.43416743750000003 0.11515471125 0.43416743750000003 0.140520325 0.43614729250000006 0.15883991375
12 0.72607421875 0.08333333375 0.7255859375 0.0902777775 0.73046875 0.1059027775 0.73046875 0.11197916625 0.7041015625 0.194444445 0.70361328125 0.2152777775 0.7119140625 0.2378472225 0.7236328125 0.2387152775 0.7333984375 0.24826388875 0.74169921875 0.24826388875 0.744140625 0.2465277775 0.7431640625 0.24392361125 0.74951171875 0.24479166625 0.76318359375 0.2378472225 0.75244140625 0.235243055 0.75244140625 0.219618055 0.77880859375 0.2265625 0.7998046875 0.227430555 0.80322265625 0.219618055 0.810546875 0.2144097225 0.81982421875 0.18576388875 0.83056640625 0.1762152775 0.83935546875 0.1753472225 0.83251953125 0.164930555 0.82568359375 0.1440972225 0.82421875 0.12326388875 0.75830078125 0.08854166625 0.74658203125 0.07725694500000001 0.7431640625 0.07725694500000001 0.73681640625 0.086805555 0.72900390625 0.08072916625 0.72607421875 0.08333333375