12 0.1080000325 0.3615718875 0.3418373075 0.3312389075 0.31039351875 0.022022675000000002 0.30700173875000003 0.031135952499999998 0.10134920875 0.04868306625 0.1080000325 0.3615718875
12 0.42267007375 0 0.38122614874999994 0.01127695125 0.3081284325 0.02042582375 0.33822924875 0.327974465 0.50425491625 0.2780549825 0.5288316025 0.26200467 0.5361404125 0.2738382925 0.52589640625 0.09402131875 0.5038955175000001 0 0.42267007375 0
12 0.56041166625 0.49861519125000003 0.5298031375 0.7240609225 0.7284249275000001 0.71059440125 0.73177894625 0.49609256125 0.56041166625 0.49861519125000003
12 0.728485445 0.49457460500000006 0.731940295 0.70855410625 0.91410553625 0.7016618875 0.90835072 0.44005219250000005 0.728485445 0.49457460500000006
12 0.22944390875 0.8763577487499999 0.20207048749999998 0.8678339850000001 0.0108501975 0.8984388649999999 0.012611730000000002 0.99925263875 0.28696692375 0.9829945524999999 0.28643133875 0.88615092375 0.22944390875 0.8763577487499999
12 0.6759388362500001 0.02668902375 0.64065851875 0.04057822625 0.6043714575 0.0503511475 0.58280190375 0.0464144925 0.55862679125 0.05386041875 0.5500229025 0.09645556875 0.5451399275 0.24500087874999998 0.73699079 0.20372426624999998 0.72541776125 0.022893281249999998 0.7092056775000001 0.00456726375 0.6759388362500001 0.02668902375
12 0.6578085425000001 0.21958353875 0.588919895 0.23605098000000002 0.5470558400000001 0.24764957249999997 0.546175435 0.41126403625 0.5586288687500001 0.42848055875 0.62550403375 0.4037805575 0.74382282 0.380725445 0.7415964850000001 0.30681087625 0.73234735875 0.20547832124999998 0.6578085425000001 0.21958353875
12 0.7976701875000001 0 0.7708941174999999 0.0040283887499999995 0.7204816275 0.0078957475 0.73010330375 0.07704947375 0.7347400625 0.128413735 0.7378267875 0.198068785 0.7443861325000001 0.19896342625 0.8383590624999999 0.173582475 0.92687695625 0.15700703000000002 0.9242847437499999 0.06215297625 0.9179625225 0 0.7976701875000001 0
12 0.9241006537500001 0.15861784625 0.87838038125 0.16352308375 0.8179669925 0.1835338625 0.7732046750000001 0.1897634475 0.73885792 0.20358103249999998 0.74140135 0.29564315125 0.745763125 0.384770105 0.8919424975 0.35119066250000003 0.9430690262500001 0.33468799125 0.9348510312499999 0.23886768125 0.9241006537500001 0.15861784625
12 0.11532536 0.52399311375 0.1076794275 0.56791261125 0.1022177175 0.62983642625 0.1274971375 0.63209064375 0.15457051249999998 0.6300137287500001 0.19291983625 0.63126529625 0.2554930575 0.6278628725000001 0.29472716375 0.62625088875 0.30521819875 0.42415755875 0.27458131 0.43629270499999995 0.253011755 0.43235605125 0.21942782125000002 0.43633025750000004 0.19139649125 0.437082825 0.1616199925 0.44495845625 0.12123279375 0.43407836375000003 0.117125985 0.46654366625 0.12125051375 0.48859264375 0.11532536 0.52399311375
12 0.20523796749999998 0.7477386224999999 0.25845115 0.7436564087499999 0.29574495 0.7379997675 0.300273095 0.6761475674999999 0.30118894 0.6215616675 0.25551745 0.629258835 0.180759105 0.6308003612499999 0.13779074125 0.6326988149999999 0.10229089374999999 0.63402432375 0.09764079 0.68889669375 0.09193516374999999 0.7368608537500001 0.08950034875 0.7580151937499999 0.20523796749999998 0.7477386224999999
12 0.32917148500000004 0.61801717 0.37115750124999997 0.61339840375 0.44670305875 0.60340946625 0.47736433875 0.5926702850000001 0.47390068874999997 0.39444315125 0.44604010250000004 0.40496747874999994 0.36781581125 0.4221511 0.30902563125 0.428058985 0.30427796 0.4773474925 0.30336211625 0.5319333925 0.29745468124999996 0.62184814 0.32917148500000004 0.61801717
12 0.43118499499999996 0.7318030862499999 0.47599609625 0.7283654337500001 0.4766680225 0.65981987625 0.476430775 0.59274190375 0.41503503875 0.61003236875 0.30305606874999996 0.6214184325000001 0.30204265625000004 0.6704204699999999 0.29854564499999997 0.73778491375 0.31822367625 0.74046883875 0.33684618499999996 0.73624454875 0.37512233500000003 0.73330822 0.43118499499999996 0.7318030862499999