8 0.2085285975 0.848558075 0.27597143125 0.87595228375 0.27920897 0.86495513625 0.21006089 0.80951951125 0.16483831625 0.7786814575 0.15850438 0.75326567875 0.14568264125 0.70404817875 0.12578308875 0.7290772149999999 0.10327418625 0.80444320125 0.1080694675 0.8459995325 0.10730014 0.8540698062500001 0.1449451275 0.8266085062499999 0.2085285975 0.848558075
8 0.5897153275 0.96058559 0.6498819425000001 0.9035543225000001 0.6901362799999999 0.8257560725 0.64815760875 0.8068188775 0.58568301 0.888060975 0.52381751125 0.93994883875 0.4657922875 0.9285873125 0.37165436874999996 0.90564852875 0.36085197 0.9041423399999999 0.43539806875 0.9488820525 0.509476205 0.97556592125 0.5654884525 0.9621141425 0.5897153275 0.96058559
8 0.34771613625000003 0.83525494 0.30373721249999996 0.8373004625 0.3015767325 0.836999225 0.28245287 0.8768559975 0.47582535875 0.9381637775 0.50838642125 0.94106828625 0.5242663825 0.8893106525000001 0.36485883625 0.885074915 0.35960195749999996 0.84836075125 0.34771613625000003 0.83525494
8 0.29877534 0.7515621674999999 0.3955416975 0.792858035 0.50171294 0.80439056625 0.5385504225 0.64761147875 0.46572865999999996 0.69960721 0.3624744975 0.63450961875 0.33593327875 0.63735099 0.28982568875 0.75358532875 0.29877534 0.7515621674999999
8 0.2843001425 0.7473409475 0.28797294 0.7500559787500001 0.27501006125 0.74824855375 0.26653473375000003 0.79122556875 0.32841932 0.808031735 0.38227745125 0.81717673 0.46067654875 0.8444630737500001 0.48211475625 0.8032934825 0.4086584425 0.7930514049999999 0.33674078375 0.76666877625 0.2843001425 0.7473409475
8 0.30678270874999997 0.6905293075 0.31033434 0.69920205875 0.31079593625 0.6943598925000001 0.33408053125000003 0.6338216412500001 0.35861513500000003 0.62906497875 0.31123208375 0.59792568625 0.27881216 0.5476111025 0.2044453775 0.592849375 0.24288514249999998 0.6489098387500001 0.30678270874999997 0.6905293075
8 0.47380601875000006 0.8904524637500001 0.59000397 0.8886634499999999 0.58367003375 0.8632476712499999 0.59075421 0.8118991425000001 0.5497050925 0.8061756275 0.55588516375 0.8332054612500001 0.47332533499999996 0.82660059875 0.53165828875 0.8347340137499999 0.5302735 0.84926051 0.34324131125 0.8362665200000001 0.29972398375000003 0.83346987875 0.28769702375 0.8677741425000001 0.336157135 0.8876150475 0.3758151 0.8849670475000001 0.36933366 0.884063335 0.47380601875000006 0.8904524637500001
8 0.4818133875 0.8294196049999999 0.55202580125 0.8277608212500001 0.56588642125 0.728291875 0.57141921625 0.6472878774999999 0.54071090125 0.6479127162499999 0.49955246000000003 0.80408932875 0.4734728375 0.8020885325 0.47949904250000003 0.8307324212499999 0.4818133875 0.8294196049999999
8 0.28553654500000003 0.8674729050000001 0.31206503874999997 0.8188355125 0.24446833874999999 0.79305535875 0.19739937875 0.78158596625 0.1811989625 0.7907756887499999 0.28553654500000003 0.8674729050000001
8 0.3041606325 0.695070235 0.24087852999999998 0.646994545 0.18041054625 0.73015193375 0.174397065 0.74730406625 0.16344716375 0.770309945 0.2640665225 0.7941524425 0.2639126575 0.7957664962500001 0.26375879125 0.7973805525000001 0.26591927125000003 0.7976817900000001 0.26668859875 0.789611515 0.3041606325 0.695070235
8 0.16499218249999997 0.77706740125 0.2640665225 0.7941524425 0.27008000249999997 0.7770003099999999 0.3020001525 0.6947689975 0.2632590175 0.6648346562499999 0.2195751 0.61785604875 0.20491333625 0.61090522 0.20275922000000002 0.63350199375 0.18007736375 0.6417880024999999 0.186257435 0.66881783625 0.14784312 0.7043494162499999 0.16544741625 0.7493272249999999 0.16760789625 0.74962846375 0.16499218249999997 0.77706740125
1 0.31308483125 0.601455035 0.45955495125 0.6954753875 0.52944690625 0.65124869375 0.5896135225 0.59421742625 0.5636814 0.56770456375 0.5457821012499999 0.57175088375 0.5044188912500001 0.54635747 0.40965914750000004 0.506976895 0.411511895 0.51050624375 0.38156654625 0.48016279625 0.27032410625000003 0.54479209625 0.2988783025 0.56676403 0.31308483125 0.601455035
8 0.46490842875 0.52449340375 0.53744791375 0.5673178237500001 0.5613670562499999 0.5690173825 0.5896135225 0.59421742625 0.575573585 0.6037083875 0.6024288975000001 0.6205369175 0.5826832125 0.64395189875 0.57590040375 0.66917430625 0.60306344875 0.68277472625 0.6660187325 0.66538449625 0.5233888875 0.5081147525 0.50240591375 0.5215441675 0.48434638375 0.5043065325 0.46104906625 0.5190487625 0.46490842875 0.52449340375
8 0.7059717012500001 0.61371236625 0.5780227075 0.5320874825 0.5610529625 0.54934748125 0.6646275787499999 0.6570129825 0.6630825625 0.6502555250000001 0.7059717012500001 0.61371236625
8 0.59472926 0.6783416662499999 0.57096398125 0.67502805375 0.55371832125 0.8100062149999999 0.58643325 0.8112966675 0.5870487125 0.80484044625 0.59472926 0.6783416662499999
8 0.6160326899999999 0.7074801637500001 0.6189624975 0.69971112375 0.59087626 0.6957950350000001 0.5908953499999999 0.76448906625 0.56496959125 0.7608742150000001 0.5609690875 0.8028396512499999 0.5924530925 0.8170425462500001 0.59493402875 0.859911695 0.5946262975 0.86313980375 0.6706728737500001 0.7543509025 0.63517564125 0.73631742125 0.64149685125 0.71593718 0.6160326899999999 0.7074801637500001
8 0.595351085 0.69478345625 0.6249823412500001 0.7054570025 0.62189866875 0.71484009625 0.64551008 0.719767765 0.63748998625 0.73500460375 0.66619804875 0.75536248125 0.64846534 0.80359076875 0.6819559574999999 0.81970895625 0.6841164387499999 0.82001019375 0.70894604875 0.7662294 0.6882389925 0.6619406512499999 0.6083076012499999 0.67369287125 0.595351085 0.69478345625