16 0.1086956525 0.35135135125 0.078502415 0.40786240749999997 0.079710145 0.42014742 0.24154589375000002 0.41400491375000004 0.25966183625 0.41891891875 0.29468599 0.41891891875 0.3007246375 0.364864865 0.29347826125 0.345208845 0.27173913 0.345208845 0.26690821249999996 0.3329238325 0.25845410625 0.32678132625000006 0.23671497625000001 0.32678132625000006 0.2222222225 0.3329238325 0.21256038624999998 0.3476658475 0.1086956525 0.35135135125
16 0 0.78009828 0.02415458875 0.81326781375 0.03019323625 0.8378378375 0.0398550725 0.84889434875 0.056763285000000004 0.8906633912499999 0.0736714975 0.9176904175 0.11594202875000001 0.9238329237499999 0.2657004825 0.92628992625 0.27053140124999997 0.92137592125 0.27173913 0.89926289875 0.2777777775 0.88943489 0.27657004874999996 0.8710073712499999 0.20893719749999998 0.6068796075 0.23067632875000002 0.51351351375 0.21739130375 0.5073710075000001 0.18236715 0.5073710075000001 0 0.51351351375 0 0.78009828
16 0.23188405750000002 0.5122850125 0.21135265749999999 0.59090909125 0.2101449275 0.61425061375 0.22946859875 0.69901719875 0.26932367125 0.83415233375 0.28019323625 0.8918918925 0.29468599 0.9176904175 0.4710144925 0.91154791125 0.48309178750000004 0.9090909087500001 0.487922705 0.9017199012499999 0.4710144925 0.6130221124999999 0.46980676375 0.50368550375 0.46376811625000003 0.49631449625 0.42874396124999997 0.49631449625 0.26449275375 0.50368550375 0.239130435 0.50614250625 0.23188405750000002 0.5122850125
16 0.4939613525 0.52334152375 0.50120773 0.6277641275 0.50845410625 0.9176904175 0.51328502375 0.9348894350000001 0.5181159425 0.9373464375 0.6352657 0.9348894350000001 0.7101449275 0.9275184274999999 0.7657004825 0.6081081075 0.7330917875 0.5110565112500001 0.72705314 0.5073710075000001 0.66787439625 0.5073710075000001 0.510869565 0.51597051625 0.5 0.5171990175 0.4939613525 0.52334152375
16 1 0.46314496374999997 0.97705314 0.42628992625 0.8466183574999999 0.42137592124999995 0.76449275375 0.42628992625 0.75845410625 0.43120393125 0.7548309175 0.46928746875 0.7403381637500001 0.5319410325 0.76449275375 0.6056511062500001 0.76449275375 0.6167076162499999 0.73550724625 0.78378378375 0.7330917875 0.8169533174999999 0.7403381637500001 0.8243243237500001 0.91666666625 0.82678132625 1 0.59336609375 1 0.46314496374999997
16 0.7403381637500001 0.5073710075000001 0.7439613525 0.5024570025 0.7342995175 0.41891891875 0.5289855075 0.41031941000000005 0.51449275375 0.47665847624999996 0.5169082125 0.51597051625 0.7403381637500001 0.5073710075000001
16 0.25 0.50122850125 0.31642512125 0.5024570025 0.4722222225 0.48894348875 0.46980676375 0.41031941000000005 0.44927536250000005 0.41031941000000005 0.2657004825 0.42137592124999995 0.25120773 0.47911547875 0.25 0.50122850125
16 0.0072463762499999996 0.49385749375000004 0.006038647499999999 0.50368550375 0.010869565000000001 0.5110565112500001 0.2330917875 0.50614250625 0.2548309175 0.42014742 0.25362318875 0.41400491375000004 0.2342995175 0.41400491375000004 0.04589372 0.42383292375000003 0.03743961375 0.44717444749999996 0.0072463762499999996 0.49385749375000004
16 0.29468599 0.40909090875 0.3007246375 0.41891891875 0.46859903375 0.41154791125 0.47705314 0.54914004875 0.47826087 0.555282555 0.49275362375 0.555282555 0.49879227 0.5110565112500001 0.4951690825 0.345208845 0.464975845 0.34152334125000006 0.31521739125 0.3476658475 0.3007246375 0.37837837874999997 0.29468599 0.40909090875
16 0.51449275375 0.4004914 0.52415458875 0.41154791125 0.714975845 0.4176904175 0.71980676375 0.39680589625 0.70772946875 0.34398034375000003 0.6727053137500001 0.34152334125000006 0.52415458875 0.345208845 0.5169082125 0.35626535625 0.51449275375 0.4004914
16 0.7439613525 0.4926289925 0.7548309175 0.47051597 0.760869565 0.42628992625 0.84057971 0.42137592124999995 0.94565217375 0.42383292375000003 0.9504830912500001 0.4004914 0.9154589375000001 0.34643734625 0.8828502412500001 0.34398034375000003 0.72342995125 0.34889434874999997 0.7342995175 0.39557739499999994 0.7439613525 0.4926289925