2 0.39769465 1 0.4104337075 0.9842020775 0.42373948499999997 0.9910715312499999 0.44076310125 0.9735394712500001 0.45792807750000003 0.93414627 0.45658748250000003 0.8661895125 0.47208202125 0.8098488825 0.43778326749999996 0.67735269125 0.38774906625 0.56963384625 0.34582614999999994 0.5150888675 0.31434994875 0.49664505 0.289885345 0.4949816225 0.2572676425 0.51542989 0.2270377975 0.57951692 0.21226067875 0.66254888375 0.20616559375000001 0.77930866875 0.21280022875000001 0.85438543375 0.23822846375 0.98230199 0.24993581375 1 0.39769465 1
2 0.76205424875 0.4923578025 0.7879012625 0.48669242250000005 0.78675445375 0.45758599625 0.81116663 0.39853795374999995 0.8122610112499999 0.36693291250000004 0.7853036962500001 0.200207785 0.76961006375 0.14969957125 0.7422810925000001 0.10926933375 0.71309320375 0.0810398525 0.6464579625 0.047885775 0.5670509112500001 0.04200377125 0.563823485 0.04199462125 0.53425863125 0.07206151375 0.5187169724999999 0.13568919125 0.53866269 0.28563392625 0.60333795625 0.400180465 0.66700777625 0.463759435 0.7082603925 0.48432603375 0.76205424875 0.4923578025
2 1 0.36075413375 0.9532727775 0.30666690125 0.92666122375 0.29292799375 0.84634475125 0.18858471125 0.7979391750000001 0.17309885875 0.7787214887499999 0.18584248750000001 0.8088258937499999 0.34761214500000004 0.8062077412499999 0.40840713375 0.8368722825 0.414733715 0.8687778724999999 0.43559262875000004 0.93621796 0.535481555 0.9607402974999999 0.6658549675000001 1 0.6663551475 1 0.36075413375
2 0.94060609875 0.54505842 0.93402389125 0.5306931225 0.87454842125 0.43784068750000005 0.8355369937499999 0.41477547375 0.80706652 0.413237325 0.7854662849999999 0.45034070875 0.777218945 0.4870264975 0.7100250737499999 0.48669937124999996 0.7025422725 0.542789445 0.7058831487499999 0.576684305 0.73255243375 0.719133195 0.75754597625 0.7766361412499999 0.81182164625 0.84779447375 0.86814472125 0.8776038625 0.88464470625 0.87223079875 0.9144922825 0.7984416262499999 0.9546923337500001 0.775327705 0.9629867925000001 0.73135486875 0.9633166362500001 0.68034554125 0.94060609875 0.54505842
2 1 0.728043435 0.98931031625 0.7208175400000001 0.9617457437500001 0.716822535 0.9538335524999999 0.77049751375 0.902380435 0.81339155375 0.8792564275 0.8796848837500001 0.8504561125 0.9291560612499999 0.8391088037500001 0.96351027375 0.8405465187500001 1 1 1 1 0.728043435
2 0.69732482625 1 0.6833564275 0.96352417 0.6343747925000001 0.8994858462499999 0.6089047424999999 0.84685485125 0.5798110925000001 0.8040512775 0.5302115875 0.766746045 0.50484108375 0.76753947375 0.47985285125 0.77803504375 0.4552521925 0.8662312725 0.45454008 0.90753845625 0.46880418375 0.97266252375 0.47001121124999995 1 0.69732482625 1
2 0.83863467875 1 0.84449708375 0.9560561900000001 0.8770152400000001 0.88218349875 0.8202627737500001 0.84995901375 0.77476338 0.79795440875 0.7448580699999999 0.7430335975 0.72396463875 0.67083127875 0.7146647325000001 0.6638365487500001 0.7030818225000001 0.7346259949999999 0.679622665 0.783930135 0.6500578137499999 0.8139970275 0.602322535 0.832489555 0.627363195 0.88270545375 0.71457682 1 0.83863467875 1
2 0.13667746625 0.10149499625000001 0.1214603425 0.04611483125 0.00368873875 0.04979797875 0.0050399237500000004 0.06803897874999999 0.010442821250000001 0.078729045 0.04358946125 0.11412029374999999 0.11398285 0.17020342125 0.1209944475 0.18698381375 0.15122959875 0.1908953 0.15752377625 0.18098435999999998 0.15294185000000002 0.13255716625 0.13667746625 0.10149499625000001
2 0.2693688775 0.36448293 0.33165098 0.3673921925 0.34199814875 0.35006892749999996 0.34857504874999995 0.2964357075 0.3662165375 0.25217055625 0.3895343325 0.22472755500000002 0.415428465 0.21177513125 0.4042172125 0.15626968625 0.37063587499999995 0.050464826250000004 0.36181247874999994 0.03859814375 0.2589951775 0.04181361625 0.25670686625 0.05159927625 0.25365401875 0.04198065375 0.11745447375 0.046240108749999995 0.14984188125 0.13022559 0.1561413675 0.188313165 0.1675411025 0.21467042249999999 0.18833498625 0.2334483175 0.217810905 0.2859540325 0.2253461325 0.2905754275 0.23273999875 0.31705796124999996 0.24604577625000001 0.32392741625 0.2543455425 0.34795309500000005 0.2693688775 0.36448293
2 0.23393923625 0.40687586000000003 0.21048538625 0.524178515 0.21306172375 0.53866909 0.20433787375 0.58022683 0.21483170999999998 0.6090409425 0.21926696875 0.61133075875 0.25454994375 0.52280045625 0.2823029975 0.49764727375 0.3338556625 0.50817765625 0.3864608975 0.5623885574999999 0.366855635 0.49743152875 0.32459757000000006 0.42589736125 0.28787445125 0.39304648625 0.24924529125 0.37968341375000003 0.23393923625 0.40687586000000003
2 0.105694335 0.9014484625 0.1587760775 0.9507874150000001 0.16650509375 0.99425914 0.17404032125000002 0.99888053375 0.18619929 0.97664356 0.18991713000000002 0.952242045 0.18952955375 0.87454138625 0.16620114625 0.765987355 0.14831344375 0.71069070875 0.070054985 0.700995515 0.105694335 0.9014484625
2 0.92439499875 0.06847370375 0.7081369399999999 0.052454588749999996 0.71886375125 0.08328791 0.76961006375 0.14969957125 0.7913098475 0.16602060999999999 0.832180195 0.17688506625 0.8673742362500001 0.17092737249999998 0.9040449275 0.1430667775 0.92216292625 0.09392967499999999 0.92439499875 0.06847370375
2 0.560247005 0.04453499625 0.57036555125 0.0422493 0.5011355025 0.03712114875 0.36047719 0.03863990375 0.37592991374999996 0.057584834999999994 0.42209960750000003 0.1435678175 0.4725578925 0.18570324124999998 0.51843425 0.1794114725 0.5228642025 0.11370277375 0.54231749 0.06452391125 0.560247005 0.04453499625
2 0.6611474325000001 0.6049399775 0.66375328625 0.5662878 0.64888177625 0.51818240125 0.6264667575 0.50316941625 0.60065730125 0.48683404750000003 0.58604773625 0.56014667375 0.56265010875 0.53516461625 0.55782645 0.5524579937499999 0.5522173275 0.56977593625 0.5669471275 0.59931470125 0.56807145 0.62785041375 0.5707389825 0.66062349375 0.5773615575000001 0.6889872575 0.5835929587500001 0.73736286625 0.5833126575 0.7402287187500001 0.5892606375 0.751471055 0.60053744125 0.74826130125 0.60752346875 0.7608997150000001 0.61543354875 0.7520810775 0.6285892975 0.74166984125 0.63832289 0.7342227200000001 0.6565025662499999 0.75651087375 0.6580149375000001 0.72503561375 0.6550116699999999 0.7037013812499999 0.6605653562499999 0.69495643375 0.6797245225 0.6872145399999999 0.6749808975 0.651649295 0.67208849875 0.61316907 0.6611474325000001 0.6049399775
2 0.46749179124999996 0.47528464 0.4344468475 0.48488933625 0.430664355 0.54357792 0.418488095 0.523959105 0.46007164375000004 0.6512275737500001 0.521233245 0.74645580125 0.59512858625 0.81557201 0.650896565 0.8138279425 0.702225815 0.72936715375 0.7132437925 0.64473850125 0.7004452537500001 0.55942613375 0.66312788625 0.46059512249999995 0.6210731349999999 0.40619712 0.5911669275 0.37570443625000005 0.5587903325 0.32243230875 0.53735792625 0.3173884025 0.5131779550000001 0.33243003375 0.4913543775 0.347397975 0.47225377 0.38656600124999996 0.46749179124999996 0.47528464
2 0.24202327624999997 0.32662459374999997 0.2335803125 0.33688844125 0.2257779825 0.2885619625 0.2179233375 0.288807605 0.19533889250000003 0.2595144825 0.18377866874999998 0.22559096374999998 0.16761965 0.21466796500000002 0.15650915375 0.19215873125000002 0.12250931625 0.18750785625 0.11400779625 0.16634557375 0.097848775 0.1554225725 0.07436799625 0.14330001125 0.06376266375 0.12363206625 0.045724697499999994 0.1199105475 0.02344827125 0.083465075 0.00667241 0.09007752999999999 0.02838245375 0.38316312750000003 0.046393424999999995 0.4213123625 0.11524024375 0.5020148075 0.176198455 0.5072511399999999 0.21712264125 0.45311517375 0.22817458125 0.44419828 0.23975628000000002 0.393837045 0.24595372000000001 0.3665008975 0.24202327624999997 0.32662459374999997
2 0.1745197775 0.5644453887499999 0.19090053875 0.5410764025 0.21280727 0.51324896875 0.22660365 0.44424740749999997 0.19650654 0.483759335 0.17647875500000001 0.5043852875 0.148454615 0.5066902475 0.12228170499999999 0.5060802275 0.10432689375000001 0.48949921500000004 0.06746237625 0.44208161500000004 0.051078493749999995 0.42545147499999997 0.03272938875 0.38888318 0.02820606 0.38078180375000004 0.03601181625 0.4861595125 0.048420323749999994 0.5126757737500001 0.072631135 0.53334676875 0.08003605125 0.52168684125 0.1086239125 0.5536492975 0.1113160425 0.542136755 0.1313469475 0.56150993 0.15939880374999998 0.55491847125 0.1745197775 0.5644453887499999
2 0.21157519624999999 0.54185837625 0.21603228125 0.5002912162500001 0.1955856075 0.54521551375 0.16798347875 0.56322126 0.1355268525 0.5628077512499999 0.11025027625 0.545027175 0.10158245125000001 0.54958388 0.0821398625 0.5201925012499999 0.07134050625 0.5305300425 0.049794107500000004 0.50263300375 0.03591758375 0.48488738625000005 0.03837707625 0.51809052875 0.058471298750000004 0.61807367875 0.08874096125 0.6328410175 0.07760586875 0.6546174087500001 0.11960206124999999 0.67758927625 0.13370958375 0.6414344912500001 0.159882495 0.6420445125 0.20080668 0.587908545 0.21157519624999999 0.54185837625
2 0.11275774625 0.68351749875 0.11180285375 0.66926192375 0.08823579625000001 0.6299997275 0.054094247500000005 0.606782215 0.06922146374999999 0.6963073887500001 0.10451193 0.7037749875 0.16117624500000002 0.6848603637499999 0.20372367375 0.582103145 0.16773713875 0.6417988674999999 0.130595445 0.63724625 0.11275774625 0.68351749875
2 0.34634834499999995 0.3047909 0.35693532125 0.44874272125 0.37710793875 0.4866825325 0.40300366875000004 0.5301575337500001 0.41189324 0.491308845 0.4073190425 0.47002374 0.40922258624999996 0.41853663625000004 0.4182261475 0.40254107875 0.416399515 0.36117043625 0.4287420825 0.35507026625000004 0.42394302125000005 0.32807801750000004 0.45835862624999996 0.26843142375 0.484697845 0.24332245624999999 0.46677075125 0.2224549475 0.4333315125 0.21207236375000002 0.3950409 0.22326965625 0.35523791375 0.26594221 0.34634834499999995 0.3047909
2 0.42131257125 0.4110158175 0.4086897025 0.41998184375000003 0.404177185 0.4701219975 0.41186552249999997 0.49559534125 0.409875705 0.519942815 0.42611787624999997 0.51800631875 0.4365506575 0.48339499875 0.47197971375000003 0.46943010749999997 0.47441301750000003 0.3764986675 0.4900360325 0.34886774875 0.51157930875 0.33676566125 0.5434167775000001 0.31148474375 0.56139930875 0.32377926 0.5401609275 0.28872986875 0.51207823 0.25960869625 0.48548331 0.2432978925 0.45521677 0.26852968125 0.42183920999999996 0.32957235375000005 0.4284617825 0.3579361175 0.41272477625 0.3627139025 0.42131257125 0.4110158175