4 0.29596560875 0.568204365 0.2929894175 0.568204365 0.291997355 0.56969246 0.29596560875 0.569444445 0.29596560875 0.568204365
4 0.2119709 0.387896825 0.21428571375 0.39012896875 0.21660052875000002 0.3883928575 0.21660052875000002 0.38293650749999997 0.21329365125 0.37624007875 0.21064814874999999 0.3784722225 0.21031745999999998 0.38343254000000004 0.2119709 0.387896825
4 1 0.30133928625 0.9490740737500001 0.31870039625 0.8548280425 0.3459821425 0.72089947125 0.38938492125 0.64484127 0.419146825 0.63822751375 0.419146825 0.6481481487499999 0.46254960375000004 0.6663359787500001 0.45262896875 0.6960978837499999 0.45138888875 0.6845238100000001 0.51959325375 0.6663359787500001 0.575396825 0.72255291 0.6063988100000001 0.71593915375 0.6212797625 0.674603175 0.6014384925 0.70601851875 0.62624007875 0.6994047625 0.6361607137499999 0.71593915375 0.67708333375 0.7490079362500001 0.6795634925 0.889550265 0.6994047625 0.99867724875 0.70436507875 0.99867724875 0.53075396875 1 0.46924603125 1 0.30133928625
11 0.7192460312500001 0.24057539625000002 0.70436507875 0.25049603125000003 0.672949735 0.23561507875 0.6564153437500001 0.243055555 0.60681216875 0.2393353175 0.5324074075 0.23561507875 0.48776454999999996 0.243055555 0.46296296249999996 0.2777777775 0.45138888875 0.32862103125 0.459656085 0.37202381 0.48115079375 0.3856646825 0.50099206375 0.39310515875 0.56878306875 0.40302579375 0.64153439125 0.4154265875 0.64762738 0.4165690225 0.70601851875 0.39186507875 0.7572751325 0.37450396875 0.770502645 0.3273809525 0.770502645 0.2876984125 0.76223545 0.2579365075 0.7192460312500001 0.24057539625000002
4 0 0.5529376100000001 0.026455026250000003 0.5915178575 0.049603175000000006 0.64236111125 0.07605820125 0.66220238125 0.087632275 0.6981646825 0.11078042375000001 0.70436507875 0.11243386250000001 0.6907242062500001 0.1322751325 0.6845238100000001 0.145502645 0.6671626987499999 0.19014550249999998 0.64484127 0.2298280425 0.6063988100000001 0.2595899475 0.57787698375 0.29431216875 0.546875 0.3174603175 0.53075396875 0.34556878249999995 0.5121527775 0.31911375625 0.48239087249999996 0.264550265 0.51587301625 0.264550265 0.4836309525 0.2777777775 0.478670635 0.264550265 0.43774801625000004 0.27281745999999996 0.40302579375 0.2496693125 0.39186507875 0.2380952375 0.4055059525 0.17526455 0.4352678575 0.1025132275 0.46750992125 0.049603175000000006 0.49603174625 0 0.51959325375 0 0.5431547625 0 0.5529376100000001
4 0.26124338625 0.78000992125 0.262896825 0.8134920637499999 0.322420635 0.8234126987499999 0.37037037 0.8258928575 0.42824074125 0.8122519837500001 0.47619047625 0.791170635 0.5357142862500001 0.75520833375 0.5654761899999999 0.752728175 0.6101190475 0.7353670637499999 0.6200396825 0.7266865075 0.60185185125 0.7155257937499999 0.49603174625 0.70932539625 0.458002645 0.66468254 0.41666666625 0.625 0.38359788375000003 0.59399801625 0.36541005249999997 0.5915178575 0.35383597875 0.5704365075 0.35879629625 0.55927579375 0.262896825 0.575396825 0.20833333375 0.625 0.16865079375 0.6597222225 0.17526455 0.6584821425 0.19841269874999998 0.70560515875 0.22817460374999998 0.7192460312500001 0.25462963 0.7452876987499999 0.26124338625 0.78000992125
4 0.33399470875 0.30133928625 0.36375661375 0.2889384925 0.40674603125 0.29141865125 0.459656085 0.29141865125 0.46296296249999996 0.283978175 0.46957672 0.25669642875 0.49603174625 0.234375 0.5820105825 0.234375 0.6316137562499999 0.24925595250000002 0.654761905 0.11036706375 0.6183862437500001 0.12276785750000001 0.48445767250000005 0.13392857125000002 0.39186507875 0.146329365 0.2876984125 0.1512896825 0.26620370375 0.16741071375 0.25297619 0.1909722225 0.21329365125 0.21081349249999998 0.20833333375 0.23313492125 0.205026455 0.234375 0.284391535 0.27653769875 0.33399470875 0.30133928625
13 0.15707672 0.23189484125 0.68287037 0.51463293625 0.68617724875 0.49975198374999996 0.15873015875 0.21329365125 0.15707672 0.23189484125
13 0.20171957625 0.26165674625 0.19841269874999998 0.26413690500000003 0.19841269874999998 0.2591765875 0.18849206375000002 0.26041666625000004 0.48115079375 0.693204365 0.4927248675 0.6845238100000001 0.20171957625 0.26165674625
13 0.20171957625 0.2579365075 0.19675925875 0.2591765875 0.5869709000000001 0.625 0.596891535 0.6138392862500001 0.21825396875 0.2579365075 0.20171957625 0.2579365075
13 0.5324074075 0.6870039687499999 0.30092592625000003 0.35466269875 0.27612433875000003 0.33234127 0.5215833475 0.6894841275 0.5224867725 0.6894841275 0.5324074075 0.6870039687499999
13 0.42162698374999996 0.37078373 0.33399470875 0.32614087249999996 0.70436507875 0.6200396825 0.7175925925 0.6113591275 0.41832010625000005 0.37078373 0.42328042375 0.37450396875 0.42162698374999996 0.36954365125000005 0.42162698374999996 0.37078373
13 0.42162698374999996 0.53075396875 0.54894179875 0.7105654762499999 0.54894179875 0.7080853175 0.5505952375 0.70560515875 0.5505952375 0.70436507875 0.5505952375 0.70188492125 0.54894179875 0.70188492125 0.5522486775000001 0.6994047625 0.54398148125 0.703125 0.55886243375 0.69196428625 0.362103175 0.40798611125 0.3125 0.37202381 0.42162698374999996 0.53075396875
13 0.40178571375 0.40798611125 0.459656085 0.44890873 0.52744709 0.50719246 0.6200396825 0.576636905 0.6994047625 0.63740079375 0.712632275 0.6299603175 0.45138888875 0.42162698374999996 0.33399470875 0.33234127 0.33399470875 0.33482142875 0.37698412750000004 0.3856646825 0.40178571375 0.40798611125
13 0.70932539625 0.7279265875 0.7076719575 0.7217261899999999 0.712632275 0.72420634875 0.7275132275 0.72048611125 0.58531746 0.45262896875 0.5605158725 0.44766865125000005 0.70932539625 0.7279265875
13 0.46626984125 0.50843254 0.44146825375 0.48983134874999995 0.57408995875 0.66814284875 0.5803571425 0.66344246 0.58407738125 0.66530257875 0.5902777775 0.66344246 0.46626984125 0.50843254
13 0.61177248625 0.47123015875 0.575396825 0.39806547625 0.555555555 0.400545635 0.6398809525 0.55431547625 0.72420634875 0.711805555 0.7258597887499999 0.7105654762499999 0.7275132275 0.70932539625 0.73578042375 0.70436507875 0.6960978837499999 0.62624007875 0.64318783125 0.5220734125 0.61177248625 0.47123015875
13 0.67262466 0.70659441625 0.51917989375 0.49479166625 0.48611111125 0.4737103175 0.6663359787500001 0.7217261899999999 0.6679894175 0.7105654762499999 0.6686507937499999 0.710069445 0.66468254 0.7105654762499999 0.67262466 0.70659441625
13 0.59854497375 0.55307539625 0.56712963 0.53943452375 0.6927624975000001 0.7254678087499999 0.70271164 0.7180059525 0.59854497375 0.55307539625