13 0.435737585 0.07552083375 0.427108765 0.10286458375 0.60757185 0.77994791625 0.61928782375 0.7734375 0.435737585 0.07552083375
13 0.1507415775 0.19270833375 0.15553057125 0.20833333375 0.50212809625 0.36197916625 0.5089624137500001 0.34635416625 0.1507415775 0.19270833375
13 0.038370845 0.29166666625000004 0.0355072025 0.30338541625000004 0.04032350625 0.31119791625000004 0.34200980375 0.44270833375 0.33810447875 0.41927083375 0.038370845 0.29166666625000004
13 0.11354833624999999 0.25520833374999996 0.388046265 0.6484375 0.39766067374999997 0.63671875 0.11647733 0.23828125 0.11354833624999999 0.25520833374999996
12 0.49724644124999995 0.90494791625 0.47576715875 0.6028645837500001 0.3830157075 0.61328125 0.1370697025 0.66015625 0.16334122 0.98177083375 0.21703942874999999 0.9765625 0.32638850625000004 0.93880208375 0.49724644124999995 0.90494791625
12 0.7540215087500001 0.62109375 0.56461328375 0.6328125 0.5726165775 0.89713541625 0.67103336875 0.87239583375 0.8174830274999999 0.85026041625 0.81357770375 0.6236979162499999 0.7540215087500001 0.62109375
12 0.80479072375 0.05859375 0.614608765 0.15625 0.7315658949999999 0.5234375 0.917068795 0.41927083375 0.85653627 0.26432291625000004 0.80479072375 0.05859375
12 0.1652938825 0.3828125 0.19263115125 0.390625 0.25999799500000004 0.3828125 0.38887369374999997 0.37239583375 0.40254232875 0.140625 0.25121101500000004 0.18359375 0.1516252475 0.17317708375 0.095077515 0.1640625 0.08914006000000001 0.18489583375 0.05203948 0.37630208375 0.1652938825 0.3828125
12 0 0.62225163875 0.0364181825 0.65625 0.12038265375 0.84765625 0.3011322025 0.625 0.232660725 0.484375 0.1233116475 0.32291666625 0.0012702649999999998 0.41796875 0 0.48361464875000004 0 0.62225163875
12 0.86656189 0.60546875 0.6876309974999999 0.38151041625 0.5099387449999999 0.69921875 0.6602937274999999 0.87239583375 0.86656189 0.60546875
12 0.44061923999999997 0.5013020837500001 0.61050084375 0.5065104162499999 0.64760142375 0.45052083375 0.6456487612499999 0.34244791625 0.5441103325000001 0.35416666625 0.5001754350000001 0.36458333375 0.444524565 0.38151041625 0.34005714125 0.41536458375 0.3595837625 0.5794270837500001 0.381063045 0.6119791662499999 0.43671391625 0.6080729162499999 0.44061923999999997 0.5013020837500001
12 0.43085593000000005 0.08984375 0.40254232875 0.19140625 0.39766067374999997 0.2890625 0.681015015 0.41927083375 0.6856783350000001 0.3984375 0.61635883 0.15625 0.43085593000000005 0.08984375