1 0.98269301125 0.1384145425 0.50114435 0.2466240725 0.5009071525000001 0.24460166749999998 0.48894523874999996 0.3325735825 0.50639479 0.3687870325 0.9909941600000001 0.31135449875 0.99600861875 0.14211652875 0.98269301125 0.1384145425
1 0.25323004375 0.08235655124999999 0.22298387125000002 0.09469607125 0.1523256375 0.1235096375 0.13580090875 0.19552721125000003 0.0861352775 0.37033898375 0.017827235 0.6068262237500001 0.42237487375 0.67060287375 0.46988048624999995 0.25182515250000004 0.25323004375 0.08235655124999999
4 0.18623652750000003 0.63494545625 0.160851115 0.6312950875 0.160100285 0.63187217625 0.15944767875 0.65191894625 0.13804091875 0.6804687850000001 0.11873476374999999 0.7227956675 0.14261414249999999 0.72413531625 0.2350162325 0.7371998525 0.36061694375000003 0.75793002 0.45314241125000004 0.7947672950000001 0.47070846250000004 0.7932751175 0.48064719250000004 0.8001377137500001 0.5085857225 0.80378836875 0.50816178875 0.7877591625 0.4698522525 0.63779522625 0.4609402 0.59613013 0.43501382624999996 0.58721127625 0.42413272874999997 0.66861029125 0.18623652750000003 0.63494545625
13 0.5339417825 0.3196624775 0.52540277125 0.307237025 0.52402774375 0.30749932125 0.514549255 0.3103923175 0.5049853774999999 0.31370027375 0.49679137249999994 0.31932866375 0.50955088875 0.3416291625 0.56741502125 0.43943594750000003 0.62877166625 0.54373910625 0.7094805162500001 0.6767720825000001 0.7345811225 0.716671285 0.7464763000000001 0.7154481225000001 0.7566750299999999 0.71206193 0.7663710725 0.70875951875 0.7673074599999999 0.70587130625 0.72430015375 0.635836865 0.64340794625 0.5020094187499999 0.5719223925 0.38400024250000003 0.5339417825 0.3196624775
13 0.45787118875 0.28713638625000004 0.45164830625 0.29116772625 0.46312903624999996 0.31308486625 0.48726955375000003 0.35151787125 0.61193991375 0.55160532625 0.69613106375 0.68047583125 0.7071785774999999 0.6785235237499999 0.7100428475 0.67663756625 0.6057842675 0.50475688125 0.4962262025 0.31972416625 0.4990221375 0.31636412 0.47872731625 0.28495043375 0.4710741725 0.2849960225 0.45787118875 0.28713638625000004
13 0.77088648 0.588489075 0.6745672349999999 0.50177430875 0.60785144125 0.44109283125 0.6628362975000001 0.53197730125 0.764195095 0.6308615774999999 0.77088648 0.588489075
13 0.443838965 0.341038705 0.44362859625 0.34211446 0.44359531375000005 0.34233263125 0.47179485 0.38795670875 0.4849644325 0.40724429125 0.49446731499999996 0.4078889325 0.53516203 0.48701174375 0.6122241537499999 0.60588589375 0.69334603625 0.73560176 0.7120992775 0.73263320875 0.72404906 0.7270944 0.609851735 0.54932373375 0.50372284625 0.38483426375 0.47028558750000005 0.33275604625 0.45107971874999997 0.33523021 0.443838965 0.341038705
13 0.52725689625 0.54757401375 0.6428501087499999 0.8042171425 0.6613016325 0.84429524625 0.67368155875 0.84351619 0.6880384574999999 0.84098601625 0.69508345625 0.8357714887500001 0.6116344137499999 0.6560078275 0.5837424662499999 0.59559393875 0.51083818 0.4421907875 0.49455890875 0.40701279749999997 0.4801210425 0.40924937875 0.46545992249999996 0.412426025 0.47363477125000003 0.43431386625 0.52725689625 0.54757401375
13 0.59203500375 0.79062433625 0.5222367475 0.5856435575 0.47737599125 0.451554825 0.45841688124999996 0.39663870625000003 0.45111213874999995 0.39616446125000004 0.43569813375000005 0.39801783999999996 0.42804813875000003 0.40159352125 0.43801654624999997 0.43103738125 0.46981873375 0.5264773837500001 0.49567099 0.60464422625 0.52227976125 0.6909169262499999 0.5677593237499999 0.827376355 0.57785584625 0.8291329500000001 0.5915096950000001 0.8280210112499999 0.60093808125 0.8233833212499999 0.59203500375 0.79062433625
13 0.52004527625 0.83052796625 0.5421995625 0.83206914125 0.55659379 0.8309523900000001 0.52092393375 0.6890199025 0.477581535 0.5539491725 0.44652943749999996 0.46043310125 0.440864545 0.51668313 0.44753657875 0.54726308 0.47396622625 0.6519601075 0.512761495 0.8020557662500001 0.52004527625 0.83052796625
13 0.4795611825 0.40155696125 0.46331134625 0.402842745 0.4704757025 0.42629347 0.48757284875 0.48422948624999995 0.5224426675 0.5847163175 0.56185302125 0.7017960449999999 0.595721685 0.8057980062500001 0.6032783899999999 0.82750096125 0.61393919875 0.82756818375 0.62507060375 0.8265153387499999 0.63541881 0.82282235875 0.61817057125 0.77434656625 0.53278952625 0.5617151125000001 0.48934362124999997 0.47072408375 0.46595603625000004 0.4111219725 0.48401401374999997 0.40822435375 0.4795611825 0.40155696125
9 0.7249819024999999 0.72659872125 0.6950089174999999 0.7369978 0.66376757375 0.6889157775 0.70872587375 0.783034815 0.73324104 0.833029715 0.7537525725 0.83603667625 0.7579416462499999 0.84286951375 0.7928355500000001 0.84661458 0.868883225 0.8330608662500001 0.8958680087499999 0.81502967875 0.9290228899999999 0.78139521 0.8720891550000001 0.7400723575000001 0.883586765 0.730913915 0.90084883875 0.6730130825 0.8977682875 0.6438115375 0.8525218099999999 0.4727958675 0.8135614875 0.34751296000000004 0.7749358112500001 0.333088055 0.7361470575 0.33361573499999997 0.72600627875 0.33984337 0.5613600525 0.35944438624999997 0.56441662 0.36134808874999996 0.55944668125 0.35950559749999994 0.57579499 0.39077188125 0.61273952125 0.44628581250000005 0.6681840725000001 0.496005605 0.7706855437500001 0.58995026375 0.7630927875000001 0.629516865 0.6594988675000001 0.53101728875 0.7170179312499999 0.62495126125 0.7705288437500001 0.70721884875 0.74990826125 0.7136026762500001 0.7317638525 0.7155000250000001 0.7085593175 0.67838979125 0.69331781625 0.6813894475 0.7249819024999999 0.72659872125
9 0.6068495475 0.637963895 0.6976290512500001 0.84141592875 0.69952671625 0.8417728375 0.7048295475 0.8400326837500001 0.7141006075 0.838397 0.725602365 0.8352408375 0.7303793537500001 0.8325178775000001 0.66471084125 0.69023011125 0.61890085875 0.6160683025 0.554499555 0.5176621375 0.6068495475 0.637963895