1 0.56878306875 0.70932539625 0.55390211625 0.75520833375 0.55390211625 0.7775297625 0.5820105825 0.78373015875 0.63822751375 0.771329365 0.8713624337500001 0.48239087249999996 0.85317460375 0.46254960375000004 0.8052248675 0.44890873 0.7175925925 0.41666666625 0.5704365075 0.61755952375 0.575396825 0.615079365 0.5704365075 0.66344246 0.56878306875 0.70932539625
11 0.6795634925 0.4340277775 0.72916666625 0.42162698374999996 0.7490079362500001 0.3571428575 0.7953042324999999 0.25173611125 0.83333333375 0.2207341275 0.84160052875 0.17981150750000002 0.8316798937500001 0.14880952375 0.810185185 0.11656746 0.8283730162499999 0.06696428625 0.7936507937499999 0.055803571249999996 0.7490079362500001 0.045882936250000006 0.71428571375 0.0545634925 0.6977513224999999 0.09796627000000001 0.6845238100000001 0.10416666625 0.63326719625 0.1314484125 0.60846560875 0.16369047625 0.6101190475 0.22321428625 0.60515873 0.26661706375 0.60515873 0.26537698375 0.60350529125 0.26537698375 0.6001984125 0.29389881 0.5720899475 0.380704365 0.59358465625 0.42286706375 0.6795634925 0.4340277775
1 0.127314815 0.4439484125 0.18849206375000002 0.39310515875 0.20171957625 0.362103175 0.17361111125 0.36086309499999997 0.19510581999999999 0.29389881 0.17526455 0.29141865125 0.107473545 0.283978175 0.009920635 0.27405754000000004 0.01157407375 0.34226190500000003 0.01157407375 0.43154761875 0.01322751375 0.5518353175 0.28289928 0.5444357875 0.26124338625 0.52703373 0.262896825 0.50967261875 0.25297619 0.497271825 0.2579365075 0.48859127 0.2099867725 0.4737103175 0.127314815 0.4439484125
9 1 0.19372519875 0.8912037037499999 0.17857142875 0.8432539687499999 0.1612103175 0.86144179875 0.19345238125000003 0.8283730162499999 0.21949404749999998 0.770502645 0.22197420625 0.694444445 0.24181547625 0.60350529125 0.27033730125 0.5340608462499999 0.2207341275 0.47619047625 0.24925595250000002 0.459656085 0.2294146825 0.4546957675 0.26661706375 0.41666666625 0.26165674625 0.42162698374999996 0.28273809499999997 0.42658730125 0.31001984125 0.44642857125 0.31870039625 0.4447751325 0.34226190500000003 0.42328042375 0.35962301625000004 0.45304232749999995 0.41418650749999997 0.45634920625 0.4637896825 0.458002645 0.48115079375 0.4927248675 0.54067460375 0.52579365125 0.546875 0.5125661375 0.5654761899999999 0.5340608462499999 0.58407738125 0.5605158725 0.6063988100000001 0.6052065175 0.5597130475000001 0.6071039524999999 0.560661765 0.6795634925 0.4737103175 0.71428571375 0.4241071425 0.72916666625 0.42286706375 0.7936507937499999 0.3955853175 0.8664021162500001 0.43030754000000004 0.9292328037500001 0.440228175 0.99867724875 0.40922619 0.9937169312499999 0.3472222225 1 0.27477058499999996 1 0.19372519875
4 1 0.6681547625 0.9705687825 0.64608134875 0.91931216875 0.6113591275 0.8746693125 0.576636905 0.82010582 0.546875 0.7539682537500001 0.6398809525 0.6960978837499999 0.713045635 0.76388888875 0.7080853175 0.76223545 0.7217261899999999 0.6762566137500001 0.7266865075 0.64649470875 0.7676091275 0.7275132275 0.752728175 0.7275132275 0.7676091275 0.58862433875 0.7936507937499999 0.58862433875 0.7961309525 0.60350529125 0.8172123012500001 0.5902777775 0.8643353175 0.62169312125 0.88541666625 0.66137566125 0.9325396825 0.6779100525 0.9610615075 0.6994047625 0.9809027775 0.7192460312500001 0.9709821425 0.7175925925 0.94370039625 0.7572751325 0.9238591275 0.8366402112500001 0.87921627 0.9408068787499999 0.829613095 0.9920634925 0.7961309525 1 0.77232142875 1 0.6681547625
13 0.7473544975 0.72048611125 0.7556216925 0.70932539625 0.41170634874999995 0.72916666625 0.41832010625000005 0.74280754 0.419973545 0.74280754 0.52414021125 0.7341269837500001 0.6183862437500001 0.72916666625 0.7473544975 0.72048611125
13 0.66137566125 0.77876984125 0.54728836 0.80109127 0.37698412750000004 0.8320932537500001 0.33895502625 0.84201388875 0.33564814875000004 0.84201388875 0.3373015875 0.8407738100000001 0.33068783125 0.8407738100000001 0.3373015875 0.85689484125 0.4927248675 0.81969246 0.60681216875 0.7936507937499999 0.66137566125 0.77876984125
13 0.302579365 0.634920635 0.30092592625000003 0.64608134875 0.4646164025 0.72420634875 0.5869709000000001 0.77876984125 0.58531746 0.77504960375 0.60185185125 0.772569445 0.52579365125 0.7353670637499999 0.45634920625 0.70436507875 0.302579365 0.634920635
13 0.72255291 0.7651289687499999 0.7109788362499999 0.7539682537500001 0.36457457 0.824486265 0.36933769624999996 0.83073786875 0.72255291 0.7651289687499999
4 0.43320105875000003 0.811011905 0.5026455025 0.7936507937499999 0.51587301625 0.78125 0.53075396875 0.75892857125 0.49603174625 0.7341269837500001 0.41005291 0.74404761875 0.41005291 0.7266865075 0.47123015875 0.72544642875 0.2976190475 0.6436011899999999 0.31580687874999996 0.634920635 0.44146825375 0.693204365 0.5026455025 0.72296627 0.55886243375 0.7192460312500001 0.5704365075 0.62624007875 0.53902116375 0.5915178575 0.4828042325 0.58655754 0.4447751325 0.57787698375 0.40839947125000003 0.5915178575 0.36871693125 0.5902777775 0.33564814875000004 0.5617559525 0.29100529125 0.54563492125 0.23478836 0.555555555 0.22652116374999998 0.575396825 0.21825396875 0.5815972225 0.20171957625 0.56919642875 0.12070105874999999 0.654761905 0.12566137624999998 0.674603175 0.19345238125000003 0.7490079362500001 0.25132275125 0.77504960375 0.27116402125 0.7998511899999999 0.28273809499999997 0.79861111125 0.26785714250000003 0.771329365 0.30919312125000004 0.74280754 0.36871693125 0.78125 0.39847883625 0.80729166625 0.42989418 0.811011905 0.42989418 0.8085317462499999 0.43320105875000003 0.809771825 0.43320105875000003 0.811011905
1 0.41335978875 0.27405754000000004 0.419973545 0.25669642875 0.44973545000000004 0.26413690500000003 0.459656085 0.2306547625 0.48115079375 0.24677579375 0.54398148125 0.2306547625 0.60185185125 0.27033730125 0.60681216875 0.24057539625000002 0.5125661375 0.22197420625 0.44146825375 0.2095734125 0.34060846499999997 0.1897321425 0.23478836 0.166170635 0.11904761875 0.13764881 0.0925925925 0.17981150750000002 0.09920634874999999 0.28149801625 0.19345238125000003 0.29389881 0.18683862375000002 0.28273809499999997 0.20337301624999998 0.27157738125 0.22156084624999997 0.28273809499999997 0.2397486775 0.2988591275 0.38359788375000003 0.322420635 0.3951719575 0.3075396825 0.43154761875 0.322420635 0.44146825375 0.3174603175 0.42658730125 0.30133928625 0.41335978875 0.27405754000000004
8 0.37863756625 0.5915178575 0.41335978875 0.58903769875 0.45138888875 0.57787698375 0.4728835975 0.5803571425 0.4927248675 0.56795634875 0.52414021125 0.546875 0.48115079375 0.5431547625 0.46626984125 0.51959325375 0.4728835975 0.5022321425 0.44642857125 0.5022321425 0.45138888875 0.46502976250000005 0.45634920625 0.42162698374999996 0.44312169249999994 0.39310515875 0.41832010625000005 0.3571428575 0.44642857125 0.33978174625 0.44312169249999994 0.32366071375 0.39351851875 0.3075396825 0.38359788375000003 0.33110119 0.33895502625 0.3373015875 0.29431216875 0.321180555 0.25297619 0.303819445 0.2380952375 0.3075396825 0.22652116374999998 0.28149801625 0.19841269874999998 0.27653769875 0.18849206375000002 0.3162202375 0.1719576725 0.341021825 0.166997355 0.3559027775 0.205026455 0.36458333375 0.185185185 0.39806547625 0.17361111125 0.4154265875 0.1306216925 0.4439484125 0.18353174625000002 0.46254960375000004 0.22652116374999998 0.47619047625 0.2614069125 0.4870922725 0.26620370375 0.51587301625 0.26785714250000003 0.53943452375 0.302579365 0.5431547625 0.34226190500000003 0.5654761899999999 0.37863756625 0.5915178575