10 0 0.7854166662500001 0.01875 0.75 0.0578125 0.72916666625 0.0859375 0.6833333337499999 0.103125 0.68125 0.1375 0.64166666625 0.1515625 0.6354166662499999 0.1796875 0.58958333375 0.1890625 0.56666666625 0.18125 0.51875 0.1609375 0.4875 0.128125 0.48125 0.065625 0.5104166662499999 0 0.55625 0 0.7854166662500001
10 0.24375 0.82708333375 0.259375 0.86458333375 0.3421875 0.86458333375 0.3546875 0.85833333375 0.3609375 0.84375 0.4 0.62916666625 0.390625 0.61666666625 0.3796875 0.57083333375 0.3515625 0.5625 0.309375 0.60625 0.2484375 0.77291666625 0.24375 0.82708333375
10 0.6328125 0.71875 0.671875 0.74375 0.709375 0.79791666625 0.76875 0.8416666662500001 0.7796875 0.86041666625 0.8265625 0.8625 0.8515625 0.8479166662500001 0.859375 0.82916666625 0.8578125 0.8166666662500001 0.825 0.77291666625 0.7984375 0.71875 0.71875 0.63125 0.68125 0.61041666625 0.6546875 0.56875 0.6234375 0.53958333375 0.5984375 0.5375 0.565625 0.57708333375 0.559375 0.60833333375 0.6328125 0.71875
10 0.4265625 0.47916666625 0.4328125 0.49166666625 0.4328125 0.525 0.45 0.52291666625 0.525 0.55833333375 0.5296875 0.58541666625 0.521875 0.63333333375 0.5859375 0.675 0.590625 0.6625 0.5625 0.61666666625 0.559375 0.59166666625 0.5921875 0.53958333375 0.60625 0.53125 0.628125 0.53541666625 0.6296875 0.52916666625 0.5875 0.48125 0.5296875 0.44166666624999995 0.503125 0.4125 0.4234375 0.40833333375 0.4 0.3875 0.3875 0.3875 0.378125 0.41875 0.4015625 0.43958333375 0.4265625 0.47916666625
10 0.7015625 0.42083333375000004 0.69375 0.44375 0.6578125 0.47708333375 0.65 0.50833333375 0.6296875 0.53333333375 0.63125 0.54583333375 0.675 0.59166666625 0.6953125 0.57916666625 0.725 0.575 0.778125 0.5208333337500001 0.80625 0.47916666625 0.8515625 0.44583333375 0.86875 0.41041666624999995 0.8671875 0.37916666624999995 0.840625 0.34166666625 0.8140625 0.33541666625 0.7859375 0.35 0.7390625 0.4125 0.7015625 0.42083333375000004
10 0.7 0.58541666625 0.75 0.66458333375 0.80625 0.72916666625 0.8328125 0.7770833337499999 0.890625 0.775 0.953125 0.70625 0.934375 0.67291666625 0.8734375 0.60625 0.8296875 0.5375 0.778125 0.51875 0.7296875 0.56666666625 0.703125 0.57708333375 0.7 0.58541666625
10 0.175 0.70833333375 0.1859375 0.72916666625 0.1953125 0.82291666625 0.2125 0.85208333375 0.2359375 0.85208333375 0.2421875 0.80416666625 0.2671875 0.73958333375 0.2859375 0.66458333375 0.2609375 0.60833333375 0.2265625 0.56041666625 0.2125 0.55 0.1953125 0.55 0.16875 0.61041666625 0.165625 0.65625 0.175 0.70833333375
10 0.6015625 0.30416666625 0.603125 0.4375 0.596875 0.475 0.5984375 0.49583333375000005 0.6265625 0.53125 0.6359375 0.52916666625 0.6515625 0.50833333375 0.659375 0.47708333375 0.6734375 0.45833333375 0.6796875 0.42083333375000004 0.6671875 0.29375 0.6578125 0.27916666625000003 0.6421875 0.28541666625 0.63125 0.27708333375 0.6203125 0.28958333375 0.6078125 0.28958333375 0.6015625 0.30416666625
10 0.840625 0.56875 0.8578125 0.59791666625 0.9234375 0.67291666625 0.9390625 0.67916666625 0.990625 0.62291666625 0.996875 0.56875 0.971875 0.52916666625 0.9109375 0.50208333375 0.875 0.53541666625 0.84375 0.5520833337500001 0.840625 0.56875
11 0.4453125 0.89583333375 0.4390625 0.97708333375 0.6734375 0.98541666625 0.6921875 0.98333333375 0.7015625 0.95416666625 0.70625 0.97708333375 0.7171875 0.98125 0.7171875 0.9625 0.7109375 0.95833333375 0.7140625 0.88333333375 0.7046875 0.88541666625 0.7015625 0.875 0.6734375 0.875 0.6703125 0.89791666625 0.6703125 0.875 0.603125 0.8729166662500001 0.5984375 0.9041666662500001 0.5953125 0.8729166662500001 0.559375 0.8791666662500001 0.55625 0.8729166662500001 0.471875 0.8729166662500001 0.453125 0.875 0.4546875 0.8875 0.4453125 0.89583333375
11 0.471875 0.7854166662500001 0.459375 0.85833333375 0.7 0.85833333375 0.696875 0.7833333337499999 0.6703125 0.74166666625 0.6265625 0.7208333337499999 0.553125 0.7145833337499999 0.5171875 0.7229166662500001 0.4890625 0.73958333375 0.471875 0.7854166662500001
10 0.3828125 0.71041666625 0.3625 0.83125 0.3640625 0.85416666625 0.371875 0.86041666625 0.4390625 0.85833333375 0.4671875 0.7854166662500001 0.5046875 0.72708333375 0.503125 0.69375 0.528125 0.60208333375 0.5296875 0.5625 0.4578125 0.525 0.4390625 0.52291666625 0.4203125 0.57083333375 0.4109375 0.62291666625 0.3828125 0.71041666625