17 0.33654718250000004 0.7756024975 0.34245617875 0.81311252 0.3739409875 0.8433396974999999 0.41188305625 0.8581958262499999 0.4768677375 0.8612662075 0.5386070675 0.8498134575 0.59886288 0.82065495625 0.64793256 0.7746386225 0.6681894375 0.73248633 0.66051861 0.6981589287500001 0.611980475 0.669085535 0.55022442375 0.6583296300000001 0.5014163349999999 0.6612489375 0.44056210125 0.6766625399999999 0.38765700625 0.7055151737500001 0.35122353500000003 0.74167778 0.33654718250000004 0.7756024975
17 0.549560395 1 0.5875238337500001 0.9912504124999999 0.5713305224999999 0.9630520699999999 0.53867394625 0.93864808 0.5045589312500001 0.92985132375 0.45575084250000003 0.9327706312499999 0.3828421025 0.94957420375 0.331108775 0.9726036475 0.3018539775 1 0.549560395 1
17 0.71708748875 0.96124795375 0.97579592375 0.9016223725 0.993414235 0.8697961737500001 0.9922090287499999 0.83120205 0.9595440925 0.79569373375 0.91336621125 0.7771826187499999 0.8501433625 0.7709296175 0.79575475 0.7820765000000001 0.73726076875 0.80805238 0.68495409875 0.8506499112500001 0.6646972175000001 0.89280220625 0.6711962800000001 0.9329527950000001 0.6844392725 0.9479482925 0.71708748875 0.96124795375
17 0.8628233675 0.7070642037499999 0.9072226975 0.7065492837499999 0.95896438625 0.6946241675 0.99496176625 0.6801615087499999 0.9962214712499999 0.51010145625 0.91501300125 0.50900608375 0.8703269987500001 0.5193050487499999 0.825649355 0.54070834 0.77040908625 0.59231168 0.75778959625 0.62437406375 0.76016657 0.65714499625 0.80341921375 0.6957662474999999 0.8628233675 0.7070642037499999
17 0.9242533825 0.28475132375 0.8901718074999999 0.32037187875 0.8734385924999999 0.35615893374999996 0.87757739625 0.38574724625 0.89229555 0.40734416625000003 0.92112507125 0.4256887825 0.9611240037500001 0.43868257624999996 0.9958207225 0.43901557375000005 0.9574665824999999 0.26737857125000003 0.9242533825 0.28475132375
17 0.4297436425 0.5053218574999999 0.4297687225 0.5386348412499999 0.45978673125 0.57336492375 0.5256648675000001 0.59150048625 0.5844705975 0.5890535462500001 0.645619865 0.5749602275 0.69088757125 0.556197505 0.73702365375 0.51918698 0.75552706 0.491321635 0.7599107387499999 0.455604265 0.7348915512499999 0.421110365 0.6795927625 0.39498341000000003 0.61431304875 0.39059274375 0.56462822625 0.400655525 0.4970216975 0.43011989375 0.45264744874999996 0.4639477975 0.4297436425 0.5053218574999999
17 0.12098562624999999 0.80584789875 0.05865623375 0.8146600775 0.09466683749999999 0.99794346 0.138467745 0.9836836425 0.21017963875 0.9393902749999999 0.2395574225 0.90485382125 0.24806318624999998 0.8765161087500001 0.23568857125 0.84327281 0.1924442875 0.81575588625 0.12098562624999999 0.80584789875
17 0.01590220875 0.624459965 0.024753163749999998 0.66406850625 0.048002159999999995 0.6906406975 0.10212082125000001 0.71148651375 0.16916236375000002 0.7126945600000001 0.22266588250000002 0.6975868225 0.27616104125 0.6713747587500001 0.316118175 0.62884691375 0.33020446375 0.59228162625 0.312822665 0.547697815 0.29163889125000003 0.53036761625 0.23134964 0.515108805 0.17489580375 0.5170136962499999 0.11639346375000001 0.5318852475 0.05320405625 0.57004955875 0.0252930675 0.6000831075 0.01590220875 0.624459965
17 0.556598445 0.2541176325 0.5607372500000001 0.283705945 0.5863381412500001 0.30973608625 0.6292790325 0.32482839875 0.7066132500000001 0.327829095 0.76305872875 0.31481987624999996 0.8215527075 0.28884399625 0.8653368937499999 0.2523755225 0.8814800475 0.2139479 0.87233406125 0.17301907625 0.83908742 0.14597451749999998 0.785853855 0.129089555 0.7261630275000001 0.12757564125 0.6723644775 0.14136309375 0.61740252 0.17207806250000002 0.57802709125 0.20614214874999998 0.556598445 0.2541176325
17 0.66905295375 0 0.67206316625 0.01940496 0.69854915125 0.049395955000000005 0.7235516200000001 0.0616811975 0.7729581312499999 0.07250678875 0.82500321 0.073006285 0.8696892125 0.06270732 0.9076062025 0.04425046625 0.8977179587499999 0 0.66905295375 0
17 0.13393311 0.35583709124999996 0.13866198000000002 0.38806597375 0.16926169125 0.41433229875 0.21514454125000002 0.4315231275 0.27248347375000004 0.4335790925 0.3577417525 0.41670583499999997 0.40182933125 0.392661975 0.44413836 0.3495920775 0.45528269 0.31092827125 0.44731683125000005 0.275280585 0.42201097125 0.25057072999999996 0.381421975 0.2349363675 0.30879154750000004 0.23085156874999999 0.25499299625 0.24463902 0.19503221624999997 0.27511780625 0.14978123125 0.31608918375 0.13393311 0.35583709124999996
17 0.44303219749999995 0 0.27594942125 0.038508243750000004 0.2562742475 0.07219678 0.25894625375 0.10628799624999999 0.291021125 0.13915574375 0.34454972375 0.15736099 0.40188865625 0.159416955 0.46627491249999997 0.14874243874999998 0.5159513775 0.12757533000000001 0.5556218375 0.0948315275 0.58410616875 0.0452298925 0.57996736375 0.01564158 0.56554135875 0 0.44303219749999995 0
17 0 0.50317398125 0.02811768375 0.47879281125 0.04308906999999999 0.44618837624999996 0.04424411625 0.41815653124999996 0.0339347225 0.394155225 0.008923895 0.37076565375000003 0 0.3687456275 0 0.50317398125
17 0 0.26943971375 0.04359241125 0.26143088625 0.11119893875 0.23196651875000002 0.15498312625 0.195498045 0.173781565 0.16895298375 0.17110119999999998 0.12375743874999999 0.1399114225 0.09485054500000001 0.10167432124999999 0.07867413125 0 0.1043686825 0 0.26943971375