16 0.6519546024999999 0.66877370375 0.65447667125 0.8356510749999999 0.715006305 0.9102402025 0.74274905375 0.93426043 0.89281210625 0.9152970924999999 0.8991172762499999 0.9102402025 0.8991172762499999 0.8900126425 0.86002522125 0.64854614375 0.8511979825 0.6422250312500001 0.7730138712500001 0.6409608087499999 0.69356872625 0.64601769875 0.655737705 0.6548672562500001 0.6519546024999999 0.66877370375
16 0.48928120999999997 0.7979823775 0.61034047875 0.8005108224999999 0.64060529625 0.7979823775 0.65447667125 0.7903970425 0.64438839875 0.5350240975 0.64060529625 0.53123143 0.615384615 0.53123143 0.48802017625 0.533759875 0.48171500625 0.538816765 0.48928120999999997 0.7979823775
16 0.28625472875 0.602027505 0.2875157625 0.67535241 0.3076923075 0.7802828775 0.31651954625 0.8611931174999999 0.32282471625 0.870042675 0.4665825975 0.8485508925 0.48675914249999996 0.83717289 0.47667087 0.6740881875 0.46910466624999997 0.6209908424999999 0.45145018875 0.58179994375 0.431273645 0.57800727625 0.3139974775 0.5931779475 0.291298865 0.5969706149999999 0.28625472875 0.602027505
16 0.14754098375 0.83312263 0.27238335375 0.83312263 0.2875157625 0.80783818 0.28625472875 0.73577749625 0.29382093375 0.68268015125 0.29003783125000004 0.60176991125 0.29382093375 0.57016434875 0.2749054225 0.56131479125 0.1286254725 0.56005056875 0.1185372 0.56384323625 0.1034047925 0.82806574 0.14754098375 0.83312263
16 0.6484281862500001 0.39216631125 0.650950255 0.58179968625 0.657255425 0.60961258125 0.74804987625 0.60455569125 0.83001709 0.59191346625 0.8590208724999999 0.58179968625 0.81740674875 0.35171119124999994 0.81110157875 0.33654052125 0.80227434 0.33654052125 0.67238783375 0.35423963625 0.6547333562500001 0.36941030625000004 0.6484281862500001 0.39216631125
16 0.46936160875 0.33501896375 0.474405745 0.48672566375000004 0.480710915 0.53223767375 0.48953815375 0.53603034125 0.55511192375 0.53603034125 0.63834017125 0.52970922875 0.64716741 0.51833122625 0.64842844375 0.48672566375000004 0.6396012050000001 0.39443742125 0.63581810375 0.27180783875 0.480710915 0.26801517125 0.47314471124999996 0.27307206125 0.46936160875 0.28445006375 0.46936160875 0.33501896375
16 0.34451923875 0.53502377625 0.3583906125 0.53755222125 0.42396438375 0.53881644375 0.468100575 0.53375955375 0.4718836775 0.52870266375 0.474405745 0.48066220875 0.47566677875 0.2733297175 0.46305643875 0.2632159375 0.31803752375 0.2606874925 0.31047131875 0.267008605 0.30794925125 0.51479621625 0.34451923875 0.53502377625
16 0.11727616625 0.52085967125 0.15889029000000002 0.53729456375 0.20428751625 0.54235145375 0.2345523325 0.55878634625 0.29382093375 0.55625790125 0.29255989875 0.54108723125 0.30643127375 0.47408343875 0.31147541 0.39190897625 0.30517024 0.28824273125 0.28373266125 0.27812895125000003 0.14627995 0.27180783875 0.13493064375 0.27939317375 0.1286254725 0.32111251625000004 0.11727616625 0.52085967125
16 0.643127365 0.25916561375 0.63430012625 0.28318584125 0.6393442625 0.33754740875000006 0.64438839875 0.34513274375 0.655737705 0.34639696625 0.66708701125 0.35524652375000004 0.7641866325 0.34134007625 0.82219419875 0.28065739624999997 0.827238335 0.24905183250000001 0.82849937 0.048040455 0.6809583862499999 0.0366624525 0.67465321625 0.044247787499999996 0.649432535 0.12515802750000002 0.643127365 0.25916561375
16 0.49180327875 0.27054361625 0.63808322875 0.27560050625 0.64691046625 0.26042983625 0.6569987387499999 0.037926675 0.65321563625 0.032869785 0.515762925 0.022756005 0.50567465375 0.02528445 0.503152585 0.040455120000000004 0.49180327875 0.27054361625
16 0.4804539725 0.26573911 0.48549810875 0.23160510250000002 0.484237075 0.025536835 0.4804539725 0.021744167499999998 0.33039092 0.01795149875 0.3215636825 0.02806528 0.32282471625 0.26068221999999996 0.4804539725 0.26573911
16 0.15425066875000001 0.2465233875 0.15803377 0.26422250375 0.178210315 0.27560050625 0.29296441375 0.27939317375 0.30305268625 0.28697850875 0.31187992375 0.26675094875 0.324490265 0.25537294625 0.324490265 0.026548672500000002 0.31566302625 0.021491782499999997 0.17190514499999998 0.0189633375 0.16055583875 0.026548672500000002 0.15677273625 0.0821744625 0.15425066875000001 0.2465233875