17 0.00938967125 0.39192123375 0.01095461625 0.6940045662500001 0.0203442875 0.7835879 0.02973395875 0.8169212337499999 0.06103286375 0.8960878999999999 0.07511737125 0.9169212337499999 0.09076682375 0.92317123375 0.11424100125 0.9106712337499999 0.16588419375000002 0.9023379 0.18622848250000001 0.8544212337499999 0.19718309874999998 0.7523379 0.19405320875 0.58567123375 0.19874804375 0.4773379 0.2222222225 0.19192123375 0.21909233125 0.15650456625 0.20970265999999999 0.13775456625000002 0.11893583749999999 0.09817123374999999 0.07511737125 0.08983790000000001 0.042253521249999995 0.15442123375 0.0187793425 0.26692123375 0.00938967125 0.39192123375
17 0.2566510175 0.2919141125 0.25195618124999997 0.6044141125 0.2597809075 0.7585807787500001 0.276995305 0.8814974462499999 0.29264475749999996 0.93774744625 0.31924882625 0.9439974462499999 0.342723005 0.9398307787500001 0.35054773125 0.92524744625 0.3583724575 0.8669141125000001 0.3583724575 0.7877474462499999 0.33489827875000006 0.46274744624999997 0.33333333375 0.15649744625 0.32237871625 0.0981641125 0.29264475749999996 0.08983077874999999 0.28325508625 0.10233077874999999 0.273865415 0.1481641125 0.2566510175 0.2919141125
17 0.37383087625 0.3625 0.36757109499999996 0.47916666625 0.36600615 0.5729166662499999 0.3847854925 0.8479166662500001 0.39887 0.9 0.4176493425 0.9395833337499999 0.45990286374999995 0.9375 0.49120176875 0.92291666625 0.47711726125 0.78125 0.4833770425 0.64166666625 0.47398737124999996 0.425 0.48024715125 0.21666666625 0.47242242625 0.13958333375 0.46146780875 0.12708333375 0.44581835625 0.125 0.42234417874999997 0.14791666625 0.40199989 0.18958333375 0.37383087625 0.3625
17 0.47730829375 0.26875 0.47261345875000005 0.36875 0.48200313 0.73958333375 0.4960876375 0.83125 0.5179968699999999 0.875 0.5712050075 0.8708333337499999 0.58059467875 0.86041666625 0.58059467875 0.7479166662500001 0.5586854462499999 0.23333333374999998 0.54773083 0.1375 0.5320813775 0.11666666625 0.52112676 0.11666666625 0.5039123624999999 0.12708333375 0.49295774625 0.15 0.47730829375 0.26875
17 0.71361502375 0.17916666625000002 0.7793427225 0.24583333375 0.84976525875 0.28541666625 0.896713615 0.34791666624999995 0.9123630675 0.35833333375000004 0.94366197125 0.30625 0.9593114237499999 0.26875 0.9593114237499999 0.25 0.89045383375 0.175 0.8028169012499999 0.10625 0.755868545 0.07916666625 0.7151799687499999 0.12083333375000001 0.7073552424999999 0.1625 0.71361502375 0.17916666625000002
17 0.690140845 0.31458333374999997 0.7104851325 0.34166666625 0.693270735 0.35416666625 0.6948356812500001 0.38333333375 0.7449139275000001 0.36666666625 0.7746478875 0.38125 0.794992175 0.34583333375 0.791862285 0.325 0.7214397499999999 0.18958333375 0.6744913925 0.125 0.6619718312499999 0.12291666625 0.6447574337499999 0.15416666625 0.6416275425000001 0.2 0.690140845 0.31458333374999997
17 0.8043818462500001 0.33541666625 0.7965571199999999 0.3375 0.79812206625 0.35 0.9154929575 0.50833333375 0.99530516375 0.63333333375 0.9984350550000001 0.61875 0.99061032875 0.58541666625 0.962441315 0.52916666625 0.9499217525 0.47083333375 0.9154929575 0.375 0.86541471 0.3 0.827856025 0.27708333375 0.79968701125 0.29375 0.79812206625 0.31666666625 0.8043818462500001 0.33541666625
17 1 0.61666666625 0.9874804387499999 0.57708333375 0.9499217525 0.525 0.93583724625 0.48958333375 0.8763693275 0.40416666625 0.8435054775 0.36875 0.8137715175 0.34166666625 0.791862285 0.33958333375000005 0.76682316125 0.38958333375000004 0.762128325 0.4125 0.7746478875 0.43541666625 0.84976525875 0.5208333337500001 0.87480438125 0.60833333375 0.9170579025000001 0.61041666625 0.9295774649999999 0.65 0.9499217525 0.6583333337499999 0.968701095 0.67916666625 1 0.6583333337499999 1 0.61666666625
17 0.624413145 0.55024496625 0.6447574337499999 0.6044116337500001 0.7089201875000001 0.7335783 0.7589984350000001 0.81899496625 0.78090766875 0.8231616337500001 0.81533646375 0.7919116337500001 0.8137715175 0.77941163375 0.794992175 0.74816163375 0.7089201875000001 0.50441163375 0.69170579 0.46691163375 0.68075117375 0.46482829999999997 0.6682316125 0.4710783 0.62910798125 0.5210783 0.624413145 0.55024496625
17 0.69953051625 0.49845619125 0.7511737087500001 0.6463728587500001 0.7762128325000001 0.694289525 0.79342723 0.75887285875 0.79968701125 0.75887285875 0.860719875 0.7067895249999999 0.86228482 0.694289525 0.85133020375 0.67345619125 0.7902973400000001 0.46512285875000003 0.76525821625 0.42553952500000003 0.76369327125 0.37137285875000003 0.7589984350000001 0.36303952500000003 0.7417840375 0.36303952500000003 0.687010955 0.400539525 0.6885759 0.444289525 0.69953051625 0.49845619125
17 0.81533646375 0.53333333375 0.82003129875 0.56666666625 0.830985915 0.57916666625 0.83724569625 0.64583333375 0.84976525875 0.67708333375 0.8466353675 0.70833333375 0.8560250387499999 0.7166666662500001 0.860719875 0.77083333375 0.8998435050000001 0.775 0.94053208125 0.7625 0.9452269175000001 0.71875 0.92488262875 0.61875 0.9139280125 0.60625 0.8794992175 0.6041666662499999 0.84976525875 0.5208333337500001 0.8247261349999999 0.48958333375 0.81690140875 0.48958333375 0.8075117375 0.49791666625 0.8043818462500001 0.51875 0.81533646375 0.53333333375