17 0.53807501125 0.37568879875 0.53029125125 0.43843777 0.5300127287499999 0.5028094225 0.5184276225 0.55254670875 0.5188627175 0.6279564087499999 0.53093511 0.70022260875 0.52499983375 0.72288364125 0.5265697925 0.74716735125 0.539206155 0.75947711875 0.59658849125 0.77710773125 0.623619165 0.8060255 0.6324541825 0.80532358125 0.6458946950000001 0.78428522625 0.653918635 0.7481445600000001 0.652672465 0.6372961125 0.6660085975 0.52307018875 0.66690328 0.44533589125 0.6453727874999999 0.3183473875 0.6336380325 0.2970901925 0.6181471975 0.24062822375 0.58100391875 0.26133075375000003 0.54833033875 0.32827610874999996 0.53807501125 0.37568879875
17 0.6707292175 0.4587339325 0.68027785125 0.46907006500000004 0.67362895625 0.48069304875 0.653073035 0.59771151375 0.65038206 0.7621275362500001 0.671710715 0.771527775 0.6847752475 0.7904603725 0.71741048625 0.8144949750000001 0.75997033875 0.8088947562500001 0.77083490125 0.67933254875 0.78831002 0.6291273175 0.8063038400000001 0.54115874125 0.80121798125 0.5082785625 0.78739456375 0.50050100125 0.7879132662499999 0.46273765875 0.7482462275 0.42151012 0.7165578637500001 0.36633500249999995 0.65290261375 0.32035642125 0.6477784112499999 0.37845620125 0.6707292175 0.4587339325
17 0.6434232262499999 0.059273543750000005 0.63820156625 0.0929726275 0.62271765625 0.10529752875 0.6229578375 0.13190583625 0.63507549625 0.18197894874999998 0.6736982025 0.2299463025 0.66904743875 0.27247582625 0.7483293225 0.3083371175 0.7596811737500001 0.300778395 0.7846615262500001 0.25219584 0.810640945 0.21906655625 0.80997259375 0.1858354175 0.81514898625 0.17432942125 0.84421613375 0.14317377374999998 0.83865683625 0.12586385249999998 0.7668349225 0.1138183275 0.7414194737500001 0.08699117875000001 0.6665550975 0.05077893000000001 0.6434232262499999 0.059273543750000005
17 0.77547603375 0 0.772837205 0.004612955 0.77307738625 0.031221263750000002 0.7811535162500001 0.04167438125 0.78476687375 0.074671545 0.7963589037500001 0.09372113 0.8369275500000001 0.12600124125 0.8745964575 0.1363222375 0.90780259 0.16918728125000002 0.95178967875 0.18566316125000001 0.97197654375 0.17740252125 0.99386916875 0.12684632875000001 0.98165644875 0 0.77547603375 0
17 1 0.24820072875000002 0.97454556875 0.21713950125 0.9406780087500001 0.21983019250000002 0.866158195 0.30341381625 0.85841970125 0.34396970250000003 0.8846009587499999 0.42842868125 0.8812868987500001 0.53742048 0.9067614625 0.67962828 0.92609891125 0.72690884875 0.95560115375 0.7711629037500001 0.96971001875 0.783355685 0.9829625425 0.78230280625 1 0.76183326625 1 0.24820072875000002
17 0.87106471125 0.76456541125 0.88526410875 0.73237201875 0.9085387025 0.726085015 0.896661225 0.7026202087500001 0.90102654125 0.6556754650000001 0.88519806875 0.5482044925 0.8852816775 0.43503144749999995 0.860151675 0.4126195225 0.8130315924999999 0.41636309125 0.7901399025000001 0.4514660125 0.80391805375 0.48143666 0.8230882862500001 0.75506332 0.87106471125 0.76456541125
17 0.7144936300000001 0.81916461 0.7085130875 0.86401873 0.686523005 0.89017422625 0.6825405925 0.96593488625 0.7915057849999999 0.9572778825 0.8348245224999999 0.9405226274999999 0.8533508962499999 0.95236444875 0.93433853875 0.94593019 0.93119862 0.89736277 0.90901362375 0.87471686875 0.9104270112499999 0.75921922875 0.9034404775 0.7198332075 0.87707815375 0.724146575 0.85104654375 0.710682075 0.8303862412499999 0.7345129737499999 0.82164868375 0.7596155899999999 0.78108696125 0.79612235 0.7144936300000001 0.81916461
17 0.52241654375 0.774513015 0.5242719499999999 0.803211945 0.5362921525000001 0.82888435875 0.53996462375 0.97726217875 0.6724898575 0.96673339125 0.676479195 0.95975960125 0.6832186225 0.903750445 0.6799359787500001 0.85297541375 0.6602156275 0.77687892875 0.6512378875 0.77537323625 0.63528054 0.803268395 0.62497302125 0.80408730125 0.60692008625 0.7766752237500001 0.528922715 0.7606824225 0.52241654375 0.774513015
17 0.30465904875 0.98777647 0.5071457775 0.9787770600000001 0.47226797374999996 0.8916635912499999 0.39712507625 0.91982299 0.3739479375 0.9505106925 0.3606954125 0.95156357125 0.31746721 0.92393265375 0.29699489625 0.927778075 0.2907741725 0.9460238875 0.30465904875 0.98777647
17 0.46166012875 0.3155796 0.42484064 0.24971739375 0.35648935875 0.26846142 0.3327413275 0.29031868125 0.3065217275 0.29683966 0.29545532375 0.30881360125 0.30358364625 0.36586050375 0.28995514375 0.40688433500000004 0.26573367375 0.44431185375 0.2612709 0.4668559 0.26654475 0.47975060124999996 0.277137715 0.483346915 0.2799921875 0.527499115 0.28949555374999997 0.56002833375 0.2711571725 0.528201035 0.26683712125 0.5529526925 0.26997704125 0.6015201125 0.25805429625 0.6002483949999999 0.2373418025 0.57748550875 0.23145179250000003 0.57795345625 0.22537379125 0.59840687875 0.241216115 0.8434515924999999 0.25765382375 0.8687730475 0.29945479124999996 0.874327865 0.31465325375 0.85758774375 0.3561235075 0.8809204275 0.42756251749999996 0.86415003625 0.445277815 0.8405531125 0.4530232325 0.8687840962500001 0.46836441875 0.854251585 0.51390761875 0.7574374349999999 0.518648915 0.67052173625 0.47810476375 0.4096879275 0.47487431 0.40550668 0.45525833875 0.42259776000000004 0.44836926374999997 0.4076124375 0.46166012875 0.3155796
17 0.32790184875 0 0.3207955725 0.0138991075 0.30664144125 0.023899413749999997 0.29177369 0.02286166875 0.27590687625 0.00637065375 0.252346835 0.008242438749999999 0.24256494374999998 0.04008487125 0.24161806875 0.071225385 0.25539622125 0.10119603375000001 0.2676044125 0.10688297125 0.29577687625 0.15346162 0.34408401499999997 0.14518584499999998 0.3552931425 0.1354195125 0.37619362625 0.13819692 0.37866519375 0.153533205 0.3899717775 0.16816756875 0.39168446125 0.19465889 0.3596723075 0.22604851 0.35060403625 0.268928995 0.37872430875 0.26891386 0.42042781875 0.25006798 0.471206525 0.2571284875 0.5219399662499999 0.28638208375 0.54345661125 0.27579684625 0.5571303799999999 0.21257992625 0.56315619 0.14553271875 0.56324672375 0.101146545 0.55825832 0.09266706375 0.48073438625000003 0.0611040075 0.47109521875 0.09515404875 0.45869903749999996 0.1094525875 0.44007520749999995 0.07321007 0.37494745375 0.027348472500000002 0.4032557175 0.0073478625 0.40471028625000005 0 0.32790184875 0
17 0.24707352624999998 0 0.23722915875000003 0.07601197124999999 0.2185600625 0.061962537500000005 0.20986777 0.0648720675 0.1661277875 0.14379136375 0.1551205 0.2711459625 0.14272431875 0.28544450125 0.11931392499999999 0.35831076625 0.11898321125000001 0.37608863249999996 0.10245497 0.39515335125 0.0977067475 0.4132821775 0.0926278125 0.44918887124999995 0.09985452625 0.5151832000000001 0.08769852625 0.5560900449999999 0.07135827374999999 0.5551692874999999 0.03886576 0.53334229375 0.02561323625 0.5343951725 0.01763456125 0.54834275125 0.02491346625 0.66093086375 0.045768683750000004 0.68590136 0.09835060625 0.6750670137500001 0.11583264874999999 0.69364865375 0.16938221750000002 0.8580344062499999 0.18415251000000002 0.83467145375 0.20253616000000002 0.8443056675 0.23949144875000003 0.8435886125000001 0.254028485 0.8624042249999999 0.278302145 0.87157049 0.29877445874999997 0.86772506875 0.30556607750000003 0.85830969625 0.3028090625 0.8385581925 0.282194025 0.8401960037499999 0.26779971125 0.82358800125 0.22219047374999998 0.73623462625 0.19972003000000002 0.7091735075 0.2526779325 0.6583682075 0.27034796375 0.6569643700000001 0.29224751375 0.6751950487499999 0.27289621625 0.49034073749999996 0.2661045975 0.49975611125 0.2661567875 0.5463498950000001 0.27575761374999996 0.60327981 0.25485712875 0.6005024 0.23870486625 0.57959616625 0.23756307750000002 0.561935285 0.2453990275 0.54578009625 0.2398849975 0.50627708875 0.25365622375 0.46746086750000004 0.24880362125000002 0.392402125 0.20823497625 0.360122015 0.2059061325 0.34699334 0.2294139825 0.2985277725 0.24665584249999997 0.29050110375 0.25957765375 0.3072260925 0.28271645 0.3675183475 0.30224188625 0.39481344 0.2767169075 0 0.24707352624999998 0