17 0.20295620374999998 0.39234469875 0.15058779 0.40393552624999995 0.18149525 0.447966875 0.2023766525 0.49128455000000004 0.26423711375 0.51041721875 0.35313109125 0.4704947525 0.43806003875 0.46534585624999997 0.60533897875 0.46723712624999997 0.7175001325 0.4914232225 0.6439322625 0.42226123375 0.587206945 0.41321545125 0.68434903625 0.34118098750000003 0.64098420375 0.344575105 0.58537795375 0.32794972875 0.52427296125 0.33273235125 0.49030358375 0.38333994 0.43839536 0.34694590625 0.362714225 0.36335819625 0.29433254875 0.35672314625 0.20295620374999998 0.39234469875
17 0.34592822624999997 0.47705211875000003 0.24992797500000002 0.50704197625 0.20254706375 0.4927696125 0.14433908374999999 0.5227983125 0.08690934625 0.5422772899999999 0.07505980250000001 0.5776679725 0.10238860000000001 0.59051299 0.16023298375 0.5919791762500001 0.17349687625000002 0.6209090525 0.20605741 0.62735098375 0.25878942 0.58426526875 0.26594123750000004 0.5252678525000001 0.34592822624999997 0.47705211875000003
17 0.89368606 0.50160776 0.91015951125 0.47184877625 0.8437489637500001 0.46505944624999995 0.8201920125 0.45042080875 0.75344063875 0.44066135500000003 0.67987276875 0.3714993675 0.67435125625 0.42737237875 0.6555886225 0.41985050125 0.72735577625 0.49065183124999995 0.87738302125 0.5328518075 0.9272462987500001 0.5514250825 0.9707815437499999 0.5495160275 0.99375344 0.54172443625 0.89368606 0.50160776
17 0.47010933625 0.4673325975 0.3690705325 0.47074559125 0.26457793875 0.513387345 0.25947106875 0.59020552375 0.22501322875 0.60189291 0.23932236750000002 0.6052681525 0.1923105575 0.68087098125 0.18532915375000003 0.7413534625 0.2164297975 0.7524048600000001 0.23288047625 0.75711088875 0.23061957125 0.80673509125 0.26008991000000004 0.8209108949999999 0.30046114 0.80876067375 0.3728306175 0.74615714 0.40592516125000006 0.7225892475000001 0.4278235325 0.6534472250000001 0.44425144000000005 0.69261826625 0.5408084725 0.5981535725 0.64352312375 0.52268614625 0.697788845 0.49296600375 0.6114227775 0.468259355 0.47010933625 0.4673325975
17 0.523312545 0.61900217625 0.48026576624999995 0.65983143625 0.46824581000000004 0.693737055 0.48357742375 0.7060226774999999 0.556264955 0.6808542862500001 0.5944946437499999 0.6673732800000001 0.6149614 0.68974579125 0.63379785375 0.715242705 0.6556506824999999 0.7150307087500001 0.6870183287499999 0.711077195 0.7175339150000001 0.69969836625 0.71293277875 0.65960165625 0.74656133125 0.6060239387499999 0.8670671887500001 0.58160806 0.9187539524999999 0.5640769800000001 0.84414083875 0.520469625 0.7008790412499999 0.48523213125 0.5865080300000001 0.56311029 0.523312545 0.61900217625
17 0.757297315 0.6995829287499999 0.8047748162499999 0.69736531625 0.81482364375 0.66361397625 0.8457538762500001 0.67318031125 0.8607674350000001 0.6480307949999999 0.8898741787500001 0.69370148375 0.93365365625 0.71125253 0.9660210062500001 0.75067441 0.9769446662500001 0.6898833725 0.97270712875 0.61829177625 0.91644200125 0.5612611325 0.80321282875 0.59709468125 0.74656133125 0.6060239387499999 0.711302475 0.66272606 0.7208172949999999 0.6589845425 0.757297315 0.6995829287499999
17 0.2302787475 0.803764965 0.2264558525 0.7531185337499999 0.182676375 0.73556748625 0.205790405 0.642355895 0.2396631925 0.60823827875 0.20048484875 0.63078394375 0.1709179175 0.63309811625 0.12738267375 0.6350071725 0.10689314375 0.6470996750000001 0.1290184825 0.753252845 0.18443154875 0.8028581712499999 0.2302787475 0.803764965
17 0.0396187725 0.9100902000000001 0.07626920625 0.95217364875 0.1534840525 0.9491269275 0.1823693325 0.9408725025 0.16022672750000003 0.9905544225 0.22646686249999998 0.99585868875 0.2720926 0.94284036625 0.28428297 0.91041981125 0.25361974375 0.885848565 0.19504266250000002 0.8260020725 0.152723075 0.8038415587500001 0.10609763624999999 0.81348448625 0.0576487075 0.85923177 0.0396187725 0.9100902000000001
17 0.3045443775 1 0.34860302375 0.968318405 0.38308363874999996 0.92216600625 0.4151557075 0.8896877325 0.4000911 0.8623971975000001 0.44184840125 0.82766247 0.46248556999999996 0.8515200425 0.45659495499999997 0.8175178649999999 0.43262335874999996 0.78193406375 0.40213054375 0.75884788 0.40256796 0.74532803375 0.385776455 0.7376518774999999 0.33124372999999996 0.7823769325000001 0.2948885775 0.81219363375 0.25648847750000003 0.8241895775 0.225995665 0.8011033949999999 0.18048929000000002 0.8031667275 0.18219341374999998 0.8180173625 0.28017029875 0.90924330375 0.25313678375 0.96829843875 0.22725079625 0.996365445 0.255659405 1 0.3045443775 1
17 0.41546275250000003 0.6843827175 0.395143635 0.6979602825000001 0.40806670124999994 0.72392003375 0.39998900125 0.7575170950000001 0.44795497124999994 0.7942196850000001 0.46822854375 0.8495721462500001 0.43610542625 0.82961036875 0.40257346499999996 0.86669811 0.4196092025 0.8938343675 0.37734066499999996 0.9241139037499999 0.34860302375 0.968318405 0.35716918999999997 0.97364154625 0.41654728375 0.988473305 0.45117554 0.97827098 0.41776294375 0.9644037350000001 0.41075326124999995 0.9379811499999999 0.47193207375 0.95117356625 0.56226317125 0.941106645 0.60579841625 0.93919759 0.57642466875 0.9085318125 0.5460284475 0.8689556537500001 0.50998584375 0.81483741875 0.4945293625 0.73213670625 0.50046552125 0.6972088587499999 0.47637455875 0.71258004375 0.4629174825 0.7166301187499999 0.46627468125 0.6938913325 0.41546275250000003 0.6843827175
17 0.6034117625 0.7446137924999999 0.6147500687499999 0.70476792 0.60226442 0.6652883237499999 0.56223401625 0.68040867125 0.530769775 0.7008521587500001 0.49511904625 0.7021441025 0.5040770837499999 0.7628774212499999 0.5216751075 0.8469089200000001 0.56852200875 0.8911911062500001 0.59823658 0.92482701 0.62293537 0.89742104 0.6467821 0.8625897525 0.6358301625 0.83647572375 0.6457823975 0.8192143575 0.6651756312499999 0.78023643625 0.67785446625 0.786736085 0.698878005 0.7446337587499999 0.68415422125 0.72031335125 0.6307633324999999 0.7229937975 0.62029986 0.7357999725000001 0.62200398375 0.75065060625 0.6034117625 0.7446137924999999
17 0.70935631 0.6941215525 0.71773723 0.73566566125 0.71026736125 0.7572279387499999 0.8221615099999999 0.7964189462500001 0.8580564725000001 0.814587105 0.94434872125 0.82131871375 0.98944044875 0.7983102162500001 0.97233089125 0.75319892125 0.9274551187500001 0.7087624575 0.88676583625 0.68347753875 0.8496779875 0.65491393625 0.83466442625 0.6800634525 0.81865116375 0.66183757625 0.79317413125 0.69979326875 0.7593241175 0.69944587 0.7183906025 0.65470085 0.70096849625 0.6935244925 0.70935631 0.6941215525