17 0.1898289125 0.64977335625 0.16557704 0.69173767125 0.16328042750000002 0.71797067 0.19205116 0.7637420337499999 0.20749565625 0.7342352087499999 0.22023475874999998 0.7238780525 0.23883801625 0.7019429012499999 0.24762309625 0.67966640875 0.26289664375 0.66134642 0.26854525875 0.6413172575 0.311638215 0.5956879575 0.3039011175 0.56066244875 0.2910282475 0.51210560125 0.28352898125 0.49535026125000003 0.25886833124999997 0.53023124125 0.20720583 0.6065882025 0.1898289125 0.64977335625
17 0.936322965 1 0.9381022912500001 0.99017939125 0.88707159 0.91241217625 0.84843809125 0.8466614712499999 0.7828845162499999 0.77192391125 0.7173532324999999 0.70700535125 0.704435775 0.6388105025 0.70473308125 0.5967988325 0.6815514887499999 0.59128014625 0.636585585 0.59030594 0.63689029875 0.63803311 0.65350165375 0.69005812875 0.66970423125 0.73499981 0.73721252625 0.8058780425000001 0.8103917287500001 0.8665461075 0.8618089175 0.94157765625 0.91046616625 1 0.936322965 1
17 0.345555955 0.225946335 0.36835106375000004 0.23420068875 0.408225785 0.24128155625000003 0.42844186125 0.23786074 0.49654477 0.22471563125 0.5385228625 0.20693133125 0.58915967625 0.19769537375 0.5904900775 0.17830154125 0.61347842875 0.1851880625 0.64269512375 0.16794191875 0.6728780274999999 0.14385661125000002 0.6934805900000001 0.13770012625 0.7063906425 0.11615613749999999 0.73640259875 0.10325766249999999 0.71001765625 0.07052930375 0.6813361 0.064033945 0.66268825625 0.06633109625 0.6248351375 0.0848479 0.58481176125 0.09877286375000001 0.5163223674999999 0.11465364125000001 0.4662875775 0.1296050975 0.38561651249999995 0.14192053 0.30629814125 0.14466112750000001 0.24992353874999998 0.13465024625 0.2259020925 0.10514589 0.21926497 0.12219521875 0.21939873625 0.18110922250000003 0.24657894249999998 0.21818524875 0.2672260925 0.23166676625000002 0.31376022875 0.2315173075 0.345555955 0.225946335
17 0.24983436 0.09537424375 0.3279263925 0.07138364125 0.30521305375 0.012666452500000001 0.30459306125 0.011281224999999999 0.1557105375 0.0057670575000000005 0.14105406125 0.00735197875 0.10826982875 0.00994311625 0.06240459625 0.04526507875 0.0472053525 0.13090140375 0.07386529375 0.16367859625 0.12802505625 0.1494596425 0.20237860125 0.12200087 0.24983436 0.09537424375
17 0.5285187775 0.55709417875 0.6024040675 0.5828339100000001 0.64777874875 0.59089145 0.72355187375 0.5833148487500001 0.78179202 0.55019039625 0.80666820625 0.5237605825 0.7986709825 0.460645905 0.773073895 0.342526375 0.75717603375 0.34531186124999996 0.76884486 0.38243770750000006 0.7908744075 0.48590223375 0.7893730575 0.5164829000000001 0.75762191875 0.541691875 0.71289384625 0.55898783625 0.6341775 0.56744393625 0.5563381875000001 0.52978486875 0.43973901750000005 0.45719992875000004 0.25019847500000003 0.34221709250000004 0.13351013 0.2303561525 0.05444447875 0.17144708 0.054206649999999995 0.15317691249999998 0.04121484125 0.17330423374999998 0.041192531250000004 0.2153647375 0.07797537625 0.24433093875 0.10968933125 0.2892228 0.15650588875000002 0.32698151125 0.2058791825 0.36659638875 0.23086684000000002 0.38926157875 0.2859110425 0.41866629375000003 0.3150013775 0.4322449875 0.33408029499999997 0.44685017125000004 0.37105638125 0.4744485375 0.39855619 0.47933189499999995 0.44788489499999995 0.49930877500000004 0.46913406625 0.5185057925000001 0.5285187775 0.55709417875
17 0.29497854375 0.43429797000000003 0.27951175375 0.4539857925 0.2936555475 0.5434306425 0.3155959175 0.607619165 0.32200261374999994 0.6620385075 0.32226273874999994 0.6901276762499999 0.33878491875 0.7028766925 0.36725093875 0.7009208825000001 0.38203393625 0.72598039625 0.40811416375 0.71098158625 0.40703648125 0.6687257475 0.39609603374999997 0.6064905675 0.38814339875000003 0.56301389125 0.36670098625 0.545184705 0.36441926 0.49149786624999997 0.36003416375 0.462676195 0.32247835125 0.4391813275 0.29497854375 0.43429797000000003
17 0.451594365 0.0167257175 0.30712179125 0.01137488125 0.336176335 0.0728486475 0.35594645125 0.1324453375 0.37813953875 0.13498418750000002 0.40838932624999996 0.14035588125 0.49277658375 0.12168962 0.44905190500000003 0.062045579999999996 0.4363945725 0.0219399 0.451594365 0.0167257175
17 0.7526050999999999 0.4075968625 0.7529024087499999 0.36558519250000004 0.7281897637500001 0.29108933375 0.6956359562500001 0.22221180125 0.6680023825000001 0.15841443875 0.667422655 0.16251794 0.6321039775 0.17307191 0.60935345875 0.1844555575 0.59762515375 0.20761154999999998 0.6106243837499999 0.22534356 0.61498718625 0.24434623375 0.63503231375 0.25211225125 0.63763364 0.27360642125 0.64047279875 0.31337075999999997 0.64900516125 0.3527439375 0.6668800374999999 0.35591811999999995 0.66241317 0.37755928375000003 0.6817522125000001 0.42025363624999995 0.70553582625 0.43148782249999995 0.7526050999999999 0.4075968625
17 0.8355745 0.19941256625 0.7907349562500001 0.16761352625 0.7153037287499999 0.15281646125 0.6697580974999999 0.15594575375 0.6847789262499999 0.1992754375 0.70645917 0.23537479125000002 0.7329927675000001 0.247097315 0.7553568025 0.2384493325 0.7956180075 0.24279453625 0.83966229 0.27024591000000003 0.8310481562500001 0.28133556875 0.7788431112499999 0.29169519125 0.73013872 0.28725281625 0.7453304975 0.319395665 0.7540561025 0.35740100750000003 0.8388521387500001 0.34581807875000004 0.88078564125 0.30839578 0.88168497 0.2720996125 0.8355745 0.19941256625
17 0.79064570375 0.38773504000000003 0.85744050625 0.40380276625 0.89697333 0.43325730125 0.953994545 0.468621685 0.93507168875 0.5227495075 0.9111840075000001 0.55215915375 0.9723079 0.5784370425 0.97692342 0.53579004375 0.9786180125 0.5038415425 0.9529391562499999 0.43618485 0.92513463625 0.38357432125 0.89797672375 0.35631729749999996 0.87554580375 0.3355082775 0.85255745375 0.32862175625 0.81274961375 0.35099789125 0.777408645 0.35173285875 0.79064570375 0.38773504000000003
17 0.95039738125 0.09501132625 0.88439784375 0.08329127 0.80445516 0.07049736375 0.81193213375 0.07743370625 0.8622939325 0.12002841874999999 0.8101780650000001 0.1696640425 0.82573403125 0.18925222625 0.8564371875000001 0.22134525375 0.8689607537499999 0.20253692999999998 0.9175313787499999 0.1480653025 0.95039738125 0.09501132625
17 0.9264872574999999 0.633397005 0.8936361425 0.6065311437500001 0.8458979625 0.5952496 0.7923848099999999 0.6348220575 0.7634059474999999 0.6703383687500001 0.76841535875 0.71469454125 0.81260829375 0.72114008125 0.8504614137500001 0.70262328 0.88474699625 0.6694514725 0.9264872574999999 0.633397005
17 0.6368846112500001 0.37865840749999996 0.5923646712499999 0.31466669875000003 0.545027865 0.22072965125 0.5355738800000001 0.20783364375000002 0.4935957875 0.22561794124999998 0.43943602499999995 0.2398368975 0.45682035 0.28639058125 0.48834106374999997 0.33265027750000004 0.5450426775 0.40020733125 0.59050653625 0.44754087249999996 0.6355616175000001 0.48779108 0.690628115 0.52701479625 0.71660427875 0.55265982 0.744275035 0.54635634375 0.7854132737499999 0.504586375 0.72938056375 0.47220182625 0.6752802787500001 0.42613894375 0.6368846112500001 0.37865840749999996
17 0.46232031125 0.2873672525 0.44715082875 0.26504340375 0.44676434375 0.26777907125 0.34291168624999996 0.27457581375 0.298376855 0.29050394375 0.2966822625 0.322452445 0.358170345 0.33617566625 0.427886075 0.3415448925 0.4971930275 0.33983078499999997 0.46232031125 0.2873672525
17 0.22305709875000002 0.32480188249999997 0.239512395 0.30809389625 0.29343432625 0.27560477250000004 0.33990158000000004 0.24599831125000002 0.35635687625 0.22929032375 0.33435702874999995 0.22538363749999998 0.2801749725 0.2297835925 0.25974335875 0.22475324125 0.23832324 0.216743055 0.176924335 0.2422958375 0.15378732875 0.25641515125000003 0.19097895125 0.29246468625 0.22305709875000002 0.32480188249999997
17 0.03437122125 0.41328239250000004 0.048767735 0.4410775725 0.08307561125 0.41772476750000004 0.110917315 0.40023445625 0.13875901875 0.38274414749999996 0.16894192375 0.3586588375 0.18168102875 0.3483016825 0.1610338775 0.33482016125 0.134284745 0.31464647125 0.10891060375 0.29471694875 0.10852411875 0.29745261500000003 0.05814743 0.33477774125000004 0.03211179125 0.36941455375 0.03437122125 0.41328239250000004
17 0.5267328975000001 0.380137985 0.51255192125 0.3607939725 0.47012045999999996 0.35185693375 0.333052495 0.34434248125000005 0.2513706325 0.34385907875 0.28441498875 0.36935710875 0.330949125 0.36920764749999996 0.40302835125 0.37780087875 0.45250571 0.37677192125 0.5267328975000001 0.380137985
17 0.50484452125 0.4253263025 0.58068452875 0.44720670375 0.5263464125 0.38287365125 0.44898276125000003 0.38175491875 0.37868730375 0.38048919124999997 0.317630295 0.383668305 0.34418618375 0.40520983 0.40038984125 0.42640754625 0.42629912249999996 0.4225955675 0.46007186125 0.42298426375 0.50484452125 0.4253263025
17 0.24245919125 0.3969604075 0.1859359325 0.40795536125 0.16711714125 0.421439345 0.1720819625 0.4461575175 0.21803637375 0.4501115575 0.25849082 0.453088925 0.29829865875 0.43071279124999995 0.28078797375000003 0.4149839425 0.24245919125 0.3969604075
17 0.21782091125 0.18226287374999997 0.22610803499999999 0.1136270425 0.20062982875 0.13434135625 0.16911652124999998 0.17782049749999998 0.14095521625 0.22750347625 0.16046520749999998 0.25901099625 0.21067094625 0.2328727025 0.23735319749999997 0.22358939125 0.24519436 0.2179710675 0.21782091125 0.18226287374999997
17 0.060477392500000005 0.238451075 0.040001191250000005 0.21378272124999997 0.032851226250000004 0.26439255375 0.04250586 0.36565956624999996 0.06087128375 0.3254542475 0.060477392500000005 0.238451075
17 0.258178625 0.5750204325 0.25983603625 0.6131727699999999 0.23983549499999998 0.6250447525 0.1893473375 0.613274875 0.15256449 0.5843086762499999 0.08679537749999999 0.5011199475 0.07132118125 0.43106892875 0.04934954375 0.43693938875 0.05175762875 0.4598013925 0.09316340000000001 0.53585943125 0.1441718075 0.6038076474999999 0.2072950075 0.6458642050000001 0.2693405225 0.64566492375 0.281068825 0.6225089337499999 0.2829284525 0.5794154537499999 0.2701001725 0.5504966087500001 0.240772005 0.51864774625 0.20888710124999998 0.48494271875 0.18701361500000002 0.45021119624999995 0.1990912225 0.49442037749999995 0.23039639874999998 0.53222890625 0.258178625 0.5750204325
17 0.10973764875 0.39858777125000006 0.0817027025 0.417445915 0.07977028 0.4311242475 0.081041205 0.47201225125 0.10588020875 0.515683275 0.11406326875 0.48769128125 0.12749357 0.52232562875 0.16979866999999998 0.5620875000000001 0.20875176875 0.5956455375 0.22598003375 0.5734662162499999 0.16534669000000002 0.50380882625 0.1527116525 0.4735221475 0.12198620249999999 0.43161011625 0.13641989875 0.38930446125 0.10973764875 0.39858777125000006
17 0.581968925 0.05899665625 0.62295851125 0.03823252375 0.53237968625 0.01971776625 0.51389752125 0.01903324125 0.48137909 0.03272123375 0.4478441825 0.050602707499999997 0.4537752175 0.06848171374999999 0.46836497375 0.09490906125000001 0.49805732999999996 0.114203255 0.51567207875 0.0892882675 0.545082015 0.07067429125000001 0.581968925 0.05899665625
17 0.609587535 0.4621113725 0.59188360875 0.447750355 0.58346271875 0.45747218375000004 0.55016564125 0.49362382375 0.5445393225 0.5234719875 0.6082199512500001 0.55160604375 0.6187665062500001 0.52683805 0.62871104 0.49635455624999997 0.633393445 0.48316456 0.609587535 0.4621113725
17 0.5030442975 0.66753546125 0.49116734 0.7116972850000001 0.50571250625 0.71848663125 0.5463379024999999 0.7102771674999999 0.57684040875 0.65399919 0.59634299375 0.59576786875 0.57333234875 0.5790623475000001 0.53478802875 0.55258764625 0.52542322125 0.57896764 0.51255775875 0.6201496325 0.5030442975 0.66753546125
17 0.486507305 0.47530876749999995 0.52054016875 0.50378663125 0.5604520725 0.4407666625 0.52332733125 0.43417413000000005 0.497804535 0.43525044125 0.486507305 0.47530876749999995
17 0.42333944500000004 0.67301172375 0.4163381325 0.70261572125 0.42168944125 0.7245982275 0.43932648625 0.70950224125 0.460099995 0.69215892375 0.4732255825 0.6790661025 0.50323754 0.6661676275 0.50727333375 0.6276241275000001 0.5211273025 0.58942197125 0.5342083025000001 0.5566911462499999 0.4929362975 0.53954711 0.49300317875 0.5690041137499999 0.46269391499999996 0.62391425625 0.42333944500000004 0.67301172375
17 0.407307815 0.61688320875 0.42687728125 0.58810888875 0.44410554750000003 0.56592957125 0.46855066 0.52259742125 0.45555143125 0.5048654087500001 0.4298353925 0.50730955375 0.39602547375 0.577021695 0.407307815 0.61688320875
17 1 0.14368743374999998 0.9962498075 0.13957451875000002 0.96221694375 0.11109665375000001 0.9480582599999999 0.10157164 0.93063675375 0.1251187925 0.9499089125000001 0.138356145 0.9194287 0.2044531225 0.9005207299999999 0.17866110500000001 0.85701899625 0.21720706875 0.87457426875 0.25257392125 0.88525458875 0.28671993125 0.88235595375 0.30723743 0.8602074562500001 0.32433658 0.9062287474999999 0.35774762000000004 0.9391244512500001 0.40425148624999996 0.9551486737499999 0.37064116249999995 0.9583669112500001 0.31793099625 0.94512985125 0.281928815 0.9735289874999999 0.250516005 0.9646324350000001 0.22369749625000002 0.9981450475 0.1959970225 1 0.19355367125 1 0.14368743374999998
17 0.7598330824999999 0.56590984125 0.80325304875 0.57782671125 0.8449115387499999 0.5922350825 0.8871497562499999 0.60253995375 0.92373935625 0.63287398625 0.985442975 0.6550483737499999 0.9974738125 0.5898816425 0.9575715725 0.57298084375 0.8991753662499999 0.5373722925 0.82314211625 0.51685972625 0.80741520125 0.50845837875 0.7935612325 0.546660535 0.7598330824999999 0.56590984125
17 0.61774822625 0.6836978925 0.62793799625 0.7612234075000001 0.64091493125 0.7691364187499999 0.6487709825 0.6835982525 0.63763729375 0.62273090625 0.59441057125 0.60944620125 0.5774424312499999 0.6597146899999999 0.5789734825 0.7286918625 0.58091331125 0.8047523687499999 0.6112002825 0.7400232237500001 0.61774822625 0.6836978925