5 0 0.7615780725000001 0.126636955 0.7381367412500001 0.21470477875 0.71278547875 0.3159237575 0.66746442625 0.35463200125 0.6680719387499999 0.39210841375 0.6289802725 0.43708427499999997 0.60967809375 0.44379958125 0.58834628375 0.40626617000000004 0.56220070125 0.35362262625 0.54044168125 0.31491438250000003 0.53983417 0.30489703625000003 0.549849115 0.29381608875000004 0.54143659125 0.196830675 0.52242840875 0.04253853875 0.5110116325 0 0.50045005875 0 0.57671505625 0.00343960875 0.57706349 0.12956361 0.60527200875 0 0.63110469 0 0.7615780725000001
17 0.03013815125 0.81934461625 0.06114256125 0.85169278875 0.09367633874999999 0.86464538 0.16795901624999998 0.87581524625 0.20496966375 0.87454663125 0.279177265 0.85688018 0.31083374375 0.8362760825 0.33185696124999997 0.8058373412500001 0.272254805 0.75530210125 0.24311621875 0.7461017649999999 0.14879885 0.75496178875 0.048586475 0.75347305875 0.03168559375 0.76354810375 0.02541797375 0.78345779375 0.03013815125 0.81934461625
5 0.6982804725 0.28877264375 0.7033913350000001 0.2580000975 0.69329891125 0.2391787225 0.69742124875 0.21881502625 0.71717648125 0.2214789675 0.76814050625 0.20496092999999999 0.7691290325 0.19455207875 0.78852973 0.19107352875 0.7995356025 0.17064973375 0.7955244937499999 0.14704788875 0.70212057625 0.11666274125 0.7154218837499999 0.15436559 0.6987073087500001 0.14931141625 0.6885217325 0.13805465249999999 0.65893546125 0.13027643625 0.60851227625 0.1378077425 0.5829371125 0.15363137125 0.546338 0.226279725 0.5381114025 0.2306061875 0.51496097875 0.22418999125 0.49681019 0.23096678874999998 0.49367637999999997 0.24092163374999997 0.50645492375 0.25121028500000003 0.49688526625 0.25980310875 0.51994253625 0.273783915 0.53602312125 0.29538943 0.53994107625 0.32655588375 0.548429055 0.33593651999999996 0.5362664275 0.34549745875 0.5368823425 0.36534704625000003 0.591857475 0.372430855 0.6271705275 0.36928610999999995 0.6449667825000001 0.3563668225 0.67598926875 0.35231406625 0.6950354325000001 0.34269302875 0.704791395 0.318970985 0.6982804725 0.28877264375
5 0.36984781499999997 0.27083976125 0.42081184 0.254321725 0.439951155 0.23713607625000002 0.442282745 0.22246086250000002 0.4049356375 0.18118606125 0.35613497250000004 0.161757175 0.31724042375 0.1762788825 0.2790549425 0.20308557 0.24150345625 0.213340915 0.22575933125 0.23427882 0.2193054075 0.26931773 0.30047162 0.28042749624999996 0.36984781499999997 0.27083976125
5 0.12306521249999999 0.18979266625000002 0.08775216125 0.19293740875 0.10338505749999999 0.21596504500000002 0.12215176375 0.22903783625 0.18705108750000002 0.2336713075 0.22934082875 0.222901855 0.25706127500000003 0.20753223375000002 0.26778769 0.2098022675 0.293362855 0.1939786375 0.30392103875 0.1749769625 0.33708880874999997 0.1713782125 0.36087322374999997 0.16124306749999998 0.26202198625 0.11908704625000001 0.24627786000000002 0.14002495125 0.22338881875 0.147315855 0.20210422 0.16404749625 0.12306521249999999 0.18979266625000002
5 0.115483165 0 0.10123700124999999 0.041071001249999996 0.12537595125 0.037078345 0.14289274875 0.046852887499999996 0.17551967875 0.05224086875 0.2035015075 0.050578347499999995 0.21825710625 0.04004929375 0.2329376275 0.0006839225000000001 0.23284767124999997 0 0.115483165 0
17 0.398370485 0.2601905075 0.35304008875000004 0.27335019625 0.31343647 0.27558692625 0.29653558875 0.28566197249999997 0.30323282 0.30073109 0.34488856749999997 0.30651297875 0.35632405125 0.32106799125 0.39279385875 0.328786105 0.41101972625 0.35084562875 0.45168694625 0.36703636625 0.4571342675 0.3788072375 0.47733718750000004 0.38004905625 0.5076506049999999 0.36371132125000005 0.52955112125 0.3668292675 0.5249240975 0.32337783625 0.5131340787500001 0.30268033375000003 0.49311746375 0.28630929375 0.44431679875 0.26688040874999996 0.398370485 0.2601905075
17 0.625349175 0.79665652625 0.6617258287500001 0.8119392512500001 0.7086787462499999 0.77181937125 0.72764983375 0.7333620125 0.7083422887499999 0.72927595125 0.7144236012499999 0.7244954825000001 0.695656895 0.71142269125 0.68520994 0.6864588275 0.61100233875 0.70412527875 0.598392025 0.71510833875 0.60042607875 0.75952788375 0.6165998137500001 0.7735687900000001 0.625349175 0.79665652625
17 0.6904890324999999 0.6769579899999999 0.6897048875 0.63583669125 0.64778775625 0.616347705 0.48812337624999996 0.62199637625 0.4649729525 0.6155801812499999 0.48491449000000003 0.60311490125 0.47508344874999997 0.5980006262500001 0.41678820250000004 0.6160008849999999 0.389067755 0.63137050625 0.36679463 0.6585109987500001 0.358288575 0.68553129125 0.36961283 0.744051845 0.40615771500000003 0.7806062775 0.4965209775 0.81338166125 0.57160587625 0.8292718975 0.627569535 0.8259468525 0.5995126275 0.7987730562500001 0.59399022875 0.75816586375 0.5770142725 0.73940459 0.58641570125 0.7095400562499999 0.4505357375 0.7050535825 0.3717011125 0.67926860125 0.37304417375 0.67500224 0.47771534375 0.69867069 0.5903517325 0.7043055812500001 0.6904890324999999 0.6769579899999999
17 0.29519252625 0.28992833375 0.27668720375 0.2905626425 0.24253090749999998 0.30457024374999997 0.2214145375 0.34257359375 0.22328036375 0.36572143124999995 0.23676797624999998 0.38829506125 0.27045851 0.41211051 0.31416638750000003 0.42591101375 0.3618102975 0.43447704125000003 0.387646845 0.43236051125 0.41268117 0.425523615 0.43959939625 0.40543362375 0.44166960125000004 0.37705131125 0.40887444125 0.35039162124999995 0.3966367375 0.33111624125 0.3541787675 0.32061398375000005 0.34488856749999997 0.30651297875 0.30323282 0.30073109 0.29519252625 0.28992833375
17 0.44298904 0.060305803750000005 0.45130878875 0.04841473125 0.44407071875 0.04233234125 0.3711311025 0.0268961125 0.3314343325 0.036697453750000004 0.30005731125 0.03460772 0.2943305325 0.04553067875 0.2866267 0.07727134000000001 0.2925217075 0.08762009000000001 0.31477675875 0.09688052624999999 0.36329796625 0.1390032425 0.40271527874999996 0.15189573375 0.41012157625 0.17924983125000002 0.4874268375 0.22443039375 0.5045891 0.22806244750000002 0.5132633825 0.222313865 0.54034983875 0.22349558375 0.5654022400000001 0.1802577575 0.576164805 0.1097259325 0.55668902875 0.08436816125 0.49027841625 0.0627293425 0.44298904 0.060305803750000005
5 0.8316995425 0.38830080125 0.7491541162500001 0.454259255 0.7155025075 0.532081985 0.7230019599999999 0.5518714725 0.7771748700000001 0.55423491125 0.79487797375 0.5488802337500001 0.8056043862500001 0.5511502675 0.8148945875 0.5652512725 0.8599455275 0.574785415 0.874701125 0.5642563625 0.86710852125 0.552031485 0.88677060125 0.562260035 0.89160200625 0.5541813175 0.8619406562499999 0.5175667825 0.870801245 0.49668898 0.8945856625 0.48655383375 0.9311486225 0.48670734000000004 0.89967845 0.49218221749999996 0.88357979125 0.5069776300000001 0.8799051400000001 0.52591920625 0.89143377625 0.53290960875 0.90654390875 0.52852304625 0.91717717125 0.53835768875 0.930496555 0.53965960875 0.96224618625 0.51149090125 0.97176076375 0.48535457875 0.97308892875 0.45973998375 0.96299140625 0.45097402125 0.93295744625 0.4446179275 0.89889430375 0.45106091875 0.89387659375 0.47426885625 0.8852954612499999 0.47245282875 0.86367440375 0.44664105125 0.88059336125 0.40016507625000003 0.8316995425 0.38830080125
17 0.51524321 0.3759362 0.47170356124999996 0.38340740375000004 0.44827367875 0.39968504125000004 0.42965712625 0.44428488875 0.43437730375 0.48017171 0.426487165 0.5270415912499999 0.43363208375 0.54068859 0.5126530125 0.55134435 0.6421902799999999 0.546904195 0.6752648975 0.55087005375 0.702444505 0.54448716375 0.6912884800000001 0.50723832125 0.71357968125 0.44369689875 0.69311538 0.42874798 0.69714456375 0.41594889375 0.6844591725 0.39809563375 0.6558614275 0.37990856624999997 0.62108921375 0.37406658 0.51524321 0.3759362
17 0.7135018325 0.24042054125 0.70643199125 0.2556098625 0.71616987875 0.26828874875000003 0.7003326 0.29679126125 0.70915703875 0.34871531625 0.72676698875 0.35092525 0.786312145 0.33622324124999997 0.84029874875 0.3537158975 0.86335602125 0.36769670374999996 0.89428535375 0.37120855625 0.90984317375 0.36539987250000006 0.9187037637500001 0.34452207 0.8803681299999999 0.31365611875 0.86083535375 0.22306109875000002 0.78351201875 0.21428146625 0.7507919375000001 0.21645809624999998 0.7135018325 0.24042054125
17 0.9485124937499999 0.26436920625 0.9827248475 0.273904405 0.9854573025000001 0.22120705125 0.9553209524999999 0.2354727875 0.9438673925000001 0.25731870375 0.9485124937499999 0.26436920625
5 0.17501776375 0.1628657775 0.17574490874999998 0.13874982749999998 0.14589725375 0.11726451375 0.07974802 0.1093327925 0.058259041250000004 0.17759458375 0.09946710125 0.1847985925 0.15677382125 0.17720718625 0.17501776375 0.1628657775
17 0.43177222625 0 0.43058310624999996 0.019758715 0.43683264875 0.036249955 0.451756475 0.046992611249999997 0.44817498 0.05836957625 0.56321803125 0.07816557125 0.62233357625 0.02848475375 0.6299250975 0 0.43177222625 0
17 0 0.45373754750000006 0.04684718125 0.47551871625 0.0816193925 0.48136070375 0.24087223625 0.40433229375 0.21611737 0.3884753625 0.17696143875 0.3892899725 0.1648168875 0.36244998 0.1325625675 0.32680355874999995 0.144127355 0.2609921025 0.05727051375 0.18800343625 0 0.3648694175 0 0.45373754750000006
5 0.31411216 0.5351138012500001 0.35791319125 0.54134969375 0.40152791625 0.56271481 0.42906205875 0.56247440625 0.4477356125 0.58311180875 0.44656078125 0.60864988 0.51522790625 0.5867771675 0.53026296375 0.553554285 0.491200185 0.5468042825 0.4541895375 0.5480729 0.43068457875 0.535514215 0.42948889749999997 0.42301317875 0.37598890375000005 0.50573657875 0.3577449625 0.52007798625 0.31849587875 0.5284572037499999 0.31411216 0.5351138012500001
17 0.75381174625 0.07602875375 0.88166949375 0.03331154125 0.86450723 0.0296794875 0.7294114125 0.06631431 0.64841342875 0.07647625375 0.5769851025 0.07804537125000001 0.56053191 0.08669829500000001 0.6602965974999999 0.089609145 0.67048217375 0.10086590875000001 0.72696859625 0.12495506375 0.8572900087499999 0.16163620625 0.8622896437500001 0.17482919875 0.9362928637500001 0.20869289625 0.9513098437499999 0.21187094250000002 0.9595364399999999 0.20754448 0.9456942925 0.1788283625 0.9868375225 0.19458851124999998 0.98970652 0.1392578625 0.9597588975 0.11961340125 0.93132938 0.12269804499999999 0.9104173925000001 0.10917124624999999 0.8902144725 0.1079294275 0.846879205 0.0638704825 0.8488381812500001 0.07945371 0.79332221125 0.08135663375 0.75381174625 0.07602875375
17 0.354479075 0.43595926125 0.30564225875 0.48933223374999996 0.31483930625 0.51099785 0.35444292375 0.50876112125 0.36410573375 0.49260368625 0.38180883625 0.48724901000000004 0.40318658749999997 0.46295275750000003 0.411244955 0.43735458625 0.354479075 0.43595926125
17 0.9494118362499999 0.09979009625 0.97552749375 0.053174733749999994 0.91195020125 0.04161593500000001 0.9170805274999999 0.0616624775 0.9301392224999999 0.0928673075 0.9494118362499999 0.09979009625
5 0.32022821625 0.10410168 0.28716263625 0.08193535499999999 0.22961330375 0.0830287425 0.2254162375 0.09636112375 0.3531773525 0.1357237675 0.32022821625 0.10410168
5 0.25507057625 0 0.23356445874999998 0.0023334437499999998 0.22824817374999998 0.01922112625 0.23595496000000002 0.026540357499999997 0.24254252874999999 0.03741489125 0.29824967125 0.03308752125 0.32780552874999996 0.034602231250000004 0.3590984375 0.02605611 0.42429633625 0.037009836250000004 0.42525219 0.024887597499999997 0.37821898375 0.00166138125 0.35929052375 0 0.25507057625 0
17 0.84296014875 0.57877511875 0.78838352125 0.55679660875 0.6685394775 0.55134283375 0.5745556162500001 0.5636863824999999 0.46155634999999995 0.6137194775 0.50982521375 0.6239346287499999 0.6914156575 0.6149626349999999 0.85294099625 0.61975702875 0.84296014875 0.57877511875