8 0.6878306875 0.96354166625 0.72255291 0.9610615075 0.7572751325 0.95486111125 0.7936507937499999 0.9424603175 0.7853835975 0.91145833375 0.80026455 0.9102182537500001 0.7738095237500001 0.86061507875 0.7490079362500001 0.77504960375 0.72255291 0.6994047625 0.70932539625 0.6485615075 0.6960978837499999 0.60887896875 0.6514550262500001 0.6200396825 0.62830687875 0.62251984125 0.60185185125 0.6609623012500001 0.57374338625 0.68576388875 0.5423280425 0.7105654762499999 0.54067460375 0.711805555 0.54398148125 0.9647817462499999 0.5720899475 0.9647817462499999 0.63822751375 0.966021825 0.6878306875 0.96354166625
8 0.60515873 0.32862103125 0.54563492125 0.27529761875 0.4828042325 0.2207341275 0.42989418 0.17733134875 0.37202381 0.127728175 0.32572751375000003 0.1599702375 0.2794312175 0.1996527775 0.23644179875 0.24181547625 0.1802248675 0.28025793625 0.23478836 0.32366071375 0.3125 0.37202381 0.37037037 0.41294642875 0.42989418 0.4538690475 0.48115079375 0.49479166625 0.52579365125 0.5295138887499999 0.577050265 0.5642361112500001 0.60515873 0.5431547625 0.6630290999999999 0.50843254 0.6994047625 0.48487103125 0.74404761875 0.44642857125 0.7473544975 0.44518849250000003 0.732473545 0.42162698374999996 0.60515873 0.32862103125
8 0 0.68328373 0.052910052500000006 0.74280754 0.08928571375000001 0.791170635 0.13558201 0.84201388875 0.1603835975 0.8258928575 0.18683862375000002 0.80357142875 0.21660052875000002 0.78745039625 0.2695105825 0.7576884925 0.2695105825 0.757344025 0.1818783075 0.7390873012500001 0.1405423275 0.72544642875 0.15376984125 0.68080357125 0.1719576725 0.6361607137499999 0.19014550249999998 0.58283730125 0.21164021125000002 0.5332341275 0.12400793625 0.56795634875 0.00330687875 0.6113591275 0 0.6454613100000001 0 0.68328373
8 0.39186507875 0.72420634875 0.42162698374999996 0.69196428625 0.45304232749999995 0.6436011899999999 0.479497355 0.596478175 0.40674603125 0.65104166625 0.33564814875000004 0.5617559525 0.2744709 0.5220734125 0.22817460374999998 0.477430555 0.20833333375 0.54067460375 0.19014550249999998 0.58779761875 0.166997355 0.64732142875 0.13723545 0.7217261899999999 0.19345238125000003 0.7390873012500001 0.25297619 0.75520833375 0.34060846499999997 0.7738095237500001 0.34556878249999995 0.77504960375 0.36871693125 0.7576884925 0.39186507875 0.72420634875
6 0.3373015875 0.7886904762499999 0.3373015875 0.80109127 0.360449735 0.82217261875 0.400132275 0.8320932537500001 0.4348544975 0.7948908725 0.45138888875 0.78249007875 0.49603174625 0.7452876987499999 0.5357142862500001 0.7155257937499999 0.5803571425 0.68328373 0.62169312125 0.63244047625 0.66137566125 0.59399801625 0.6762566137500001 0.576636905 0.653108465 0.5431547625 0.6316137562499999 0.5295138887499999 0.5803571425 0.55927579375 0.5704365075 0.5642361112500001 0.555555555 0.5518353175 0.5125661375 0.575396825 0.479497355 0.6014384925 0.44973545000000004 0.6485615075 0.42824074125 0.6783234125 0.400132275 0.711805555 0.37698412750000004 0.7539682537500001 0.38359788375000003 0.76016865125 0.3571428575 0.7576884925 0.3373015875 0.7886904762499999
6 0.74404761875 0.66344246 0.7886904762499999 0.70436507875 0.8250661375 0.7341269837500001 0.8366402112500001 0.751488095 0.82175925875 0.76140873 0.84656084625 0.7961309525 0.889550265 0.7936507937499999 0.9259259262499999 0.77876984125 0.9110449737499999 0.7366071425 0.8928571425 0.732886905 0.86144179875 0.64732142875 0.83829365125 0.596478175 0.8167989412500001 0.546875 0.7886904762499999 0.50843254 0.76388888875 0.49603174625 0.7473544975 0.4637896825 0.68617724875 0.49603174625 0.6597222225 0.50843254 0.634920635 0.5319940475 0.63822751375 0.5295138887499999 0.6630290999999999 0.54563492125 0.672949735 0.58779761875 0.70105820125 0.61259920625 0.74404761875 0.66344246
8 0.44642857125 0.46999007875 0.38855820125 0.43030754000000004 0.29265873 0.36334325375 0.22321428625 0.31125992125 0.27281745999999996 0.362103175 0.32903439125 0.41294642875 0.38690476250000005 0.47123015875 0.4546957675 0.5357142862500001 0.50925925875 0.57911706375 0.55390211625 0.55307539625 0.555555555 0.5518353175 0.51091269875 0.5133928575 0.44642857125 0.46999007875
8 0.49933862375 0.57911706375 0.419973545 0.50843254 0.38029100499999996 0.4637896825 0.322420635 0.41294642875 0.2876984125 0.37822420625 0.22156084624999997 0.399305555 0.262896825 0.46254960375000004 0.30423280375 0.5208333337500001 0.36375661375 0.596478175 0.41005291 0.6498015875 0.4447751325 0.62251984125 0.49437830750000006 0.5803571425 0.497685185 0.57911706375 0.49933862375 0.5803571425 0.49933862375 0.57911706375
8 0.5423280425 0.74280754 0.5224867725 0.72544642875 0.479497355 0.76140873 0.45634920625 0.78000992125 0.42824074125 0.8060515875 0.43320105875000003 0.8085317462499999 0.45304232749999995 0.82093254 0.4927248675 0.8159722225 0.5423280425 0.80729166625 0.5423280425 0.74280754
8 0.28604497375 0.37822420625 0.243055555 0.3373015875 0.20667989375 0.2988591275 0.1802248675 0.28645833374999996 0.22486772500000002 0.25049603125000003 0.2380952375 0.234375 0.21164021125000002 0.20213293624999998 0.17030423249999999 0.22693452375 0.03141534375 0.28521825375 0.049603175000000006 0.30505952375 0.0545634925 0.3273809525 0.10416666625 0.36458333375 0.17030423249999999 0.42658730125 0.2397486775 0.48735119 0.32407407374999997 0.556795635 0.3273809525 0.5505952375 0.28273809499999997 0.48859127 0.2199074075 0.39806547625 0.26124338625 0.3856646825 0.28604497375 0.37822420625
8 0.23313492125 0.13888888875 0.243055555 0.17113095250000002 0.22156084624999997 0.17361111125 0.24981218500000002 0.22775951 0.30588624375 0.17609127000000002 0.37037037 0.127728175 0.41170634874999995 0.16741071375 0.497685185 0.11904761875 0.48941799 0.09796627000000001 0.23313492125 0.13888888875
8 0.419973545 0.16369047625 0.53075396875 0.2591765875 0.6101190475 0.32986111125 0.66468254 0.37202381 0.7258597887499999 0.42038690500000003 0.75066137625 0.4439484125 0.7250330687500001 0.46957672 0.7936507937499999 0.4352678575 0.72089947125 0.3459821425 0.6316137562499999 0.24181547625 0.57870370375 0.17857142875 0.51917989375 0.1128472225 0.419973545 0.16369047625
8 0.60185185125 0.20337301624999998 0.6398809525 0.24553571375 0.6812169312499999 0.2976190475 0.71428571375 0.3459821425 0.7258597887499999 0.33110119 0.7308201062499999 0.2889384925 0.752314815 0.204613095 0.7671957675000001 0.13392857125000002 0.6762566137500001 0.1314484125 0.60846560875 0.126488095 0.575396825 0.12896825375 0.54067460375 0.12276785750000001 0.537367725 0.11904761875 0.56712963 0.164930555 0.60185185125 0.20337301624999998
9 0.8085317462499999 0.40922619 0.8283730162499999 0.39434523749999995 0.84160052875 0.36334325375 0.8349867725 0.33234127 0.82010582 0.3075396825 0.830026455 0.2777777775 0.81845238125 0.24677579375 0.7953042324999999 0.21949404749999998 0.7457010587499999 0.21577380999999998 0.74404761875 0.25297619 0.7308201062499999 0.28645833374999996 0.72420634875 0.32862103125 0.7473544975 0.32862103125 0.7192460312500001 0.34474206375 0.7473544975 0.37078373 0.772156085 0.38938492125 0.7738095237500001 0.40922619 0.7886904762499999 0.43278769875 0.74074074125 0.46254960375000004 0.7539682537500001 0.48487103125 0.7820767200000001 0.50471230125 0.7853835975 0.49975198374999996 0.791997355 0.48611111125 0.7754629625 0.4637896825 0.8068783075 0.45014881 0.8085317462499999 0.40922619