6 0.27433628375 0 0.13716814125000001 0.20796460125 0.12831858375 0.232300885 0.12241887875 0.28539823 0.1327433625 0.32079645999999995 0.1563421825 0.36061946874999995 0.18141592875 0.38274336249999996 0.218289085 0.38716814125 0.25221239 0.35840708 0.37758112125 0.13938053125 0.38938053125000005 0.10840707999999999 0.39233038375 0.05752212375 0.3849557525 0.046460177500000005 0.328908555 0 0.27433628375 0
6 0.09882005875000001 0.1349557525 0.13126843624999998 0.21902654875 0.2094395275 0.10176991125000001 0.2094395275 0.090707965 0.16961651875 0.04867256624999999 0.14306784625000002 0.00442477875 0.09587020624999999 0 0.076696165 0.03318584125 0.07227138625 0.08849557499999999 0.09882005875000001 0.1349557525
6 0.2389380525 1 0.21238938000000002 0.7345132737500001 0.16076696125 0.5442477875 0.14896755125 0.47345132749999996 0.1091445425 0.31637168125 0.08997050125 0.267699115 0.06784660749999999 0.2610619475 0.03539823 0.27212389375 0.0004689725 0.29777758375 0.00147492625 0.8008849562499999 0.04719764 0.9137168137499999 0.1032448375 1 0.2389380525 1
6 0.37758112125 1 0.30825958750000004 0.63716814125 0.29203539875 0.626106195 0.20058997 0.6769911500000001 0.23746312625000002 1 0.37758112125 1
6 0.40412979374999997 0.269911505 0.3613569325 0.5641592925 0.33185840749999995 0.62831858375 0.3200589975 0.7057522125 0.3731563425 0.99778761 0.48672566375000004 1 0.49852507375 0.9380530975000001 0.50442477875 0.7964601775 0.51622418875 0.74778761 0.51327433625 0.661504425 0.49115044249999995 0.5796460175 0.49262536875 0.27212389375 0.49852507375 0.21017699125 0.47640118000000004 0.18362831875000002 0.4262536875 0.17920354 0.41002949875 0.1880530975 0.40560472 0.19911504375 0.40412979374999997 0.269911505
6 0.600294985 0.47566371625000003 0.5 0.7964601775 0.49262536875 0.85398230125 0.49852507375 0.90707964625 0.49115044249999995 0.96460177 0.494100295 0.9911504425 0.5796460175 0.92920354 0.6740412975 0.9159292037500001 0.6873156337499999 0.90707964625 0.718289085 0.82079646 0.730088495 0.75221239 0.78023598875 0.56637168125 0.84218289125 0.4203539825 0.8451327437499999 0.37831858375000005 0.8230088499999999 0.34513274375 0.72271386375 0.27433628375 0.6681415925 0.2610619475 0.6563421825 0.27212389375 0.6327433625 0.33185840749999995 0.600294985 0.47566371625000003
6 0.9852507375 1 0.9734513275000001 0.9380530975000001 0.9557522125 0.9048672562500001 0.90412979375 0.8805309737499999 0.899705015 0.8716814162500001 0.8849557525 0.8716814162500001 0.58407079625 0.9247787612499999 0.50442477875 0.98672566375 0.47345132749999996 1 0.9852507375 1
6 1 0.20132743375 0.9911504425 0.20132743375 0.9483775812499999 0.21238938000000002 0.94247787625 0.2411504425 0.94247787625 0.2964601775 0.91297935125 0.32522123875 0.8849557525 0.38938053125000005 0.8716814162500001 0.46238937999999996 0.86283185875 0.5619469025 0.8657817112499999 0.730088495 0.8849557525 0.840707965 0.8967551625 0.8716814162500001 0.9528023600000001 0.9004424775 1 0.9026548674999999 1 0.20132743375
6 0.83333333375 0.35176991125 0.85398230125 0.376106195 0.85398230125 0.39159292 0.840707965 0.40044247749999995 0.8362831862500001 0.43141592875 0.79941003 0.5088495575 0.76253687375 0.6327433625 0.7566371687500001 0.6969026549999999 0.7389380525 0.7566371687500001 0.73746312625 0.78318584125 0.73746312625 0.8451327437499999 0.7551622425 0.8938053100000001 0.8805309737499999 0.876106195 0.8923303837500001 0.8650442475 0.8731563425000001 0.7809734512500001 0.86283185875 0.6880530975000001 0.8657817112499999 0.53318584125 0.88348082625 0.39601769875000004 0.9100294987499999 0.32743362875000004 0.9306784662500001 0.30088495625 0.876106195 0.303097345 0.81120944 0.27433628375 0.77581121 0.28097345125 0.7728613575 0.305309735 0.83333333375 0.35176991125
6 0.6415929199999999 0 0.63126843625 0.044247787499999996 0.6327433625 0.08849557499999999 0.67846607625 0.18141592875 0.730088495 0.22345132750000002 0.85693215375 0.2964601775 0.9144542775 0.303097345 0.9262536875 0.2964601775 0.94100295 0.2787610625 0.9483775812499999 0.21238938000000002 0.9793510325 0.20353982250000002 0.9896755162499999 0.1703539825 0.99262536875 0.08407079625 0.9793510325 0.03097345125 0.96460177 0 0.6415929199999999 0
6 0.49262536875 0.269911505 0.49115044249999995 0.58628318625 0.51179941 0.659292035 0.51327433625 0.72566371625 0.517699115 0.7345132737500001 0.53392330375 0.6969026549999999 0.6091445424999999 0.44690265500000004 0.635693215 0.32522123875 0.6622418875 0.26548672624999997 0.7109144537500001 0.26327433625 0.7109144537500001 0.22566371624999998 0.70058997 0.20353982250000002 0.6120943950000001 0.1327433625 0.57522123875 0.126106195 0.5545722712500001 0.14159292 0.52212389375 0.19026548625 0.49262536875 0.269911505
6 0.24041297875 0.37168141624999995 0.20353982250000002 0.39601769875000004 0.17699114999999999 0.47566371625000003 0.15486725625 0.50221239 0.19911504375 0.6769911500000001 0.241887905 0.6438053100000001 0.2669616525 0.59513274375 0.31858407125 0.55752212375 0.35545722750000003 0.519911505 0.3731563425 0.4889380525 0.40560472 0.27212389375 0.40707964625000004 0.20132743375 0.4144542775 0.1880530975 0.44837758125 0.17920354 0.43067846625 0.15486725625 0.38938053125000005 0.14601769875 0.3613569325 0.16371681375000002 0.34513274375 0.1880530975 0.24041297875 0.37168141624999995
6 0.328908555 0 0.3731563425 0.022123893749999998 0.3908554575 0.053097345000000004 0.47197640125 0.10619469000000001 0.5088495575 0.13938053125 0.5471976399999999 0.1526548675 0.5678466075 0.12831858375 0.59292035375 0.126106195 0.67551622375 0.17699114999999999 0.6637168137499999 0.14159292 0.64011799375 0.11061946875 0.6327433625 0.08628318625 0.6327433625 0.03761062 0.64306784625 0 0.328908555 0