14 0.60357142875 0.4425 0.5803571425 0.445 0.5803571425 0.455 0.5607142862500001 0.4725 0.57321428625 0.6325 0.5928571425 0.745 0.65892857125 0.76 0.7303571425 0.75 0.8535714287499999 0.755 0.875 0.78 0.8964285712500001 0.775 0.91071428625 0.7475 0.9125 0.7275 0.8875 0.6275 0.78928571375 0.42 0.75 0.4125 0.71428571375 0.4225 0.63928571375 0.4175 0.60357142875 0.4425
14 0.7625 0.4025 0.78392857125 0.405 0.8375 0.52 0.87321428625 0.54 0.91071428625 0.5525 0.9214285712500001 0.52 0.9625 0.4575 0.9625 0.435 0.9553571425 0.4275 0.77857142875 0.3625 0.7428571425 0.3625 0.7125 0.3725 0.7035714287499999 0.42 0.7625 0.4025
14 0.9821428575 1 0.9785714287499999 0.985 1 0.9725 0.9946428575 0.7975 0.9321428575 0.7625 0.9053571425 0.76 0.88392857125 0.7775 0.86607142875 0.7475 0.85178571375 0.745 0.7285714287499999 0.7475 0.6625 0.7625 0.6553571425 0.8025 0.65357142875 0.9 0.775 1 0.9821428575 1
14 0.14107142875 0.7225 0.17321428625 0.7125 0.1696428575 0.6575 0.19821428624999998 0.6275 0.24821428625 0.605 0.3071428575 0.6 0.32142857125 0.5775 0.32142857125 0.475 0.3125 0.3775 0.14821428625 0.3725 0.13392857125000002 0.3775 0.1321428575 0.3875 0.14107142875 0.7225
14 0.11428571375 0.7725 0.1125 0.8025 0.15357142875 0.835 0.20892857125 0.8525 0.2125 0.8725 0.23928571375000002 0.855 0.28928571375 0.795 0.28571428625 0.7825 0.21607142875000002 0.7575 0.19107142875000002 0.725 0.16071428625 0.7225 0.1321428575 0.7325 0.12321428625 0.7675 0.11428571375 0.7725
14 0.51170611375 1 0.52599182875 0.98 0.52599182875 0.95 0.5045632575 0.9475 0.48849182874999997 0.9325 0.4545632575 0.835 0.45634897125 0.6925 0.40277754250000003 0.6625 0.36706325749999996 0.675 0.3295632575 0.7325 0.31884897125 0.735 0.2795632575 0.8025 0.21706325750000002 0.87 0.21706325750000002 0.885 0.37063468625 1 0.51170611375 1
14 0.32857142875 0.5375 0.375 0.525 0.3875 0.4925 0.44821428625000004 0.4925 0.5375 0.4525 0.52857142875 0.415 0.4696428575 0.395 0.3625 0.33 0.3125 0.3775 0.3178571425 0.5125 0.32857142875 0.5375
14 0.4053571425 0.325 0.3946428575 0.3325 0.3946428575 0.345 0.43392857125 0.375 0.5321428575 0.415 0.5357142862500001 0.45 0.54642857125 0.4525 0.5571428575 0.4375 0.54642857125 0.3125 0.5178571425 0.3025 0.49285714249999996 0.315 0.46071428625000005 0.31 0.4053571425 0.325
14 0.8428571425 0.53 0.89821428625 0.665 0.90892857125 0.7075 0.90892857125 0.7525 0.99107142875 0.785 0.99821428625 0.7725 1 0.47 0.9839285712500001 0.47 0.9482142862499999 0.475 0.90892857125 0.5475 0.8428571425 0.53
14 0.35178571374999995 0.6575 0.3571428575 0.665 0.46428571375 0.685 0.4875 0.665 0.51428571375 0.665 0.54107142875 0.68 0.55357142875 0.7 0.5607142862500001 0.7 0.57142857125 0.6775 0.57321428625 0.635 0.5553571425 0.6025 0.4625 0.5675 0.3446428575 0.5525 0.34107142875 0.5625 0.35178571374999995 0.6 0.35178571374999995 0.6575
14 0.62857142875 1 0.61607142875 0.9725 0.6232142862500001 0.84 0.62857142875 0.825 0.6571428575 0.815 0.65892857125 0.7675 0.60178571375 0.7375 0.5821428575 0.6975 0.56607142875 0.7 0.5428571425 0.685 0.48392857125 0.685 0.46071428625000005 0.6975 0.45357142875 0.7125 0.44642857125 0.8125 0.45178571375 0.8475 0.47857142875 0.92 0.5017857137499999 0.95 0.5196428575 0.9375 0.5321428575 0.945 0.52857142875 0.9825 0.51071428625 1 0.62857142875 1
14 0.21071428625 0.6075 0.15892857125 0.6575 0.16071428625 0.685 0.18392857124999998 0.7175 0.20357142875 0.7175 0.21607142875000002 0.76 0.2571428575 0.76 0.2625 0.775 0.29464285749999997 0.78 0.37678571375 0.6725 0.35357142875 0.6575 0.35357142875 0.6025 0.34107142875 0.575 0.32678571375 0.5725 0.29464285749999997 0.5975 0.24642857124999998 0.595 0.21071428625 0.6075
14 0.37142857125 0.54 0.36785714249999996 0.53 0.3446428575 0.525 0.32678571375 0.555 0.375 0.555 0.525 0.5825 0.54821428625 0.595 0.5678571425 0.5925 0.5607142862500001 0.46 0.60357142875 0.4325 0.6732142862499999 0.4125 0.6732142862499999 0.3975 0.66071428625 0.3975 0.47857142875 0.485 0.38571428625000004 0.49 0.37142857125 0.54