10 0.20727611750000002 0.41015625 0.22289741500000002 0.43619791625 0.24242403625 0.45572916625 0.25511633875 0.45833333375 0.65638840375 0.515625 0.6681043762500001 0.515625 0.67493869375 0.50390625 0.6837256725 0.48828125 0.69348898375 0.46614583375 0.6964179762499999 0.43489583375 0.70032330125 0.40625 0.69934697 0.38151041625 0.6964179762499999 0.33854166625 0.6866546662499999 0.30338541625000004 0.675915025 0.27994791625000004 0.67103336875 0.27604166625000004 0.278548285 0.13932291624999998 0.26097432625 0.13802083375000002 0.232660725 0.1484375 0.223873745 0.17057291625 0.21996842125000002 0.18489583375 0.21411043500000002 0.20052083375 0.20825244874999999 0.21223958375 0.19946546874999999 0.2109375 0.121358985 0.1875 0.12038265375 0.171875 0.0910927225 0.16276041625 0.0823057425 0.16927083375 0.075471425 0.20182291625 0.0725424325 0.22395833375 0.06961343874999999 0.28776041625000004 0.0725424325 0.31901041625000004 0.071640015 0.33203125 0.10476135749999999 0.33203125 0.11159567375 0.32291666625 0.1975128075 0.34114583375 0.20727611750000002 0.41015625
13 0.72593689 0.46354166625 0.73254222625 0.94791666625 0.7452345300000001 0.94401041625 0.73449488875 0.47265625 0.72593689 0.46354166625
13 0.73937654375 0.44791666625 0.73374939 0.45963541625 0.74425819875 0.92708333375 0.7540215087500001 0.92838541625 0.73937654375 0.44791666625
13 0.75718689 0.92708333375 0.7628084887500001 0.9375 0.7520688475 0.45052083375 0.741329205 0.45963541625 0.75718689 0.92708333375
13 0.8516546150000001 0.4609375 0.83921814 0.46875 0.7618321575 0.92578125 0.7735481299999999 0.9296875 0.8516546150000001 0.4609375
13 0.8780155537500001 0.47265625 0.86656189 0.47916666625 0.77257179875 0.93229166625 0.7803824475000001 0.9375 0.8780155537500001 0.47265625
13 0.860702515 0.41145833375 0.7911220887499999 0.83984375 0.8721575675 0.39713541625 0.860702515 0.41145833375
12 0.41621096375 0.70833333375 0.41816362625 0.93880208375 0.598983765 0.95052083375 0.59390321625 0.609375 0.4289032675 0.60546875 0.425974275 0.69140625 0.41621096375 0.70833333375
12 0.25902166375 0.69661458375 0.4124603275 0.70963541625 0.4240216125 0.69270833375 0.4425719025 0.48697916625 0.28342994 0.46484375 0.25902166375 0.69661458375
12 0.26390331875 0.70052083375 0.2307080625 0.99869791625 0.3918026875 0.99869791625 0.41621096375 0.70963541625 0.26390331875 0.70052083375
12 0.7022759625 0.38802083375 0.7940510825 0.6302083337500001 0.942733765 0.5442708337500001 0.8399386425 0.25520833374999996 0.6973943075 0.33854166625 0.7022759625 0.38802083375
12 0.6739623625 0.95703125 0.73254222625 0.93359375 0.89754217375 0.90885416625 0.880233765 0.71744791625 0.83017533125 0.71484375 0.76085582625 0.73177083375 0.65248307875 0.7578125 0.6739623625 0.95703125
12 0.592926885 0.62890625 0.7022759625 0.6236979162499999 0.72375524625 0.5794270837500001 0.72570790875 0.5208333337500001 0.5042572025 0.58203125 0.5031044275 0.6041666662499999 0.59683220875 0.6119791662499999 0.592926885 0.62890625
12 0.630027465 0.77473958375 0.7022759625 0.625 0.59390321625 0.6354166662499999 0.59878487125 0.94921875 0.571640015 0.95442708375 0.57340026375 0.96744791625 0.67103336875 0.94270833375 0.66127005875 0.82161458375 0.630027465 0.77473958375