10 0.755128205 0.27051282 0.77948718 0.28846153874999997 0.784615385 0.3025641025 0.79358974375 0.31025641 0.7948717949999999 0.32307692250000003 0.844871795 0.35256410250000003 0.86666666625 0.35384615375 0.87051282 0.34230769250000004 0.8820512825 0.3371794875 0.884615385 0.3179487175 0.8525641025 0.2974358975 0.82179487125 0.2679487175 0.79871794875 0.26025641 0.7692307687500001 0.23589743625 0.76153846125 0.23589743625 0.74615384625 0.24358974374999998 0.74615384625 0.2576923075 0.755128205 0.27051282
10 1 0.41923076875 0.97564102625 0.39743589749999997 0.9371794875 0.394871795 0.9217948712499999 0.40128205125 0.8730769225 0.40384615375000005 0.8166666662500001 0.38846153875 0.7730769225 0.38974359 0.73333333375 0.38333333375 0.7269230775 0.39358974375 0.7269230775 0.40769230749999996 0.74615384625 0.4128205125 0.7576923075 0.42564102624999994 0.78974359 0.43846153875 0.86666666625 0.4576923075 0.88974359 0.4576923075 0.8987179487500001 0.42948717999999997 0.91153846125 0.43076923125 0.93589743625 0.44358974375000004 0.95128205125 0.44358974375000004 0.96025641 0.434615385 0.9679487175 0.434615385 0.9769230775 0.44358974375000004 1 0.44615384625 1 0.41923076875
10 0.7243589737499999 0.7038461537499999 0.7243589737499999 0.70897435875 0.73333333375 0.7320512825000001 0.79102564125 0.7320512825000001 0.81410256375 0.7397435900000001 0.8435897437500001 0.7320512825000001 0.905128205 0.72948718 0.9192307687500001 0.7230769225 0.9230769225000001 0.7038461537499999 0.91666666625 0.6961538462500001 0.9179487175 0.6807692312499999 0.8974358975 0.67051282 0.8769230775 0.67051282 0.7974358975 0.67948718 0.7756410262500001 0.6923076924999999 0.7243589737499999 0.7038461537499999
10 0.6089743587499999 0.6679487175 0.63076923125 0.7025641025 0.6833333337499999 0.7525641025 0.7076923075 0.76153846125 0.7320512825000001 0.7820512825 0.74615384625 0.8 0.76153846125 0.8025641025 0.7730769225 0.7974358975 0.7756410262500001 0.7756410262500001 0.7358974362499999 0.734615385 0.7243589737499999 0.70641025625 0.66153846125 0.6423076925 0.63589743625 0.63589743625 0.6269230775 0.6487179487500001 0.615384615 0.6525641025 0.6089743587499999 0.6679487175
10 0.47564102625 0.6833333337499999 0.47179487125 0.7025641025 0.48333333375000004 0.715384615 0.5269230775 0.71923076875 0.55 0.71153846125 0.584615385 0.70897435875 0.59871794875 0.69871794875 0.62435897375 0.69358974375 0.6089743587499999 0.67051282 0.6128205125 0.65897435875 0.5717948712500001 0.6487179487500001 0.47051282 0.65897435875 0.46923076874999997 0.67435897375 0.47564102625 0.6833333337499999
10 0.05641025625 0.4179487175 0.0730769225 0.42051282 0.08974359 0.41153846125 0.15384615375 0.4128205125 0.15897435875 0.4025641025 0.17179487125 0.39615384625 0.215384615 0.38846153875 0.21153846125 0.37948718 0.1974358975 0.37435897375000005 0.15384615375 0.36538461499999997 0.12179487124999999 0.36538461499999997 0.0525641025 0.3730769225 0.04615384625 0.38589743624999995 0.05641025625 0.4179487175
10 0.22692307750000001 0.42820512875 0.21923076875 0.43589743625 0.22179487125000003 0.47435897375 0.205128205 0.53974359 0.22051282 0.54871794875 0.23076923125 0.54615384625 0.26153846125 0.47820512875 0.27564102625 0.46923076874999997 0.28333333374999997 0.43589743625 0.30128205125 0.3923076925 0.3025641025 0.36923076875 0.2871794875 0.34615384624999995 0.27948718 0.34615384624999995 0.2525641025 0.35897435875 0.2423076925 0.3769230775 0.22692307750000001 0.42820512875
10 0.0679487175 0.7512820512499999 0.08974359 0.8115384612500001 0.105128205 0.8282051287500001 0.12435897374999999 0.83846153875 0.12948718 0.85384615375 0.15128205125 0.865384615 0.15897435875 0.8628205124999999 0.18589743625 0.83333333375 0.184615385 0.805128205 0.17307692249999998 0.80128205125 0.17307692249999998 0.79358974375 0.1628205125 0.7833333337499999 0.15128205125 0.78974359 0.13974359 0.78846153875 0.12948718 0.7717948712499999 0.1320512825 0.7397435900000001 0.1025641025 0.7230769225 0.094871795 0.71153846125 0.06538461500000001 0.69358974375 0.058974358750000004 0.6820512825 0.03974359 0.67435897375 0.03076923125 0.6846153850000001 0.034615385 0.7038461537499999 0.0679487175 0.7512820512499999
10 0.21923076875 0.6974358975 0.25128205125 0.77948718 0.2628205125 0.79102564125 0.28333333374999997 0.7961538462500001 0.28974359 0.7820512825 0.30128205125 0.784615385 0.30897435875 0.77948718 0.31410256375 0.7512820512499999 0.3076923075 0.73846153875 0.29358974374999997 0.7320512825000001 0.2820512825 0.71923076875 0.26923076875 0.66666666625 0.23589743625 0.62820512875 0.22692307750000001 0.63333333375 0.215384615 0.6628205125 0.21923076875 0.6974358975
10 0.38205128250000003 0.28846153874999997 0.38974359 0.29358974374999997 0.39743589749999997 0.2923076925 0.41666666625 0.2730769225 0.42948717999999997 0.25128205125 0.434615385 0.16794871749999998 0.42692307749999997 0.1576923075 0.41538461499999996 0.16153846125000001 0.4128205125 0.155128205 0.40384615375000005 0.1525641025 0.3871794875 0.16410256374999999 0.37820512875 0.24102564125 0.38205128250000003 0.28846153874999997
10 0.39871794875 0.28974359 0.4 0.29358974374999997 0.41538461499999996 0.294871795 0.44615384625 0.27564102625 0.4730769225 0.27564102625 0.484615385 0.2576923075 0.49871794875 0.25384615374999997 0.52179487125 0.22179487125000003 0.52179487125 0.21153846125 0.51153846125 0.20641025625 0.5076923074999999 0.194871795 0.48717948749999995 0.194871795 0.4320512825 0.24358974374999998 0.42564102624999994 0.26153846125 0.39871794875 0.28974359
10 0.45512820499999995 0.73846153875 0.45384615375000004 0.7474358975 0.4320512825 0.7641025637500001 0.42564102624999994 0.7871794875 0.394871795 0.805128205 0.3923076925 0.8307692312499999 0.40641025625 0.8397435900000001 0.41410256375000004 0.86410256375 0.42692307749999997 0.86666666625 0.44615384625 0.8551282050000001 0.49358974375000003 0.77948718 0.50641025625 0.77051282 0.5128205125 0.7397435900000001 0.5243589737500001 0.71923076875 0.51923076875 0.71410256375 0.50641025625 0.71410256375 0.48589743625 0.715384615 0.46923076874999997 0.72564102625 0.45512820499999995 0.73846153875
10 0.35128205125 0.68589743625 0.3871794875 0.72179487125 0.41025641 0.7358974362499999 0.42179487125000004 0.755128205 0.42948717999999997 0.7602564099999999 0.4423076925 0.75897435875 0.4576923075 0.744871795 0.45641025625 0.7371794875000001 0.47051282 0.7269230775 0.4628205125 0.7051282050000001 0.39871794875 0.6448717949999999 0.36923076875 0.63333333375 0.3269230775 0.6025641025 0.30897435875 0.6269230775 0.34230769250000004 0.6628205125 0.35128205125 0.68589743625
10 0.36153846125 0.5717948712500001 0.38974359 0.5769230774999999 0.434615385 0.59615384625 0.46410256375000003 0.5935897437500001 0.4730769225 0.5730769225 0.4679487175 0.53974359 0.44102564125 0.52948718 0.3730769225 0.51923076875 0.355128205 0.52948718 0.35256410250000003 0.5576923075 0.36153846125 0.5717948712500001
10 0.0923076925 0.61923076875 0.0525641025 0.6512820512499999 0.04358974375 0.67435897375 0.07948718 0.7025641025 0.09615384625000001 0.69871794875 0.1576923075 0.6371794875 0.20384615374999998 0.5653846149999999 0.22692307750000001 0.55128205125 0.22179487125000003 0.544871795 0.1974358975 0.53846153875 0.15384615375 0.5717948712500001 0.1230769225 0.58589743625 0.0923076925 0.61923076875
10 0.00128205125 0.61410256375 0 0.67564102625 0.02051282 0.6769230775 0.0474358975 0.65897435875 0.12435897374999999 0.584615385 0.15128205125 0.5730769225 0.17435897375 0.5551282049999999 0.18076923125 0.54871794875 0.17948718 0.54358974375 0.16794871749999998 0.52820512875 0.16153846125000001 0.5269230775 0.09615384625000001 0.56410256375 0.0679487175 0.56923076875 0.00128205125 0.61410256375
10 0.2974358975 0.48717948749999995 0.2974358975 0.49487179500000006 0.3076923075 0.5038461537500001 0.3076923075 0.5179487174999999 0.38589743624999995 0.51923076875 0.41410256375000004 0.505128205 0.434615385 0.50128205125 0.43974359 0.4923076925 0.43589743625 0.47564102625 0.40384615375000005 0.47179487125 0.39102564125 0.46025641 0.33076923125 0.4576923075 0.30897435875 0.46410256375000003 0.3076923075 0.47948718 0.2974358975 0.48717948749999995
10 0.44358974375000004 0.48589743625 0.43589743625 0.5038461537500001 0.44743589749999996 0.51666666625 0.47435897375 0.515384615 0.52179487125 0.52564102625 0.5769230774999999 0.51923076875 0.594871795 0.505128205 0.6038461537500001 0.48589743625 0.6038461537500001 0.4730769225 0.594871795 0.46666666625 0.5576923075 0.46666666625 0.51666666625 0.46923076874999997 0.49102564125000003 0.48076923125 0.44358974375000004 0.48589743625
10 0.44743589749999996 0.44615384625 0.4423076925 0.4525641025 0.43974359 0.48076923125 0.49102564125000003 0.4820512825 0.51923076875 0.47051282 0.54871794875 0.42564102624999994 0.54871794875 0.4179487175 0.5371794875 0.4128205125 0.51666666625 0.42179487125000004 0.4974358975 0.42179487125000004 0.44743589749999996 0.44615384625
10 0.45384615375000004 0.38333333375 0.42051282 0.39102564125 0.40897435875 0.40128205125 0.40897435875 0.43076923125 0.42948717999999997 0.444871795 0.48076923125 0.43333333375000005 0.5076923074999999 0.40641025625 0.5269230775 0.39615384625 0.5230769225 0.37820512875 0.51025641 0.37435897375000005 0.49358974375000003 0.37948718 0.46153846125000003 0.3769230775 0.45384615375000004 0.38333333375
10 0.615384615 0.51025641 0.615384615 0.5179487174999999 0.62435897375 0.5269230775 0.6487179487500001 0.53589743625 0.655128205 0.54615384625 0.6846153850000001 0.55384615375 0.7 0.56410256375 0.7282051287500001 0.56666666625 0.7717948712499999 0.58846153875 0.7871794875 0.58846153875 0.8 0.57948718 0.8025641025 0.56923076875 0.79871794875 0.5628205125 0.744871795 0.534615385 0.7243589737499999 0.51153846125 0.6923076924999999 0.5 0.65 0.47435897375 0.634615385 0.47179487125 0.62820512875 0.47564102625 0.6269230775 0.49871794875 0.615384615 0.51025641
10 0.22692307750000001 0.27948718 0.22948717999999999 0.29102564125 0.24102564125 0.3 0.27948718 0.29871794875 0.2974358975 0.28974359 0.35 0.284615385 0.36153846125 0.27820512875 0.36794871749999997 0.2628205125 0.36025641 0.24102564125 0.3269230775 0.234615385 0.26923076875 0.25128205125 0.25384615374999997 0.26666666625 0.22692307750000001 0.27948718
10 0.36025641 0.39358974375 0.38333333375 0.41410256375000004 0.38461538500000003 0.43846153875 0.37179487125 0.45128205125 0.3871794875 0.45512820499999995 0.39615384625 0.45 0.40128205125 0.41538461499999996 0.41923076875 0.38205128250000003 0.42051282 0.31153846125 0.41923076875 0.3 0.40641025625 0.28846153874999997 0.38974359 0.2923076925 0.38076923125 0.28846153874999997 0.37179487125 0.294871795 0.36538461499999997 0.3128205125 0.36025641 0.39358974375
10 0.26410256375 0.61410256375 0.27179487125 0.62051282 0.28589743625 0.62051282 0.2923076925 0.63076923125 0.30641025625 0.6269230775 0.32179487125 0.6128205125 0.33846153875 0.57435897375 0.3474358975 0.56666666625 0.355128205 0.53974359 0.35256410250000003 0.51923076875 0.31025641 0.51923076875 0.294871795 0.52948718 0.2628205125 0.59102564125 0.26410256375 0.61410256375
10 0.24615384625 0.5474358975 0.255128205 0.5820512825 0.2525641025 0.6423076925 0.26666666625 0.6487179487500001 0.27948718 0.64615384625 0.294871795 0.634615385 0.28974359 0.62051282 0.2679487175 0.61923076875 0.2628205125 0.60128205125 0.2679487175 0.5820512825 0.28076923125000003 0.58076923125 0.28076923125000003 0.5769230774999999 0.27179487125 0.57948718 0.27179487125 0.5730769225 0.294871795 0.53589743625 0.29102564125 0.5269230775 0.305128205 0.5128205125 0.30641025625 0.5038461537500001 0.29871794875 0.4974358975 0.2974358975 0.4820512825 0.29102564125 0.47435897375 0.27435897375 0.47179487125 0.26666666625 0.47435897375 0.25641025625 0.48846153875 0.24615384625 0.5474358975
10 0.85641025625 0.53974359 0.84615384625 0.5551282049999999 0.8525641025 0.57820512875 0.8397435900000001 0.58589743625 0.8397435900000001 0.5923076925 0.844871795 0.62179487125 0.8551282050000001 0.63076923125 0.8871794875000001 0.62948718 0.8987179487500001 0.60128205125 0.90384615375 0.54871794875 0.9 0.5076923074999999 0.8948717949999999 0.47948718 0.88076923125 0.47564102625 0.8730769225 0.4820512825 0.8474358975 0.53076923125 0.85641025625 0.53974359
10 0.5730769225 0.5615384612500001 0.54871794875 0.62564102625 0.5525641025 0.6423076925 0.57820512875 0.6474358975 0.59102564125 0.655128205 0.6025641025 0.65 0.6025641025 0.63974359 0.57820512875 0.6179487175 0.5769230774999999 0.61025641 0.58589743625 0.5923076925 0.60641025625 0.5820512825 0.62948718 0.5615384612500001 0.6269230775 0.52820512875 0.6128205125 0.51666666625 0.6128205125 0.51025641 0.62820512875 0.47564102625 0.63974359 0.47179487125 0.6269230775 0.46410256375000003 0.6128205125 0.46410256375000003 0.58846153875 0.5269230775 0.5730769225 0.54871794875 0.5730769225 0.5615384612500001
10 0.41923076875 0.36666666625 0.43076923125 0.37820512875 0.45384615375000004 0.37948718 0.4679487175 0.36923076875 0.4730769225 0.37435897375000005 0.48333333375000004 0.37435897375000005 0.51923076875 0.35641025625 0.515384615 0.33846153875 0.484615385 0.32564102624999997 0.46410256375000003 0.33076923125 0.4525641025 0.32435897375000006 0.43333333375000005 0.32435897375000006 0.42179487125000004 0.33333333375 0.41666666625 0.35128205125 0.41923076875 0.36666666625
10 0.42179487125000004 0.29615384625 0.42051282 0.30128205125 0.43717948749999996 0.32435897375000006 0.45128205125 0.32435897375000006 0.4679487175 0.3320512825 0.484615385 0.32179487125 0.51153846125 0.2923076925 0.52564102625 0.28846153874999997 0.53589743625 0.27820512875 0.5320512825 0.26923076875 0.51153846125 0.26410256375 0.48589743625 0.27564102625 0.45512820499999995 0.27948718 0.42179487125000004 0.29615384625
10 0.33846153875 0.23333333374999998 0.36025641 0.23974359 0.36666666625 0.26666666625 0.3576923075 0.2820512825 0.33846153875 0.29358974374999997 0.33461538500000004 0.305128205 0.36410256375000005 0.31666666625 0.3730769225 0.2923076925 0.38205128250000003 0.28589743625 0.38076923125 0.22820512874999999 0.3730769225 0.16923076874999998 0.3576923075 0.1628205125 0.34871794875 0.17179487125 0.34487179500000004 0.22051282 0.33846153875 0.23333333374999998
10 0.46666666625 0.53589743625 0.48846153875 0.57051282 0.5320512825 0.58076923125 0.54358974375 0.54102564125 0.53974359 0.53333333375 0.50128205125 0.52051282 0.45641025625 0.51923076875 0.43076923125 0.5076923074999999 0.40897435875 0.50897435875 0.39358974375 0.52051282 0.46666666625 0.53589743625
10 0.15897435875 0.6320512825 0.15384615375 0.65897435875 0.15641025625 0.6628205125 0.17307692249999998 0.6628205125 0.17820512875 0.6769230775 0.20897435875 0.6717948712499999 0.21923076875 0.65897435875 0.22820512874999999 0.634615385 0.2525641025 0.6076923075 0.255128205 0.5769230774999999 0.24743589750000003 0.5615384612500001 0.25128205125 0.53076923125 0.24615384625 0.52820512875 0.22692307750000001 0.55128205125 0.20256410249999998 0.5653846149999999 0.15897435875 0.6320512825
10 0.36410256375000005 0.45641025625 0.38333333375 0.4423076925 0.38461538500000003 0.41538461499999996 0.3730769225 0.40128205125 0.33333333375 0.3730769225 0.305128205 0.36794871749999997 0.3025641025 0.40769230749999996 0.34102564125 0.4525641025 0.36410256375000005 0.45641025625
10 0.3179487175 0.35256410250000003 0.33333333375 0.37435897375000005 0.35641025625 0.38205128250000003 0.36153846125 0.37435897375000005 0.36538461499999997 0.33076923125 0.33461538500000004 0.305128205 0.30128205125 0.294871795 0.2923076925 0.3025641025 0.30641025625 0.32051282000000003 0.3179487175 0.35256410250000003
10 0.70641025625 0.44871794875 0.7269230775 0.45512820499999995 0.74358974375 0.4679487175 0.75384615375 0.4820512825 0.7512820512499999 0.49358974375000003 0.78076923125 0.49871794875 0.7974358975 0.4923076925 0.8 0.46923076874999997 0.7833333337499999 0.44743589749999996 0.755128205 0.42692307749999997 0.7051282050000001 0.40897435875 0.6730769225000001 0.38846153875 0.6628205125 0.3871794875 0.65897435875 0.39743589749999997 0.6717948712499999 0.4230769225 0.70641025625 0.44871794875
10 0.63589743625 0.4525641025 0.65384615375 0.47692307749999996 0.7076923075 0.50641025625 0.7307692312499999 0.51153846125 0.7474358975 0.5038461537500001 0.74615384625 0.4923076925 0.75384615375 0.47948718 0.73846153875 0.4628205125 0.6474358975 0.4128205125 0.62564102625 0.4128205125 0.62051282 0.41666666625 0.62435897375 0.44743589749999996 0.63589743625 0.4525641025
10 0.72179487125 1 0.7179487175 0.9 0.7230769225 0.88846153875 0.7076923075 0.78846153875 0.70128205125 0.7692307687500001 0.69102564125 0.76153846125 0.6820512825 0.76153846125 0.67435897375 0.76666666625 0.6564102562499999 0.7641025637500001 0.6487179487500001 0.77435897375 0.6474358975 0.8153846149999999 0.6564102562499999 0.87948718 0.66666666625 0.9012820512499999 0.6769230775 0.9576923075 0.68589743625 0.97564102625 0.68589743625 0.9923076925 0.70128205125 1 0.72179487125 1
10 0.14102564125 0.78974359 0.14871794875 0.79102564125 0.16153846125000001 0.7833333337499999 0.16794871749999998 0.79102564125 0.17692307750000003 0.7923076925 0.2 0.7628205124999999 0.20769230749999998 0.67564102625 0.18076923125 0.6769230775 0.17435897375 0.6692307687500001 0.15384615375 0.6679487175 0.1423076925 0.6961538462500001 0.12820512875 0.77051282 0.14102564125 0.78974359
10 0.04358974375 0.47051282 0.044871795 0.47948718 0.05384615375 0.48846153875 0.0679487175 0.49487179500000006 0.09102564125000001 0.49358974375000003 0.1230769225 0.51025641 0.13846153875 0.51025641 0.13333333375 0.48974359 0.14871794875 0.47435897375 0.15 0.46025641 0.08974359 0.44615384625 0.084615385 0.43846153875 0.06410256375000001 0.43717948749999996 0.05128205125 0.44871794875 0.05 0.4628205125 0.04358974375 0.47051282
10 0.13589743625 0.48333333375000004 0.1320512825 0.49358974375000003 0.13589743625 0.5076923074999999 0.15 0.51666666625 0.15384615375 0.5269230775 0.17820512875 0.5243589737500001 0.21410256375 0.4974358975 0.2230769225 0.46025641 0.22179487125000003 0.4320512825 0.21282051249999998 0.4320512825 0.17179487125 0.46153846125000003 0.155128205 0.4628205125 0.13589743625 0.48333333375000004
10 0.27948718 0.71153846125 0.2923076925 0.7307692312499999 0.30128205125 0.7320512825000001 0.31025641 0.72564102625 0.32179487125 0.7320512825000001 0.3320512825 0.72564102625 0.33333333375 0.715384615 0.34615384624999995 0.7025641025 0.33846153875 0.6769230775 0.34102564125 0.66666666625 0.3320512825 0.6628205125 0.32179487125 0.6410256412500001 0.2974358975 0.634615385 0.27435897375 0.6512820512499999 0.27179487125 0.6846153850000001 0.27948718 0.71153846125
10 0.5769230774999999 0.61410256375 0.5974358975 0.62820512875 0.6076923075 0.65 0.63076923125 0.6410256412500001 0.665384615 0.60641025625 0.67435897375 0.6038461537500001 0.6974358975 0.56923076875 0.694871795 0.56025641 0.67051282 0.54871794875 0.65 0.5474358975 0.5871794874999999 0.5935897437500001 0.5769230774999999 0.6089743587499999 0.5769230774999999 0.61410256375
10 0.64615384625 0.615384615 0.64358974375 0.63076923125 0.6807692312499999 0.6576923075000001 0.75897435875 0.6487179487500001 0.7679487174999999 0.6423076925 0.7602564099999999 0.5974358975 0.7397435900000001 0.5923076925 0.6807692312499999 0.59871794875 0.6564102562499999 0.61410256375 0.64615384625 0.615384615
10 0.01666666625 0.59615384625 0.03589743625 0.52051282 0.03589743625 0.5 0 0.49102564125000003 0.00128205125 0.615384615 0.01025641 0.61025641 0.01666666625 0.59615384625