8 0.245225695 0.86100260375 0.31467013875 0.87890625 0.3168402775 0.86751302125 0.243055555 0.82194010375 0.1953125 0.79752604125 0.186631945 0.77311197875 0.16927083375 0.72591145875 0.1519097225 0.75358072875 0.13671875 0.83170572875 0.145399305 0.87239583375 0.145399305 0.88053385375 0.1801215275 0.84798177125 0.245225695 0.86100260375
8 0.633680555 0.91959635375 0.6879340275 0.8544921875 0.72048611125 0.771484375 0.67708333375 0.75846354125 0.6228298612500001 0.84798177125 0.56640625 0.908203125 0.5078125 0.90494791625 0.41232638875 0.89518229125 0.401475695 0.89518229125 0.479600695 0.92936197875 0.555555555 0.94563802125 0.6098090275 0.92447916625 0.633680555 0.91959635375
8 0.5620659725 0.85774739625 0.40364583375 0.87565104125 0.3949652775 0.83984375 0.381944445 0.82845052125 0.33854166625 0.83658854125 0.3363715275 0.83658854125 0.321180555 0.87890625 0.518663195 0.9130859375 0.5512152775 0.91145833375 0.5620659725 0.85774739625
8 0.48611111125 0.67708333375 0.37760416625 0.6266276037499999 0.3515625 0.6331380212500001 0.3168402775 0.75520833375 0.32552083375 0.751953125 0.4253472225 0.77962239625 0.5316840275 0.7763671875 0.5533854162499999 0.615234375 0.48611111125 0.67708333375
8 0.438368055 0.77799479125 0.36458333375 0.76171875 0.31077274625 0.74976084125 0.31467013875 0.751953125 0.301649305 0.751953125 0.2973090275 0.7958984375 0.360243055 0.80403645875 0.4144965275 0.8056640625 0.49479166625 0.82194010375 0.5121527775 0.77799479125 0.438368055 0.77799479125
8 0.28645833374999996 0.5517578125 0.21701388875 0.6070963537499999 0.26041666625000004 0.65755208375 0.3276909725 0.69010416625 0.33203125 0.6982421875 0.33203125 0.693359375 0.34939236125 0.6298828125 0.37326388875 0.6217447912499999 0.323350695 0.5973307287499999 0.28645833374999996 0.5517578125
8 0.6206597225 0.771484375 0.5794270837500001 0.771484375 0.5881076387499999 0.79752604125 0.5056423612500001 0.80240885375 0.5642361112500001 0.80240885375 0.5642361112500001 0.81705729125 0.37760416625 0.830078125 0.33420138875 0.83333333375 0.32552083375 0.869140625 0.3754340275 0.88216145875 0.4144965275 0.8740234375 0.40798611125 0.8740234375 0.5121527775 0.86588541625 0.6271701387499999 0.84798177125 0.6184895837500001 0.82356770875 0.6206597225 0.771484375
8 0.555555555 0.615234375 0.5295138887499999 0.7763671875 0.5034722225 0.77799479125 0.5121527775 0.8056640625 0.5143229162499999 0.80403645875 0.5837673612500001 0.79264322875 0.5881076387499999 0.69173177125 0.5859375 0.6103515625 0.555555555 0.615234375
8 0.22786458375 0.7958984375 0.21267361125 0.80729166625 0.323350695 0.869140625 0.34505208375 0.81705729125 0.27560763875 0.80078125 0.22786458375 0.7958984375
8 0.2973090275 0.80240885375 0.2973090275 0.79427083375 0.32552083375 0.69498697875 0.2582465275 0.65592447875 0.206163195 0.7470703125 0.20182291625 0.76497395875 0.19314236125 0.78938802125 0.29513888875 0.79915364625 0.29513888875 0.80078125 0.29513888875 0.80240885375 0.2973090275 0.80240885375
8 0.29513888875 0.79915364625 0.29947916625000004 0.78125 0.323350695 0.69498697875 0.282118055 0.67057291625 0.234375 0.6298828125 0.2191840275 0.625 0.2191840275 0.64778645875 0.19748263875 0.6591796875 0.206163195 0.68522135375 0.1714409725 0.72591145875 0.19314236125 0.76822916625 0.1953125 0.76822916625 0.1953125 0.7958984375 0.29513888875 0.79915364625
1 0.32552083375 0.6005859375 0.479600695 0.673828125 0.5447048612500001 0.6201171875 0.5989583337500001 0.5550130212500001 0.5707465275 0.5322265625 0.5533854162499999 0.5387369787499999 0.5099826387499999 0.5192057287499999 0.41232638875 0.4931640625 0.4144965275 0.49641927125 0.381944445 0.47037760375 0.2777777775 0.5501302087500001 0.3081597225 0.5680338537499999 0.32552083375 0.6005859375
8 0.5685763887499999 0.5338541662499999 0.5989583337500001 0.5550130212500001 0.5859375 0.56640625 0.614149305 0.5794270837500001 0.596788195 0.60546875 0.5924479162499999 0.6315104162499999 0.6206597225 0.64127604125 0.68142361125 0.615234375 0.5251736112500001 0.478515625 0.5056423612500001 0.49479166625 0.48611111125 0.48014322875 0.4644097225 0.498046875 0.46875 0.5029296875 0.5447048612500001 0.5354817712500001 0.5685763887499999 0.5338541662499999
8 0.6792534725 0.6070963537499999 0.67708333375 0.6005859375 0.71614583375 0.5582682287499999 0.5815972225 0.49479166625 0.56640625 0.5143229162499999 0.6792534725 0.6070963537499999
8 0.616319445 0.771484375 0.616319445 0.76497395875 0.6119791662499999 0.6380208337500001 0.5881076387499999 0.6380208337500001 0.5837673612500001 0.77473958375 0.616319445 0.771484375
8 0.635850695 0.6640625 0.6380208337500001 0.65592447875 0.6098090275 0.65592447875 0.616319445 0.72428385375 0.5902777775 0.72428385375 0.5902777775 0.7666015625 0.6228298612500001 0.7763671875 0.6293402775 0.81868489625 0.6293402775 0.82194010375 0.694444445 0.703125 0.65755208375 0.69010416625 0.66189236125 0.6689453125 0.635850695 0.6640625
8 0.614149305 0.654296875 0.64453125 0.66080729125 0.64236111125 0.67057291625 0.66623263875 0.67220052125 0.6597222225 0.6884765625 0.69010416625 0.70475260375 0.67708333375 0.75520833375 0.711805555 0.7666015625 0.713975695 0.7666015625 0.733506945 0.70963541625 0.703125 0.6087239587500001 0.625 0.6315104162499999 0.614149305 0.654296875