1 0.721186245 0.4920647275 0.7658764875 0.5135198 0.7881417987499999 0.5167829574999999 0.7963615824999999 0.48983306 0.78806192125 0.43230753375 0.5167281887499999 0.15902407999999998 0.49562005374999996 0.1741481775 0.47854204375000003 0.2196736475 0.44003669875 0.30180640375 0.6297707862499999 0.4770109125 0.6276559775 0.47173251625 0.67553837 0.48371851624999995 0.721186245 0.4920647275
11 0.120701095 0.2748790425 0.12592826625 0.288894335 0.1494305825 0.34367947875 0.17979601875 0.37297204375 0.23928988375 0.38003519375000006 0.28222442875 0.39129604749999997 0.28098746625 0.39111476 0.2808677625 0.39275336875 0.30907847125 0.400200175 0.3936308125 0.44074656500000003 0.4372436675 0.42560841125000004 0.45460095875 0.34203239 0.4458224775 0.29106129625 0.38293692625 0.26197110125 0.28114691 0.2006807275 0.2529760725 0.15846058625 0.21275485875 0.14428509125 0.18111259125 0.1495845725 0.1473954275 0.16617301999999998 0.0992337125 0.14089687125 0.08558726124999999 0.17367605375 0.072459545 0.2164681675 0.0786044825 0.25214793625 0.120701095 0.2748790425
1 0.5247589349999999 1 0.5360139724999999 0.7512789825 0.5170878375 0.77019662375 0.49989007874999997 0.76602000375 0.48680223375 0.77403878375 0.47850261625 0.7678539550000001 0.46018764500000003 0.8131981374999999 0.42451533750000003 0.8907776425 0.37822897625 0.8227164087500001 0.34826257125 0.80507538375 0.3449906325 0.83275042625 0.27975086125 0.8016590524999999 0.27584048375 0.8209597712500001 0.2635108275 0.8870549662499999 0.24655256749999999 0.982282525 0.31470516249999997 0.9906146800000001 0.37874344375 1 0.5247589349999999 1
9 0.23130955125 0.45504857375 0.25557001125 0.5165694325 0.23458158 0.5300549237500001 0.27133131625 0.5404093437499999 0.26363026625 0.577372175 0.28501772625 0.5755382225000001 0.3125899975 0.57461070625 0.32268518375 0.55621641875 0.34606775125 0.5612994725 0.36182905624999995 0.5851393837500001 0.41841005000000003 0.56362105625 0.46812792625 0.56759530375 0.48556509499999995 0.56849470875 0.54745305125 0.54278570375 0.5560319499999999 0.5109199825 0.57362873875 0.5267481425 0.5937393225 0.5081655425 0.6179199049999999 0.48521097875 0.57458699875 0.43409624375 0.5756707 0.43235452125 0.49418373250000003 0.34783356125 0.44721906125 0.30617133875 0.44705944000000003 0.2912425825 0.42451476 0.22334857875 0.4644166875 0.15632586625 0.47886115250000005 0.09550906749999999 0.45465472375 0.0269425025 0.23277723125000002 0.013794206250000001 0.215109035 0.09494557375 0.19432013874999998 0.13992718375000002 0.22779789375 0.12661595125 0.2513799975 0.16319512249999998 0.2496642625 0.22090896499999998 0.26394924 0.29918550125 0.28581560875 0.393478515 0.23130955125 0.45504857375
4 1 0.3984789775 0.9930782725 0.38120289999999996 0.9657454112499999 0.37885320125 0.94882693375 0.33662603249999995 0.9100421312500001 0.25144654875 0.86810505 0.14096280125 0.838417925 0.08527122625 0.8152428424999999 0.0739252075 0.7113380625000001 0.05869713375 0.6871894025 0.08463744999999999 0.6488436362500001 0.1303582625 0.6109766875 0.169524645 0.5773393575 0.21924782 0.66532330125 0.29838862 0.7341143812500001 0.36643579625 0.73407442 0.29852773625 0.74756129375 0.30216049625 0.74628450375 0.38809323999999995 0.78494955875 0.42357063625 0.77597154125 0.34110342250000003 0.79081508125 0.34327886125 0.806736095 0.4847289225 0.80921001875 0.485091495 0.8313157075 0.47342589875 0.877362615 0.49342365125 0.90066534875 0.4653719775 0.95054280125 0.4329342825 0.98018996625 0.42071779875 1 0.40364179749999995 1 0.3984789775
13 0.7426934575 0.53993286625 0.7445687687500001 0.44580708125 0.7452469912499999 0.3167266775 0.73471285875 0.30690206124999997 0.72960570125 0.65063304 0.7436911 0.64607276125 0.74381080375 0.64443415375 0.7426934575 0.53993286625
13 0.8297597262499999 0.70009058625 0.83690221625 0.73922885625 0.83666280625 0.74250607125 0.83554554875 0.74068617625 0.8350667312500001 0.7472406062500001 0.85162605125 0.7430429024999999 0.82576942625 0.5835751849999999 0.808052845 0.46670423875 0.797159555 0.4104547475 0.8111652512499999 0.52678183375 0.8297597262499999 0.70009058625
13 0.78794226125 0.48528684 0.7866653837500001 0.46853819 0.744050125 0.5384755437500001 0.70809849 0.60276490125 0.62769611625 0.7450033650000001 0.63870906625 0.74827355125 0.7284884012499999 0.5974724475 0.79177285 0.48419209 0.78794226125 0.48528684
13 0.787982045 0.34783211125 0.77601145625 0.357670785 0.8212734437500001 0.7112767675 0.8278541675 0.70747028625 0.787982045 0.34783211125
4 0.73036371125 0.503346665 0.63842951875 0.47827991750000004 0.60152020625 0.5043374387499999 0.592502405 0.5593249525 0.5810904687499999 0.5957439225000001 0.59206354875 0.63378744375 0.5879536774999999 0.6729327412499999 0.55710946875 0.7015353025000001 0.537796945 0.7434209837500001 0.54362268125 0.8005839362499999 0.56281554625 0.81167756125 0.56840183375 0.82077703125 0.55483517125 0.8353502437500001 0.634320005 0.9281507925 0.654470505 0.92613555375 0.73359609 0.869829835 0.7637619449999999 0.8162855862499999 0.7899376325 0.80024802625 0.7895386025000001 0.78859648625 0.761248105 0.79935565 0.7357906 0.7542208675000001 0.778445775 0.70085087625 0.8065766512499999 0.67516295625 0.81256192375 0.6445732700000001 0.8100879999999999 0.6442106975 0.8115643699999999 0.6411147675 0.8128013325000001 0.641296055 0.8005114600000001 0.5699365212499999 0.78909947875 0.5550147925000001 0.76791151 0.537004165 0.74065848 0.567789195 0.74432953875 0.6544470875 0.72701207375 0.65190907375 0.7302041812500001 0.59109930375 0.63599573375 0.75118819375 0.6286537525 0.7318945024999999 0.6958884962499999 0.61588079125 0.7300046437500001 0.559603185 0.73036371125 0.503346665
1 0.11838728124999999 0.8541928950000001 0.158528705 0.88657436125 0.26043838125 0.8948854300000001 0.27963115625 0.80329765875 0.2680196825 0.80822051125 0.25808407375000003 0.79020285375 0.27053347875 0.7738097500000001 0.28793073125 0.7581417912499999 0.32184729625 0.61902737 0.3078416875 0.6053816775 0.32531872749999996 0.5715077475 0.32108910875 0.56095095625 0.30393126625 0.57334169875 0.27576047375 0.582462255 0.2589218275 0.5733698125 0.26849828 0.54496259375 0.23581854124999999 0.53023621 0.25345520125 0.511291035 0.24192347250000001 0.44666722 0.285695905 0.39511712250000003 0.2563679375 0.38585042125 0.23099035499999998 0.47653175875000003 0.2134734425 0.5451790224999999 0.18638007874999998 0.642233505 0.1552167175 0.74365995 0.11838728124999999 0.8541928950000001
8 0.396663475 0.57037083 0.35899601875000003 0.5896926324999999 0.3437135325 0.55929829125 0.32739362 0.56021878125 0.30772198375 0.6070202849999999 0.3305060275 0.62029637625 0.33345881499999996 0.665445215 0.31414628875 0.7073308975 0.29383621375 0.74575807625 0.29646975625 0.761049405 0.26965563124999997 0.76871264 0.26267280625 0.7958438237500001 0.3015373525 0.8114766400000001 0.32507954125 0.8314884487499999 0.33956396624999996 0.8385797100000001 0.35097590375000004 0.80216074125 0.38293741375 0.8267187712499999 0.39941694624999996 0.8407270375 0.42475474625 0.8875004275 0.44713971625 0.83778428125 0.46385861375 0.797174635 0.47725863500000004 0.7641955425 0.50631429625 0.7636492212500001 0.52993627125 0.7654550587500001 0.5361609525 0.7315881575000001 0.56129917125 0.6955247325 0.58990886625 0.6632823824999999 0.58994873875 0.6285090475 0.5815692875 0.5891894925 0.58559936875 0.56825016625 0.5746662075 0.5467740087499999 0.555912245 0.51255859125 0.5490890425 0.5546185299999999 0.52450943 0.56592155375 0.50767078375 0.55682911125 0.50575551125 0.58304683375 0.46900577624999995 0.5726924125 0.42607123 0.5614315599999999 0.396663475 0.57037083