13 0.20915032625 0.5602240900000001 0.10893246250000001 0.60504201625 0.11220043625000001 0.61904762 0.22004357375000003 0.5686274512499999 0.270152505 0.52521008375 0.2952069725 0.49719887999999995 0.2941176475 0.48459383875 0.24945533874999998 0.53081232625 0.20915032625 0.5602240900000001
14 0.15196078375 0.10294117625 0.13071895375 0.12605042 0.12581699375 0.17226890749999998 0.14869281 0.2962184875 0.1715686275 0.2983193275 0.20915032625 0.28151260499999997 0.220588235 0.283613445 0.22549019625 0.39495798375 0.26797385625000003 0.40126050375 0.30392156875000004 0.41806722749999997 0.3578431375 0.40966386499999996 0.3839869275 0.4201680675 0.36764705875 0.34873949625 0.36928104625 0.218487395 0.35457516375 0.11344537875 0.33169934625 0.0819327725 0.2647058825 0.0819327725 0.25816993499999996 0.06512604999999999 0.2434640525 0.06302521 0.2140522875 0.06932773125 0.20915032625 0.090336135 0.15196078375 0.10294117625
14 0.4084967325 0.3928571425 0.4640522875 0.6071428575 0.50490196125 0.655462185 0.5326797387500001 0.6659663862499999 0.5441176475 0.6575630250000001 0.550653595 0.61554621875 0.5571895425000001 0.653361345 0.5653594774999999 0.653361345 0.5571895425000001 0.59873949625 0.5653594774999999 0.529411765 0.54575163375 0.48949579875 0.5163398687499999 0.2668067225 0.48856209125 0.26050420125 0.44771241875 0.30882352999999996 0.41013071875 0.37394958 0.4084967325 0.3928571425
14 0.53104575125 0.31302521 0.529411765 0.37605042 0.5408496737499999 0.48109243749999997 0.55228758125 0.52100840375 0.5669934637499999 0.5357142862500001 0.5882352937499999 0.531512605 0.6715686275 0.48739495750000006 0.68954248375 0.44747899125 0.694444445 0.41176470625 0.68137254875 0.28781512625 0.66666666625 0.25210084 0.64542483625 0.24789916 0.55392156875 0.27941176500000003 0.53758169875 0.2941176475 0.53104575125 0.31302521
14 0.5163398687499999 0.28991596625 0.52614379125 0.3298319325 0.55392156875 0.28151260499999997 0.59803921625 0.2689075625 0.66830065375 0.2689075625 0.6797385625 0.29201680625000004 0.6879084962500001 0.35084033624999994 0.74509803875 0.31932773125 0.75980392125 0.29201680625000004 0.76143790875 0.27100840375 0.7434640525 0.19537815125000002 0.7352941175 0.17647058875 0.71895424875 0.16176470625 0.68627451 0.15966386500000002 0.52450980375 0.25210084 0.5163398687499999 0.2626050425 0.5163398687499999 0.28991596625
14 0.41666666625 0.71428571375 0.43954248375 0.7331932775 0.4558823525 0.7331932775 0.45261437875 0.779411765 0.45915032625 0.8298319325 0.48039215625 0.8256302525 0.656862745 0.89495798375 0.6928104575 0.89915966375 0.70915032625 0.8907563025 0.699346405 0.88025210125 0.6797385625 0.8781512600000001 0.66993464 0.86344537875 0.6797385625 0.83613445375 0.7009803925 0.8298319325 0.71241830125 0.8046218487500001 0.70261437875 0.78571428625 0.720588235 0.75 0.7140522875 0.7247899162500001 0.69117647 0.6995798325 0.5604575162500001 0.653361345 0.5163398687499999 0.659663865 0.4722222225 0.61974789875 0.4133986925 0.594537815 0.428104575 0.6323529412500001 0.428104575 0.6659663862499999 0.41666666625 0.71428571375
0 0.24945533874999998 0.77030812375 0.25599128625 0.83893557375 0.2565359475 0.89915966375 0.2647058825 0.9075630250000001 0.29738562125 0.9012605037500001 0.30228758125 0.89705882375 0.2990196075 0.8655462187499999 0.305555555 0.83613445375 0.31699346375000004 0.82352941125 0.3202614375 0.80672268875 0.26633986875000004 0.6953781512499999 0.2516339875 0.67857142875 0.23039215625 0.6743697475 0.23638344249999999 0.7002801112500001 0.241830065 0.715686275 0.24945533874999998 0.77030812375
9 0.5359477125000001 0.08403361375 0.49019607875 0.12815126 0.49346405249999997 0.157563025 0.53104575125 0.16596638625000001 0.5424836599999999 0.18067226875 0.5424836599999999 0.19327731125 0.53104575125 0.21008403375 0.5 0.22478991625 0.50490196125 0.25630252124999997 0.5343137250000001 0.24789916 0.6078431375000001 0.20378151249999998 0.6323529412500001 0.17016806750000002 0.64869281 0.11974789875000001 0.66666666625 0.11764705875 0.673202615 0.12815126 0.6846405225 0.11974789875000001 0.6846405225 0.11134453750000001 0.66176470625 0.096638655 0.6421568625 0.06512604999999999 0.6160130724999999 0.060924370000000005 0.59803921625 0.06722689124999999 0.5849673200000001 0.08403361375 0.5359477125000001 0.08403361375
11 0.24673202624999999 0.5105042012500001 0.2140522875 0.5588235300000001 0.19607843125 0.56722689125 0.19771241875 0.5777310925 0.21241830125 0.57352941125 0.2222222225 0.5819327725 0.2271241825 0.57142857125 0.24509803875 0.5630252099999999 0.3496732025 0.52310924375 0.3790849675 0.48739495750000006 0.37745098 0.43487395 0.35620915 0.40756302499999997 0.23202614375 0.39075630250000004 0.22385620875 0.39495798375 0.22549019625 0.48109243749999997 0.24673202624999999 0.5105042012500001
11 0.27614379125 0.62394958 0.2728758175 0.659663865 0.2859477125 0.71218487375 0.30228758125 0.74159663875 0.3496732025 0.75630252125 0.385620915 0.74369747875 0.4215686275 0.71218487375 0.43300653625 0.67647058875 0.4346405225 0.6407563025 0.42647058875 0.6071428575 0.40359477125 0.5777310925 0.3709150325 0.55672268875 0.33006536 0.55462184875 0.30392156875000004 0.56722689125 0.29084967375000004 0.58613445375 0.27614379125 0.62394958
14 0.12200435750000001 0.30952380875 0.10893246250000001 0.50840336125 0.13616557625 0.53081232625 0.1514161225 0.5434173675 0.18300653625 0.56722689125 0.21459694875000002 0.55182072875 0.2222222225 0.466386555 0.22984749499999999 0.34173669500000003 0.227668845 0.29131652750000003 0.21895424875 0.27731092375 0.19825707999999997 0.27310924375 0.17755991375000002 0.28151260499999997 0.1383442275 0.29691876624999997 0.12200435750000001 0.30952380875
14 0.12636165500000002 0.61904762 0.11220043625000001 0.6232493 0.13180828 0.80532212875 0.16993464 0.87114846 0.1797385625 0.87394958 0.19389978249999998 0.88095238 0.24400871375000002 0.8907563025 0.26143790875 0.90196078375 0.25816993499999996 0.84593837625 0.24400871375000002 0.7086834725 0.22875817 0.68067226875 0.22004357375000003 0.6400560224999999 0.21241830125 0.6078431362500001 0.21350762625000003 0.5826330525 0.19825707999999997 0.5798319325 0.156862745 0.599439775 0.12636165500000002 0.61904762