17 0.266576455 0.25060241 0.250338295 0.25301204875 0.24221921500000002 0.26506024125 0.244925575 0.27710843375 0.24086603499999998 0.28433735 0.21515561625000001 0.2963855425 0.20433017625000002 0.32771084375000004 0.21515561625000001 0.3951807225 0.223274695 0.4120481925 0.22868741499999998 0.47469879499999995 0.21244925625 0.5204819275 0.21380243624999998 0.55662650625 0.257104195 0.54698795125 0.30852503375 0.58072289125 0.3545331525 0.5783132525 0.36941813250000005 0.55180722875 0.3924221925 0.53253012 0.42083897125 0.53975903625 0.42489851125 0.53253012 0.41407307125000004 0.46506024125 0.41677943125 0.41445783124999996 0.42895805125 0.3542168675 0.42760487124999996 0.291566265 0.42083897125 0.26024096375 0.40730717125 0.23614457875 0.3707713125 0.2 0.34776725249999996 0.19036144624999998 0.30852503375 0.19036144624999998 0.278755075 0.20722891624999998 0.267929635 0.22650602374999998 0.266576455 0.25060241
17 0.18944519625 0.63614457875 0.19891745624999999 0.7445783137499999 0.22868741499999998 0.7927710837499999 0.259810555 0.7975903612499999 0.28552097374999996 0.7879518075 0.31529093375 0.7614457837499999 0.32746955375 0.7156626500000001 0.32882273375 0.66024096375 0.32476319375 0.6289156625 0.30852503375 0.58554216875 0.27063599499999996 0.55180722875 0.247631935 0.54457831375 0.20703653625000001 0.56626506 0.19756427625 0.58554216875 0.18944519625 0.63614457875
17 1 0.1710843375 0.92151556125 0.1542168675 0.80514208375 0.11084337375 0.70230040625 0.08915662625 0.6806495262500001 0.11566264999999999 0.66847090625 0.18554216875 0.6711772662500001 0.20963855375 0.68335588625 0.224096385 0.82949932375 0.24819277125 0.8673883625000001 0.2626506025 1 0.3542168675 1 0.224096385 0.99594046 0.2120481925 1 0.20722891624999998 1 0.1710843375
17 0.58457374875 0.25301204875 0.52503383 0.375903615 0.49797023 0.45060240999999995 0.50608931 0.47710843375 0.46820027125 0.4963855425 0.43978349125 0.53493975875 0.41271989124999997 0.7349397587500001 0.45872801125 0.8457831324999999 0.46820027125 0.85060241 0.48308525 0.8289156624999999 0.52909337 0.6457831325 0.6387009475 0.3879518075 0.68741542625 0.25301204875 0.6901217862500001 0.22650602374999998 0.6711772662500001 0.21686747 0.6806495262500001 0.1542168675 0.6752368062499999 0.11566264999999999 0.66441136625 0.11084337375 0.6251691475 0.15180722875 0.58863328875 0.23132530124999998 0.58457374875 0.25301204875
17 0.48173206999999996 0 0.47225980999999995 0.27710843375 0.46684709124999996 0.30120481875 0.46820027125 0.36626506 0.47767253 0.41686746999999996 0.49391069000000004 0.44096385499999996 0.50879567 0.42650602374999996 0.55615696875 0.308433735 0.56698240875 0.23614457875 0.58728010875 0 0.48173206999999996 0
17 0.41271989124999997 0 0.39783491249999997 0.009638553749999999 0.33152909375 0 0.31529093375 0.03132530125 0.30987821375 0.07228915625 0.30852503375 0.14457831375 0.31393775375 0.18072289125000002 0.32341001375 0.19277108375000002 0.3680649525 0.2 0.40324763249999995 0.23614457875 0.42083897125 0.27228915625 0.43031123125 0.3204819275 0.45737483124999995 0.32771084375000004 0.46549391125 0.3204819275 0.47225980999999995 0.30120481875 0.48308525 0 0.41271989124999997 0
17 0.239512855 0.80722891625 0.236806495 0.8337349399999999 0.221921515 0.8771084337499999 0.221921515 0.91807228875 0.232746955 0.959036145 0.265223275 0.99277108375 0.30852503375 0.9903614462500001 0.34235453374999997 0.9614457837499999 0.3558863325 0.9614457837499999 0.38430311250000004 0.9253012049999999 0.3910690125 0.8819277112499999 0.3802435725 0.8626506025 0.3788903925 0.82650602375 0.4046008125 0.7542168675 0.4046008125 0.7445783137499999 0.3870094725 0.7445783137499999 0.31258457375 0.76626506 0.280108255 0.7927710837499999 0.239512855 0.80722891625
17 0.17320703625 0 0.1556156975 0.0457831325 0.1190798375 0.036144578749999996 0.0987821375 0.0626506025 0.0987821375 0.0795180725 0.1055480375 0.09397590375 0.12043301749999999 0.11807228875 0.1420838975 0.13493975875 0.1556156975 0.16144578375 0.1488497975 0.1951807225 0.1556156975 0.23855421625 0.1447902575 0.26746988 0.1447902575 0.28192771125 0.15290933750000002 0.291566265 0.16644113624999998 0.2867469875 0.18673883624999998 0.240963855 0.20974289625 0.1301204825 0.20974289625 0.0457831325 0.20433017625000002 0.014457831249999999 0.19756427625 0 0.17320703625 0
17 0.248985115 1 0.247631935 0.98313253 0.23410013500000001 0.95662650625 0.224627875 0.8963855425 0.248985115 0.8048192774999999 0.21515561625000001 0.78313253 0.20568335625 0.8096385537499999 0.18267929625 0.83614457875 0.17726657625 0.8530120487499999 0.17320703625 0.84819277125 0.17320703625 0.8096385537499999 0.15696887625 0.80240963875 0.1407307175 0.8120481925 0.1136671175 0.8578313249999999 0.11502029750000001 0.8795180725 0.1299052775 0.9036144575 0.1299052775 0.9373493974999999 0.1136671175 0.95662650625 0.12043301749999999 0.9879518075 0.1312584575 1 0.248985115 1
17 0.6441136675 0 0.6143437075 0.036144578749999996 0.6170500675 0.091566265 0.6278755075 0.11084337375 0.6332882275 0.13975903625 0.66441136625 0.108433735 0.6847090662499999 0.11325301250000001 0.69418132625 0.0963855425 0.7767253049999999 0.10120481875 0.7686062250000001 0.0698795175 0.765899865 0.02650602375 0.755074425 0 0.71583220625 0 0.7077131262499999 0.01686747 0.69553450625 0.01686747 0.68606224625 0 0.6441136675 0
17 0.1271989175 0.491566265 0.1380243575 0.5132530125 0.17050067625 0.5132530125 0.20027063625 0.45301204875 0.21921515500000002 0.43132530125 0.21786197625 0.40722891625 0.19350473625 0.36385542125000003 0.16508795625 0.35903614500000003 0.1461434375 0.36867469875 0.13531799749999998 0.41927710875 0.1271989175 0.491566265
17 0 0.125301205 0.07036535875 0.125301205 0.008119079999999999 0.16144578375 0.054127198749999994 0.20722891624999998 0.1055480375 0.2048192775 0.10960757750000001 0.18554216875 0.0987821375 0.15662650625 0.1177266575 0.11566264999999999 0.0987821375 0.0795180725 0.1001353175 0.057831324999999996 0.1163734775 0.036144578749999996 0.14749661749999998 0.04337349375 0.15832205625 0.036144578749999996 0.16102841625 0.024096384999999998 0.15290933750000002 0.012048192499999999 0 0 0 0.125301205
17 0.20162381624999998 0 0.20703653625000001 0.03132530125 0.20568335625 0.10602409625 0.21244925625 0.1301204825 0.227334235 0.11807228875 0.250338295 0.142168675 0.271989175 0.13975903625 0.278755075 0.12289156625 0.280108255 0.07228915625 0.30175913375 0.057831324999999996 0.30717185375 0.036144578749999996 0.30581867375 0 0.20162381624999998 0
17 0.6562922862499999 0.44337349375 0.6711772662500001 0.4698795175 0.6711772662500001 0.48433735 0.6549391075 0.50602409625 0.69553450625 0.5204819275 0.736129905 0.56385542125 0.772665765 0.5879518075 0.8064952637499999 0.59036144625 0.8362652237499999 0.57349397625 0.8619756425 0.50602409625 0.8606224625 0.46506024125 0.8497970225 0.4216867475 0.80920162375 0.33734939750000004 0.7631935049999999 0.27710843375 0.745602165 0.240963855 0.7077131262499999 0.224096385 0.69282814625 0.240963855 0.6468200275 0.3710843375 0.6562922862499999 0.44337349375
17 0.8064952637499999 0.3301204825 0.8525033825 0.42891566249999996 0.8592692825 0.48433735 0.8660351824999999 0.50120481875 0.8890392425 0.5036144575 0.90798376125 0.48915662625 0.93504736125 0.43132530125 0.93504736125 0.3951807225 0.8917456025 0.28192771125 0.8741542625 0.26506024125 0.83355886375 0.25542168625 0.81055480375 0.2795180725 0.80378890375 0.3036144575 0.8064952637499999 0.3301204825
17 0.5020297699999999 0.7349397587500001 0.49120432999999997 0.80240963875 0.46684709124999996 0.8578313249999999 0.46820027125 0.89879518125 0.48173206999999996 0.93253012 0.47767253 0.96626506 0.48443843000000003 0.9879518075 0.5317997287499999 0.9975903612499999 0.54262516875 0.9855421687499999 0.56833558875 0.9855421687499999 0.59133964875 0.94698795125 0.6062246275 0.93493975875 0.6197564275 0.8216867474999999 0.6062246275 0.7518072287500001 0.6075778075 0.7156626500000001 0.6156968875 0.6963855425 0.6089309875 0.64819277125 0.6143437075 0.55662650625 0.6089309875 0.5373493975 0.5953991875 0.53493975875 0.57104194875 0.56385542125 0.53044655 0.6457831325 0.5020297699999999 0.7349397587500001
17 0.66305818625 0.624096385 0.68876860625 0.67710843375 0.7239512849999999 0.7060240962500001 0.756427605 0.6506024100000001 0.7686062250000001 0.6048192775 0.755074425 0.5783132525 0.69282814625 0.51807228875 0.6847090662499999 0.559036145 0.66035182625 0.56867469875 0.66305818625 0.624096385
17 0.82408660375 0.68192771125 0.8281461437500001 0.708433735 0.8470906625000001 0.73253012 0.8849797024999999 0.7301204825000001 0.8998646825000001 0.7180722887500001 0.92557510125 0.6795180725000001 0.94046008125 0.62650602375 0.94046008125 0.6048192775 0.92828146125 0.58313253 0.8700947225 0.54939759 0.84032476375 0.56626506 0.8267929637500001 0.6048192775 0.82408660375 0.68192771125
17 0.6143437075 0.49397590375 0.6184032475 0.56385542125 0.6035182675 0.63373494 0.6008119075 0.7132530125 0.6062246275 0.7686746987499999 0.6170500675 0.80240963875 0.6373477675 0.80722891625 0.6549391075 0.7927710837499999 0.66982408625 0.7927710837499999 0.6752368062499999 0.7518072287500001 0.67388362625 0.68915662625 0.66035182625 0.58072289125 0.6454668474999999 0.5301204825 0.6414073075000001 0.48674698749999995 0.6170500675 0.45301204875 0.6062246275 0.46746988 0.6062246275 0.48433735 0.6143437075 0.49397590375
17 0.05006765875 1 0.07713125875 0.96626506 0.09472259749999999 0.9253012049999999 0.11502029750000001 0.84337349375 0.15832205625 0.7807228912499999 0.17185385625 0.7373493975 0.17050067625 0.7180722887500001 0.1366711775 0.6674698800000001 0.1271989175 0.62650602375 0.1028416775 0.60722891625 0.06495263875 0.6120481925 0.048714478750000005 0.6048192775 0.023004060000000003 0.63855421625 0 0.6915662650000001 0.0040595399999999995 0.7855421687499999 0 0.7927710837499999 0 1 0.05006765875 1
17 0.04330175875 0.45301204875 0.07171853875 0.51807228875 0.07171853875 0.575903615 0.05953991875 0.6216867475 0.07171853875 0.63132530125 0.07713125875 0.64819277125 0.1312584575 0.66024096375 0.1515561575 0.61686747 0.16508795625 0.60963855375 0.16373477625 0.58313253 0.1326116375 0.50120481875 0.1231393775 0.45301204875 0.10960757750000001 0.41927710875 0.07983761875 0.3879518075 0.047361298749999996 0.37349397625 0.03788903875 0.375903615 0.03112314 0.39759036125 0.04330175875 0.45301204875
17 0.02435724 0.56144578375 0.06224627875 0.57349397625 0.06089309875 0.61927710875 0.06630581875 0.624096385 0.07713125875 0.61445783125 0.08254397875000001 0.59277108375 0.07442489875 0.525301205 0.06089309875 0.491566265 0.06224627875 0.47228915625 0.05142083875 0.43373494 0.05683355875 0.40963855375 0.036535858750000004 0.4 0.032476318750000004 0.38313253 0.04330175875 0.3710843375 0.05548037875 0.3710843375 0.1014884975 0.40481927749999996 0.1041948575 0.36867469875 0.09472259749999999 0.33493975875 0.08254397875000001 0.31566265 0.06224627875 0.29397590375 0.04330175875 0.2867469875 0.04194857875 0.25542168625 0.03382949875 0.23614457875 0.0013531799999999998 0.2289156625 0.0027063599999999997 0.66024096375 0.010825439999999999 0.6457831325 0.02435724 0.56144578375
17 1 0.48915662625 0.9878213800000001 0.44337349375 0.96075778125 0.43855421624999996 0.9431664412499999 0.4216867475 0.93640054125 0.42650602374999996 0.93098782125 0.457831325 0.9161028412500001 0.48433735 0.8836265225 0.508433735 0.8660351824999999 0.54457831375 0.91745602125 0.575903615 0.94993234125 0.61445783125 0.9918809199999999 0.56867469875 1 0.542168675 1 0.48915662625
17 1 0.5542168675 0.99594046 0.5542168675 0.94993234125 0.5879518075 0.9296346412500001 0.6626506025000001 0.90798376125 0.708433735 0.9039242224999999 0.7469879512500001 0.91069012125 0.76626506 0.92557510125 0.7710843375 0.9458728012500001 0.7566265062499999 0.98917456 0.7469879512500001 0.9878213800000001 0.7204819275 1 0.6795180725000001 1 0.5542168675