1 0.053684209999999996 0.67447916625 0.06842105250000001 0.6838541662500001 0.0884210525 0.6895833337499999 0.1452631575 0.69427083375 0.16631579 0.70416666625 0.21263157875000002 0.709375 0.24736842125 0.71770833375 0.31789473625 0.72552083375 0.44 0.7453125 0.456842105 0.7453125 0.51368421 0.68229166625 0.4747368425 0.63385416625 0.4652631575 0.6302083337500001 0.43052631625 0.62447916625 0.403157895 0.6223958337500001 0.383157895 0.609375 0.36 0.6046875 0.22947368375 0.590625 0.13368421 0.5833333337500001 0.09263157875 0.6682291662500001 0.04736842125 0.66666666625 0.053684209999999996 0.67447916625
0 0.25894736875 0.2453125 0.2515789475 0.25572916625000003 0.24 0.25677083375 0.23368421 0.26197916625 0.1947368425 0.30520833375 0.14631579 0.34791666624999995 0.14631579 0.35104166625 0.1515789475 0.353125 0.17263157875000001 0.35572916624999995 0.20842105249999998 0.33802083375 0.22421052625000001 0.33541666625 0.23263157875 0.3375 0.24210526375 0.35 0.25894736875 0.359375 0.27578947374999996 0.36041666624999996 0.3052631575 0.32552083375 0.31789473625 0.29895833374999997 0.33473684249999996 0.2890625 0.35157894749999996 0.29635416625 0.35368421 0.29947916625000004 0.40210526375 0.30885416625 0.4284210525 0.3109375 0.44 0.28333333374999997 0.42421052625 0.27395833375 0.40210526375 0.26979166625 0.39052631624999995 0.2578125 0.40631579 0.24270833374999998 0.41368421 0.228125 0.36105263125 0.2390625 0.33473684249999996 0.22916666625 0.29578947375 0.22395833375 0.2915789475 0.23385416625000002 0.28105263125 0.24322916625000002 0.25894736875 0.2453125
1 0.40421052625000004 0.6041666662499999 0.42736842125 0.6234375 0.47157894749999996 0.63333333375 0.48421052625 0.64895833375 0.5168421049999999 0.66510416625 0.53578947375 0.65885416625 0.7526315787500001 0.55625 0.783157895 0.5296875 0.7810526312499999 0.5260416662499999 0.7231578949999999 0.50885416625 0.65368421 0.49010416625 0.6452631575 0.49010416625 0.59894736875 0.51614583375 0.56631579 0.52760416625 0.40421052625000004 0.6041666662499999
1 0.7031578949999999 0.37916666624999995 0.6610526312499999 0.38697916624999995 0.65789473625 0.4234375 0.72421052625 0.45208333375000004 0.76210526375 0.44947916624999995 0.8052631575 0.44270833375 0.8368421050000001 0.44010416625 0.8684210525 0.43385416624999995 0.87789473625 0.35885416625 0.84 0.34479166624999996 0.84105263125 0.33854166625 0.8547368425 0.3359375 0.85789473625 0.33177083375000005 0.8484210525 0.32864583375 0.83789473625 0.32864583375 0.70947368375 0.3421875 0.70631579 0.34375 0.7031578949999999 0.37916666624999995
8 0.7968421050000001 0.44375 0.7778947362499999 0.4484375 0.7778947362499999 0.45052083375 0.7863157900000001 0.45833333375 0.80210526375 0.4640625 0.78736842125 0.47135416625 0.7884210525 0.4796875 0.84105263125 0.5026041662499999 0.86421052625 0.50364583375 0.8757894737499999 0.50885416625 0.883157895 0.509375 0.89052631625 0.50572916625 0.8926315787500001 0.4984375 0.86947368375 0.48802083375000005 0.8673684212499999 0.48229166625 0.8873684212499999 0.46614583375 0.90210526375 0.44270833375 0.9147368425000001 0.4390625 0.91578947375 0.4328125 0.89789473625 0.42864583375000004 0.89578947375 0.4234375 0.88421052625 0.4203125 0.8747368425000001 0.4140625 0.86631579 0.434375 0.83789473625 0.43958333375 0.7968421050000001 0.44375
1 0.52421052625 0.665625 0.51052631625 0.6661458337499999 0.51263157875 0.68229166625 0.47052631624999997 0.7322916662500001 0.5473684212500001 0.7640625 0.5452631575 0.7697916662500001 0.5315789475 0.7791666662500001 0.5347368425 0.7828125 0.6684210525000001 0.7911458337499999 0.74 0.74166666625 0.76 0.7229166662500001 0.80631579 0.65520833375 0.72105263125 0.61145833375 0.6852631575 0.59427083375 0.67578947375 0.5921875 0.57789473625 0.63645833375 0.53368421 0.6583333337499999 0.52421052625 0.665625
1 0.79894736875 0.65104166625 0.8052631575 0.6546875 0.8052631575 0.6598958337499999 0.7515789475 0.7307291662500001 0.68631579 0.7796875 0.69052631625 0.78958333375 0.69578947375 0.7932291662500001 0.7105263162500001 0.7953125 0.72736842125 0.7947916662500001 0.74210526375 0.79791666625 0.8 0.8010416662500001 0.82947368375 0.8046875 0.8747368425000001 0.8046875 0.91052631625 0.8078125 0.92 0.79427083375 0.92 0.7875 0.80947368375 0.63125 0.79578947375 0.62291666625 0.7484210525 0.60625 0.72631579 0.5953125 0.69789473625 0.58802083375 0.68947368375 0.59010416625 0.68947368375 0.5953125 0.79894736875 0.65104166625
1 1 0.54583333375 0.94210526375 0.54375 0.9431578949999999 0.55104166625 0.9515789474999999 0.55833333375 0.9389473687500001 0.571875 0.92947368375 0.575 0.92 0.59947916625 0.91368421 0.60104166625 0.9084210525 0.5984375 0.8873684212499999 0.63229166625 0.8589473687500001 0.6354166662499999 0.8452631574999999 0.6421875 0.85789473625 0.665625 0.86210526375 0.70364583375 0.903157895 0.7614583337499999 0.9084210525 0.75677083375 0.9568421050000001 0.734375 1 0.67239583375 1 0.54583333375
1 0.8389473687500001 0.30416666625 0.81263157875 0.30260416625000003 0.7715789475 0.2953125 0.7105263162500001 0.30104166625 0.7105263162500001 0.32239583375 0.7147368425 0.32604166625 0.70947368375 0.32916666624999996 0.70947368375 0.34114583375 0.84947368375 0.32916666624999996 0.85789473625 0.33177083375000005 0.85789473625 0.334375 0.84105263125 0.33802083375 0.84210526375 0.3453125 0.86210526375 0.35364583375 0.8757894737499999 0.35625 0.89578947375 0.30625 0.80947368375 0.290625 0.8147368425 0.29427083374999996 0.8389473687500001 0.3015625 0.8389473687500001 0.30416666625
10 0.5484210525000001 0.31770833374999996 0.5705263162499999 0.3203125 0.59789473625 0.27395833375 0.60105263125 0.27239583375 0.6410526312499999 0.27083333374999996 0.64421052625 0.26770833374999997 0.61789473625 0.234375 0.60736842125 0.22604166625000002 0.58631579 0.21666666625 0.5652631575 0.21770833374999998 0.5505263162499999 0.21510416625 0.54210526375 0.23645833375 0.5284210525 0.30416666625 0.5484210525000001 0.31770833374999996
1 0.536842105 0.65572916625 0.5252631575 0.6640625 0.51894736875 0.66510416625 0.50736842125 0.6609375 0.49894736875 0.6619791662500001 0.5115789475 0.6833333337499999 0.47052631624999997 0.73177083375 0.483157895 0.7390625 0.5484210525000001 0.7640625 0.5484210525000001 0.76875 0.53052631625 0.7791666662500001 0.53368421 0.7833333337499999 0.6684210525000001 0.7911458337499999 0.72421052625 0.753125 0.76210526375 0.7203125 0.8052631575 0.659375 0.8052631575 0.6541666662500001 0.6831578949999999 0.59322916625 0.67263157875 0.59270833375 0.63368421 0.609375 0.5547368425 0.64947916625 0.536842105 0.65572916625