8 0.37973808249999996 0.650115725 0.34083977375 0.6223186925 0.31555140375 0.59333610625 0.29020532 0.56104415375 0.28893657375 0.55934682125 0.036056625 0.553955945 0.036547185 0.58208556625 0.036461555 0.6482302624999999 0.03980703125 0.6979560662500001 0.04289279875 0.73278971875 0.04969823625 0.76775131375 0.06273198375 0.80458083625 0.09358496375 0.79737362375 0.09508456375 0.8123084249999999 0.14421848 0.7875394175 0.229338075 0.7656618924999999 0.30450969125 0.74178849875 0.35511435124999996 0.7302996075 0.39455999374999995 0.71842688375 0.382621855 0.67336659125 0.37973808249999996 0.650115725
8 0.54490041125 0.45735385624999997 0.50487857625 0.507241655 0.47094076749999997 0.5507239625 0.437118385 0.6008250025 0.45868708249999995 0.62967964375 0.49441399500000005 0.68878771875 0.5186067575 0.7260010762500001 0.5578224875 0.7719996275 0.55912009125 0.77535164375 0.5824183025 0.7612698075000001 0.67318814 0.63705779 0.7254645974999999 0.57932305625 0.7789232312500001 0.5183216025 0.8213959925000001 0.46686441625 0.86998163375 0.41065642124999996 0.8369365000000001 0.36321642625 0.7964520225 0.3155205425 0.7535454762499999 0.2710487275 0.71412775 0.21346738875 0.6716838475 0.26657925875 0.6246843725 0.34268610625 0.58477796375 0.39919263875 0.54490041125 0.45735385624999997
8 0.26831450625 0.15844426125 0.31318141625 0.17321706750000002 0.35813489625 0.19295392499999997 0.41176760875 0.21298931750000002 0.4617383625 0.23620613375000002 0.425492035 0.14731375375 0.3799893425 0.02502916375 0.34583464124999996 0.02054696875 0.30801798125 0.0192461975 0.249426645 0.07014895625 0.20170575875000002 0.10488871375 0.15167823125 0.14947127500000001 0.16822965374999999 0.17484595625000002 0.19100938750000002 0.20208856125 0.20764738125 0.23242729374999999 0.23832816 0.2864007275 0.238672575 0.286412575 0.25539712375 0.19934222125 0.26831450625 0.15844426125
8 0.25559911875 0.21092500625 0.24051937625 0.2699391875 0.2234504125 0.35699769375 0.22229709125 0.36191909625 0.24005954875000002 0.3856817425 0.27394058375 0.409998815 0.3066971525 0.44089197375 0.35560115625 0.47399424500000004 0.40317869875 0.50208981625 0.34735383249999996 0.427407215 0.4353851175 0.35932649499999997 0.47399392375 0.29946794625 0.517822 0.25467214250000003 0.45424130625 0.23264087875 0.40680804625 0.212818725 0.34688931125000005 0.18760604 0.271976465 0.15526284 0.25559911875 0.21092500625
6 0.45952392125 0.67766546625 0.47278758375 0.65662371 0.44213566 0.60430496125 0.43700295875 0.5942062674999999 0.449142155 0.5797405975000001 0.42483396749999996 0.5359085075 0.39821913625 0.50191922375 0.35058388125 0.470514285 0.32045137500000004 0.44797984125 0.2864837725 0.41869871625 0.24392350375 0.394083105 0.23783947625 0.40048859875 0.23985755375 0.37409895875 0.20851401374999998 0.35317654875000004 0.19611510875000002 0.35275006625000005 0.17544096125 0.375190615 0.16621439375000002 0.414561835 0.20401709499999998 0.45058963875 0.21670456500000002 0.46756295625 0.25468040375 0.51351886125 0.28513033249999997 0.55425482625 0.31814661 0.6000401375 0.36970353250000004 0.6431558037499999 0.40883269375 0.6841903075000001 0.42645086875 0.6996795349999999 0.45952392125 0.67766546625
6 0.45866104375 0.8413511975 0.4966070875 0.8145436725 0.5085731450000001 0.7901499 0.54052173375 0.77471192 0.50721689 0.7123797725 0.49435628125000003 0.6854783525000001 0.470365515 0.6598477812500001 0.47290300875 0.6632424462500001 0.45721727875 0.68750827125 0.4152341425 0.6959863325000001 0.3909268925 0.72326299 0.34084165125 0.7645361850000001 0.30070439 0.8078052499999999 0.27158186125 0.8431847299999999 0.25442539 0.8541704387500001 0.2442465575 0.83893710125 0.20996247 0.8625632037500001 0.21319252 0.905670275 0.22870604875 0.9425850925 0.2706026175 0.9291429800000001 0.27400486749999997 0.9110694049999999 0.35900903874999995 0.88257314625 0.40944055749999997 0.8611561550000001 0.45866104375 0.8413511975
8 0.5290704 0.473346265 0.5677369175 0.41679708374999996 0.6330173287499999 0.32312844124999995 0.68388075625 0.2554229575 0.63391094 0.30331488624999997 0.58405655125 0.35782555000000005 0.526791675 0.41373500874999997 0.463500485 0.47935932625 0.4210565825 0.532471195 0.44787340875 0.57804326625 0.449142155 0.5797405975000001 0.486799635 0.53638623625 0.5290704 0.473346265
8 0.4208545875 0.5208884112500001 0.41964355374999995 0.522500445 0.42088344375 0.52254309375 0.49017209 0.44554923125 0.5341155925000001 0.4073721625 0.583941125 0.35120681625000005 0.6180520725 0.31765261125 0.595819675 0.2507402475 0.53330667125 0.28993227625 0.47575322999999997 0.3292948975 0.40115874375 0.38626196375 0.348651435 0.43075923000000005 0.3765350125 0.4664458475 0.41955698374999995 0.517536395 0.4208545875 0.5208884112500001
8 0.21927091375 0.47261230374999996 0.19274265375 0.44358707125 0.1903494425 0.448465825 0.178296815 0.467895545 0.1839489325 0.50777854375 0.19349386249999997 0.55771759 0.2579681675 0.55993529875 0.27498035625 0.54067617125 0.23827326375 0.49641759874999997 0.21927091375 0.47261230374999996
8 0.5676475325 0.19850679499999999 0.50810487125 0.26591374125 0.440142685 0.3479143025 0.44639985000000004 0.35143691 0.50761524875 0.30889286625 0.59703070875 0.24912821125 0.61015102625 0.29092178375 0.61802321625 0.31599792875 0.65818933375 0.27438354625 0.69599109625 0.2393026025 0.7079282975 0.21325414875 0.7446642475 0.25916740375 0.7610136762499999 0.27295929999999996 0.7927891250000001 0.24759321624999997 0.7672699025 0.2053731625 0.70657110375 0.06437527375 0.6870502775 0.08189442124999999 0.6648188175 0.0860908025 0.6284877975 0.13445186375 0.5676475325 0.19850679499999999
8 0.7678326475 0.28491258375 0.8204716449999999 0.342805795 0.8699527775 0.40900173625 0.830997695 0.44900408124999996 0.88085396125 0.5367109099999999 0.90178781625 0.529162515 0.8563986749999999 0.27127916625000004 0.82433466 0.28009841125 0.821479745 0.25850222875 0.7678326475 0.28491258375
8 0.8348616475 0.45740544499999997 0.741323465 0.5649853312500001 0.6720348187499999 0.6419791925 0.630830805 0.69513371 0.58354276625 0.7546937212500001 0.560417695 0.77870365875 0.534346015 0.75217466625 0.56984719625 0.82202397 0.6578496275000001 0.7522885662500001 0.7604421775 0.666518105 0.8227531849999999 0.6157432912499999 0.8874285475000001 0.55843503875 0.8348616475 0.45740544499999997
8 0.8815465175 0.5764233175 0.8361899862500001 0.60462963625 0.79835936625 0.638055895 0.75686678875 0.67466357875 0.7055128 0.71423944125 0.65773420125 0.74566983125 0.6728148825 0.7577643962499999 0.7150577275000001 0.7641784875000001 0.79974541625 0.788589455 0.8706788837499999 0.8059125575 0.8715715575 0.71499025625 0.87534800375 0.6473188225 0.8722910924999999 0.61413985375 0.8778845574999999 0.57960474 0.8815465175 0.5764233175
9 0.67566979875 0.77936057875 0.65906066 0.7506765312500001 0.6335135212499999 0.7779105375 0.6153480100000001 0.80209106875 0.59553862 0.80306338 0.5722404075 0.81714521625 0.5416461975 0.7681358349999999 0.51955902125 0.78060563375 0.5002113337499999 0.8080528825000001 0.50522860875 0.8115328425 0.51898283 0.81862070875 0.54101229375 0.80284154 0.5551993625 0.83474966 0.59614460625 0.837811735 0.61136957 0.8581797175 0.6425976837499999 0.8724833925 0.6734795200000001 0.86693086375 0.69801762125 0.8528916775000001 0.7279481325 0.86384333625 0.7587433987500001 0.8533267575000001 0.785617 0.83109944875 0.7884709762500001 0.78158688625 0.7512454049999999 0.77865275375 0.71753750875 0.76426378375 0.6752658075 0.7561950075 0.67566979875 0.77936057875