3 0.53477020625 0.52504671 0.55986008875 0.5140576375 0.89116071625 0.20828786875 0.87484815875 0.1797872775 0.7505393112500001 0.04143624875 0.734170535 0.01631490125 0.6538887925 0.014530862499999998 0.5662228625 0.10538275625 0.49310250625 0.15471088375 0.4474776125 0.16883989249999998 0.41389206125 0.20020178375 0.3539884575 0.23320365249999997 0.3500476675 0.245727335 0.46971156875 0.4443941575 0.53477020625 0.52504671
3 0.31170995749999997 0.17064335625 0.15555179875 0.46922868125 0.5862157324999999 0.97166589 0.7433271 0.59744261375 0.6188970025 0.4633873725 0.5477054525 0.54766821625 0.34721420999999997 0.23651271625 0.36819286875 0.218625905 0.31170995749999997 0.17064335625
3 0.6213042675 0.46301928625 0.74413726375 0.60360975125 0.62478576 0.9007611087499999 0.6866806575 0.9793712125 0.7191787650000001 0.97440204 0.87724693375 0.6168085112499999 0.681180585 0.41192369874999996 0.6213042675 0.46301928625
3 0.5238897674999999 1 0.5233335075 0.9603109325 0.41877862625 0.78127653125 0.252660875 0.5906854375 0.23562814625 1 0.5238897674999999 1
3 0.451027285 0.13885580875 0.4310897025 0.024472082500000002 0.20497503875 0.09679257749999999 0.22687406875000002 0.2737865525 0.3405166 0.12010451124999999 0.40695597749999995 0.19592273 0.451027285 0.13885580875
3 0.17007237374999998 0.4208742675 0.15504221625 0.3812323625 0.16585169624999999 0.36070647375 0.15858345 0.32407173624999996 0.22606390625 0.26761941499999997 0.100006175 0.22398428875 0.028159715 0.53693888125 0.24151206625 0.6469123075000001 0.2533553175 0.5968702675 0.15167084375 0.46772509624999997 0.17007237374999998 0.4208742675
3 0 0.56968508625 0.0188703675 0.5970754375 0.04277318 0.564062465 0.024818868749999997 0.53954672375 0.09585516625 0.22042499375 0.23033833250000002 0.2627718175 0.20485302375 0.096811235 0.3050014475 0.0647218475 0.27687795875 0.037567026249999996 0.0457803 0.07290335375 0 0.21123477625 0 0.56968508625
3 0.23427962875 1 0.24791151125 0.64803079375 0.15750454125 0.642981555 0.1780457975 1 0.23427962875 1
3 0.783711845 0.9142063825 0.96498297125 0.81010536375 0.967518405 0.75305812375 0.95424896 0.68891462625 0.9323208049999999 0.587417305 0.927116025 0.51691496 0.89800928625 0.531850595 0.85794234875 0.5820142075 0.8813979437499999 0.62036780625 0.7632036275 0.8795961212500001 0.783711845 0.9142063825
3 0 0.6968995275000001 0.022806381249999997 0.8606962987500001 0.1639951 0.8600776849999999 0.153770225 0.65194057875 0.18759538375 0.6383804712500001 0.056676673749999996 0.55774251875 0.02368490125 0.59633926375 0 0.57083308125 0 0.6968995275000001
3 0.58939871 0.07995182375 0.58350740125 0.01296683125 0.48539212875 0.01078649125 0.48607930000000005 0.14398115625000002 0.56615942125 0.1086693275 0.58939871 0.07995182375
3 0.9520175475000001 0.28872776 0.91195105625 0.02026557875 0.7524422312500001 0.01672093875 0.8925299162500001 0.2097495675 0.8381660150000001 0.27258430499999997 0.9520175475000001 0.28872776
3 0.17650967125 1 0.1648583725 0.85784868125 0.11850999 0.86912966 0.09638091875 1 0.17650967125 1