10 0.30040595375 0.3879518075 0.31664411375 0.45060240999999995 0.33829499375 0.4963855425 0.42895805125 0.59277108375 0.51285521 0.7060240962500001 0.53315290875 0.7132530125 0.54939106875 0.69397590375 0.54668470875 0.68433735 0.58592692875 0.58554216875 0.58457374875 0.5542168675 0.39377537250000005 0.3301204825 0.3612990525 0.31566265 0.32882273375 0.31566265 0.31258457375 0.2867469875 0.30040595375 0.28192771125 0.28281461375 0.3204819275 0.274695535 0.36144578375 0.30040595375 0.3879518075
12 0.34100135375 1 0.3653585925 0.98072289125 0.3464140725 0.61445783125 0.33829499375 0.5783132525 0.33152909375 0.56385542125 0.32205683375 0.56144578375 0.20974289625 0.5783132525 0.1556156975 0.6698795175 0.1461434375 0.70120481875 0.1231393775 0.7228915662500001 0.1258457375 0.775903615 0.16779431625000002 0.7951807225 0.17997293625000002 0.8216867474999999 0.17726657625 0.8771084337499999 0.1542625175 0.9204819275 0.15290933750000002 0.9493975899999999 0.1447902575 0.959036145 0.1502029775 1 0.231393775 1 0.243572395 0.9903614462500001 0.243572395 0.9734939762499999 0.248985115 1 0.34100135375 1
14 0.1299052775 1 0.1299052775 0.975903615 0.17456021625 0.874698795 0.17861975624999998 0.8457831324999999 0.17591339625 0.8048192774999999 0.1542625175 0.7855421687499999 0.07713125875 0.7518072287500001 0.01488498 0.74939759 0 0.7566265062499999 0 1 0.1299052775 1
10 0.08660351875 0.36385542125000003 0.10825439749999999 0.43373494 0.1258457375 0.4457831325 0.17320703625 0.44819277125 0.22868741499999998 0.43614457875 0.243572395 0.41927710875 0.251691475 0.37349397625 0.22868741499999998 0.308433735 0.18673883624999998 0.26746988 0.1366711775 0.25542168625 0.1001353175 0.274698795 0.08660351875 0.308433735 0.08660351875 0.36385542125000003
11 0.57916102875 0.2120481925 0.57780784875 0.2698795175 0.59133964875 0.3204819275 0.6238159675 0.3710843375 0.6454668474999999 0.39036144624999997 0.67658998625 0.39036144624999997 0.7077131262499999 0.37349397625 0.71853856625 0.33975903625000003 0.71853856625 0.30120481875 0.7050067662499999 0.23614457875 0.67253044625 0.175903615 0.6305818675 0.14457831375 0.6143437075 0.15180722875 0.5926928287500001 0.1783132525 0.57916102875 0.2120481925
10 0.8484438425 0.82650602375 0.8971583225 0.93253012 0.96481732125 0.9951807225 0.99458728 0.9975903612499999 1 0.9903614462500001 0.9972936400000001 0.8216867474999999 0.97023004 0.8168674699999999 0.96211096125 0.8 0.93098782125 0.7734939762499999 0.8944519624999999 0.7686746987499999 0.8700947225 0.7518072287500001 0.83220568375 0.742168675 0.82273342375 0.7566265062499999 0.82138024375 0.80240963875 0.8484438425 0.82650602375
10 0.721244925 0.8120481925 0.71718538625 0.86024096375 0.734776725 0.9542168675 0.7050067662499999 0.9734939762499999 0.70635994625 1 0.7767253049999999 0.9855421687499999 0.79972936375 0.8867469875 0.7983761837500001 0.7734939762499999 0.81190798375 0.7180722887500001 0.7861975637499999 0.69397590375 0.769959405 0.69397590375 0.7591339650000001 0.7373493975 0.742895805 0.759036145 0.721244925 0.8120481925
10 0.57510148875 0.942168675 0.57104194875 0.9493975899999999 0.57374830875 1 0.6657645462499999 0.9975903612499999 0.732070365 0.96626506 0.736129905 0.942168675 0.728010825 0.8795180725 0.71718538625 0.85060241 0.7104194862500001 0.85060241 0.6265223275 0.89879518125 0.59133964875 0.9373493974999999 0.57510148875 0.942168675
11 0.06495263875 0.7469879512500001 0.1244925575 0.7710843375 0.1271989175 0.7277108437500001 0.1502029775 0.68915662625 0.15290933750000002 0.5951807225 0.13531799749999998 0.53493975875 0.1258457375 0.44819277125 0.09201623874999999 0.40722891625 0.06224627875 0.4 0.016238159999999998 0.424096385 0.01488498 0.50120481875 0.06495263875 0.7469879512500001
11 0.94451962125 0 0.94181326125 0.021686747500000002 0.9296346412500001 0.040963855 0.92557510125 0.07710843375 0.8876860625 0.21686747 0.8768606225000001 0.23855421625 0.8646820024999999 0.34698795125 0.8782138025 0.39036144624999997 0.9066305812500001 0.43855421624999996 0.97023004 0.50602409625 1 0.5204819275 1 0 0.94451962125 0
0 0.06224627875 0 0.07307171875 0.040963855 0.10690121749999999 0.07228915625 0.1393775375 0.08192771125000001 0.17456021625 0.0795180725 0.19485791625 0.06506024125 0.19350473625 0 0.06224627875 0
11 0.6008119075 0.46506024125 0.6319350475000001 0.56867469875 0.6414073075000001 0.58313253 0.6562922862499999 0.58554216875 0.68606224625 0.56626506 0.69282814625 0.54698795125 0.69418132625 0.50602409625 0.68606224625 0.4963855425 0.68200270625 0.43132530125 0.67253044625 0.39036144624999997 0.6454668474999999 0.38072289125 0.6116373475 0.33253012 0.5994587275 0.33253012 0.58186738875 0.36144578375 0.57510148875 0.40481927749999996 0.6008119075 0.46506024125
9 0.57645466875 1 0.57239512875 0.94457831375 0.71177266625 0.8530120487499999 0.730717185 0.8530120487499999 0.7496617050000001 0.8168674699999999 0.757780785 0.79036144625 0.760487145 0.7397590362500001 0.771312585 0.68192771125 0.769959405 0.6289156625 0.757780785 0.5951807225 0.736129905 0.58554216875 0.66441136625 0.61445783125 0.6251691475 0.63855421625 0.58728010875 0.67710843375 0.53044655 0.7036144575000001 0.5317997287499999 0.7807228912499999 0.52638701 0.8337349399999999 0.52909337 0.86024096375 0.5412719887499999 0.8939759037499999 0.5412719887499999 0.92771084375 0.55345060875 0.9734939762499999 0.55345060875 1 0.57645466875 1
9 0.47496617 0 0.47631935 0.009638553749999999 0.44925575125 0.021686747500000002 0.42489851125 0.08433735 0.42489851125 0.11084337375 0.44925575125 0.13493975875 0.44925575125 0.1951807225 0.46008119125 0.22650602374999998 0.45060893125 0.24337349374999998 0.45196211124999996 0.25542168625 0.46684709124999996 0.3132530125 0.47631935 0.32771084375000004 0.49797023 0.32771084375000004 0.51691475 0.37349397625 0.52774019 0.37349397625 0.56698240875 0.47469879499999995 0.58728010875 0.48192771125 0.5967523675 0.4698795175 0.5940460075 0.44819277125 0.57510148875 0.4 0.5805142087499999 0.36867469875 0.5994587275 0.33253012 0.5805142087499999 0.26506024125 0.5832205687500001 0.20963855375 0.5940460075 0.18313253 0.6224627875000001 0.14698795125 0.6441136675 0.14698795125 0.67253044625 0.175903615 0.70365358625 0.23614457875 0.71583220625 0.28433735 0.71718538625 0.3204819275 0.7077131262499999 0.36385542125000003 0.69147496625 0.38313253 0.6995940462500001 0.4457831325 0.68335588625 0.47710843375 0.67388362625 0.59036144625 0.70635994625 0.56144578375 0.7469553449999999 0.542168675 0.772665765 0.48192771125 0.80108254375 0.47469879499999995 0.83220568375 0.4795180725 0.9012178625 0.42650602374999996 0.8687415425 0.3542168675 0.8741542625 0.2626506025 0.8687415425 0.23132530124999998 0.8525033825 0.20722891624999998 0.83897158375 0.12289156625 0.80378890375 0.10361445749999999 0.7672530449999999 0.11566264999999999 0.755074425 0.07228915625 0.733423545 0.03855421625 0.70230040625 0.02650602375 0.7050067662499999 0.014457831249999999 0.7198917450000001 0 0.47496617 0