1 0.12506662125 0 0.112966295 0.00083917875 0.08496327625 0.0188964025 0.00403760125 0.10901523375 0.008824855 0.2382710925 0.058450556249999994 0.11742608875 0.07250071125 0.10928939 0.11591597999999999 0.10806903999999999 0.14278239875 0.12232097 0.17039624625 0.0971284425 0.20793849125000002 0.09452482125 0.3162488875 0.1138719125 0.4925059475 0.10343875000000001 0.5050303325000001 0.1204759 0.492828735 0.16250529749999998 0.5024652549999999 0.17974272500000002 0.522485725 0.17477312375 0.54422655125 0.1481973275 0.56165103375 0.1487794825 0.5710929687499999 0.1624492575 0.56388876125 0.18980749 0.57294152625 0.1963419575 0.63715560625 0.20442261625 0.68624931125 0.20101788124999997 0.77415006625 0.21819926875 0.7779135625000001 0.23405342875 0.7477037275 0.26479771375 0.79459061625 0.27408004125 0.81915292375 0.29923520875000004 0.8136026900000001 0.3569184875 0.79504160625 0.38864548374999996 0.83258385125 0.38604186375 0.87716663 0.40622743 0.8911504037500001 0.45002197375 0.88904087875 0.46449286375 0.83485249 0.48078494 0.80675217875 0.49705833499999996 0.80464265375 0.511529225 0.813890005 0.52163134625 0.8752162187499999 0.5299122825 0.89783267625 0.5193909225 0.9516982774999999 0.44403229875 1 0.45097877375 1 0.11460544625 0.75150726 0.01564418 0.67535255125 0.00122933 0.6730351324999999 0 0.12506662125 0
1 0.664503225 0 0.6815174512500001 0.007964078749999999 0.73109761875 0.013478475 0.8437552662500001 0.0593826825 0.9170221112500001 0.07399781 0.9277952325 0.05892608625 0.9961310675 0.03628113875 0.9941522412499999 0 0.664503225 0
1 1 0.5573735612499999 0.90399301375 0.68548705125 0.90305099875 0.7213638575 0.83653281 0.7241864375 0.85343535875 0.82149577125 0.7675777475 0.8417747375000001 0.7826008262499999 0.85147630375 0.8720273512500001 0.84348384375 0.9021708037499999 0.86467080125 0.9986378612500001 0.8794675275 1 0.88358840125 1 0.5573735612499999
1 1 0.89055743875 0.9592779687499999 0.90189351625 0.74288267375 0.9204820562499999 0.587521715 0.9420000537500001 0.24007136625 0.8962639662499999 0.19260072375 0.8762786812500001 0.16352748625 0.8747138124999999 0.124494945 0.7968449687499999 0.06080736125 0.53267575125 0.01611214875 0.43502800125 0.018680126249999998 0.504363405 0.0398357525 0.89224491875 0.62084491125 0.96833821125 1 0.94204314125 1 0.89055743875
14 1 0.44793240124999995 0.951600985 0.44224847375000004 0.8923488225 0.52514295875 0.8640539287500001 0.53784870125 0.8705107062499999 0.54993492875 0.9119137424999999 0.56496929375 0.942446365 0.5932915575 0.89425920125 0.6664657975 0.8984118675 0.6894552625 1 0.55673382625 1 0.44793240124999995
14 0.51050962375 0.27408524375 0.5171300750000001 0.236024055 0.49892725374999997 0.22117129 0.23564506999999998 0.23047750125 0.0690909125 0.2062168475 0.058998840000000004 0.2337753575 0.009518688749999999 0.2570045875 0.012181725000000001 0.32890656749999997 0.1461830725 0.34411627375000003 0.15436020625 0.33459630625000003 0.21412973999999999 0.31433602 0.24725835125 0.33710652500000005 0.42351541125 0.3266733625 0.4427575425 0.30743315 0.46287530375 0.30424737375 0.51050962375 0.27408524375
14 0.3253634725 0.22783652125 0.34028925875 0.23575426 0.47313105125 0.22654144875 0.48987448624999996 0.21463681874999999 0.5076263200000001 0.11492414249999999 0.4980870925 0.09947054 0.31595700875 0.10852043374999999 0.27234715625 0.10617313125000001 0.25443621125 0.09667184375 0.21063177249999998 0.09075689125 0.1645232225 0.09574517249999999 0.13969994875 0.11895359624999999 0.11283353 0.10470166624999999 0.06941826125 0.10592201625 0.02739599875 0.185831005 0.01058618 0.2496668775 0.09663837750000001 0.23295556375 0.11925483625 0.22243420375 0.2357423625 0.23226132625 0.3253634725 0.22783652125
14 0.6118767775 0.27242697499999996 0.74510774125 0.27034947 0.79157454875 0.21878142374999998 0.7443957812499999 0.20414761625 0.6424448725 0.19510292750000002 0.6212568925 0.1786666125 0.57245506375 0.18742282625 0.57339707875 0.15154602125 0.56434431375 0.14501155125 0.5411441 0.14482995375 0.5221938475000001 0.169421645 0.5109342649999999 0.1755742375 0.49341249 0.17320825750000002 0.48273666249999997 0.19006380625 0.48130818499999994 0.21702148125 0.5141449175 0.23444050749999998 0.524073315 0.25702941500000004 0.6118767775 0.27242697499999996
14 0.09504166375 0.46942203374999997 0.043838431250000004 0.4872976575 0.0766396925 0.61036299625 0.092149235 0.62898369375 0.276486135 0.60724673875 0.41393614874999995 0.5762274537500001 0.45735141749999997 0.5750071025 0.4590717725 0.5534009075 0.44083803875 0.4848330725 0.33655211 0.43297655 0.20458594875 0.45824379875 0.09504166375 0.46942203374999997
14 0.21701760374999998 0.31413574125 0.19680254875 0.31553769125 0.13800594124999999 0.35363624 0.026546715000000002 0.3828530175 0.01567630125 0.39614091625000003 0.020899185 0.43875246875 0.04701817375 0.49244885875 0.13248661625 0.4650345875 0.24482147625 0.45187224625 0.29621929125 0.43756427625 0.3424251325 0.43435982125 0.34492382749999995 0.42702423625 0.30582490125 0.40108663499999997 0.21701760374999998 0.31413574125
14 0.38743255374999996 0.35603438 0.30800081 0.33468450375000003 0.250146215 0.3369062475 0.28473421250000003 0.3864341475 0.34849274 0.43931074125 0.44083803875 0.4848330725 0.44875420499999996 0.523676695 0.48551811 0.50680246375 0.5342226462499999 0.49626242499999995 0.52984448375 0.41599023875 0.52280395 0.39320105375 0.4747495525 0.36251280874999997 0.38743255374999996 0.35603438
14 0.415452795 0.8697763675 0.41639480874999996 0.83389956125 0.43716271 0.7894855012499999 0.42635868000000005 0.7508421574999999 0.35714721125 0.7574326675 0.265805745 0.7834636700000001 0.13672745 0.8085306400000001 0.14156116624999998 0.8440068875 0.1604450375 0.8713464375 0.23150506375 0.8986486275 0.315836905 0.90354351 0.3978646375 0.91934162875 0.4438758925 0.91256952 0.457245 0.8919460375 0.415452795 0.8697763675
14 1 0.8777123287499999 0.9049613762500001 0.8626866950000001 0.8718327662500001 0.83991619 0.7824062412499999 0.8479086512499999 0.74937492375 0.8269219712500001 0.6938244400000001 0.8182404775000001 0.5609826474999999 0.82745329 0.55176620625 0.87106623625 0.48102896875 0.90283059375 0.46071662 0.9024487175 0.5134765325 0.913114315 0.58174598375 0.94240060875 0.75144897625 0.9180973937500001 0.9910444837500001 0.8996904524999999 1 0.88821921875 1 0.8777123287499999
14 0.5559034425 0.8671985875 0.559441445 0.8257700250000001 0.51898042375 0.77485885625 0.48575452124999996 0.75030452375 0.4588881025 0.7360525925 0.42173502749999997 0.7457915187499999 0.43059320749999996 0.74875833625 0.43185800999999996 0.7719480774999999 0.423389 0.7761165662499999 0.43812020250000006 0.78046665375 0.43870395875 0.7911696112500001 0.41764418 0.8302321925 0.4200764925 0.8748278525000001 0.437500975 0.87541000625 0.46485385625 0.89858106875 0.5279977175 0.8870396375 0.5559034425 0.8671985875
14 0.5630303525 0.7055522625 0.56215471875 0.689497825 0.53652219375 0.6447205675 0.5010894725 0.6328533000000001 0.48866238125 0.61759997625 0.48691111625 0.5854911025 0.43126334 0.57502578375 0.28505244 0.604862075 0.11784814375 0.62182970875 0.08945595499999999 0.63275162375 0.10626121 0.72827713375 0.1236193125 0.78079053125 0.14509917 0.80257832375 0.25444887125 0.78783243625 0.38573398374999995 0.75007840375 0.5347354575 0.718258005 0.5630303525 0.7055522625
14 0.5789027175 0.5182318162499999 0.60826783125 0.5251481625000001 0.6600548162500001 0.5179754962500001 0.7185595475 0.4745254675 0.78854935625 0.48220556875 0.8122360325 0.49130629875 0.895011195 0.46765996 0.897412595 0.45854054875000005 0.88871809 0.405426315 0.8478015175 0.39931108375 0.8269054137499999 0.3882262475 0.80101192125 0.39181258 0.788876705 0.381910735 0.81668513875 0.36028586249999994 0.8214879437499999 0.34204704125 0.82512323875 0.302402305 0.80692041625 0.2875495375 0.80902994125 0.27307864875 0.75646461625 0.26598070375 0.6497109012500001 0.275174835 0.6357580375 0.28509535875 0.63630632125 0.40144463 0.5789027175 0.5182318162499999
14 0.62183608625 0.34873095249999997 0.6219024675 0.29679970875 0.5914671375 0.2702612725 0.5247543625 0.2695162 0.5019433200000001 0.27646990625 0.43756556750000003 0.318536665 0.41582474124999996 0.3451124625 0.428251835 0.360365785 0.46897382249999997 0.36291336625 0.5202079625 0.39875281125 0.53779155875 0.50854893 0.5754310975 0.50772913625 0.61978838 0.47063197875 0.638415845 0.38697373874999996 0.62183608625 0.34873095249999997
14 0.7124564675 0.5752208575000001 0.705805105 0.55956697875 0.6821184287500001 0.5504662475 0.67248191 0.53322882 0.52374140375 0.5166856275 0.51212356125 0.569417985 0.49518554125 0.5777549599999999 0.49096649 0.60669673875 0.49800702375 0.629485925 0.5422979250000001 0.64432001125 0.56196013375 0.68593017125 0.70645068 0.6777000750000001 0.7234859925000001 0.6711469237500001 0.7453904925 0.59442371125 0.7124564675 0.5752208575000001
14 0.61118204375 0.7380243337500001 0.49161206625 0.7248298362500001 0.46302529375 0.7321841 0.51763376125 0.7767423975 0.53401893625 0.8114175324999999 0.5552069175 0.82785384625 0.64203745375 0.82541314375 0.7023907425 0.8158558175 0.82530413875 0.78405409875 0.8276082487499999 0.7731508625 0.8114176575000001 0.74204338 0.6527796637500001 0.75662635125 0.61118204375 0.7380243337500001
14 0.67341936125 0.65671339375 0.63866768875 0.6573329099999999 0.61712144875 0.68747636 0.7222521000000001 0.70167225125 0.79772576125 0.7036003150000001 0.882933235 0.7245496325 0.90305099875 0.7213638575 0.88692679 0.6383251325 0.9174285037500001 0.6129323275 0.93300443 0.57962178125 0.955523595 0.56731659625 0.9534804525 0.5298562425 0.92103289 0.51957252125 0.88426898375 0.53644675375 0.8525024675 0.53864981625 0.81716703875 0.5285663737499999 0.7824153675 0.5291858899999999 0.72628112875 0.5098014375000001 0.6973051837500001 0.5100203975000001 0.67893868625 0.5453150475 0.7085956775 0.5575828725 0.7153443325000001 0.57502058 0.7330606924999999 0.58095421375 0.7435728462500001 0.61424607875 0.7191387400000001 0.64458980625 0.6786113374999999 0.64560988 0.67341936125 0.65671339375