16 0.5234375 0 0.446875 0.1586638825 0.44375 0.19832985375 0.46875 0.26096033375 0.5546875 0.33611691 0.5859375 0.35281837125000004 0.7421875 0.38204592875000004 0.7578125 0.38204592875000004 0.7765625 0.36743215 0.8125 0.3695198325 0.8765625 0.20459290249999998 0.8796875 0.1774530275 0.85 0.16075156625 0.7984375 0.089770355 0.690625 0.01252609625 0.6625 0 0.5234375 0
0 0.721875 1 0.7265625 0.9937369524999999 0.7359375 0.9352818374999999 0.7515625 0.92484342375 0.74375 0.8121085600000001 0.7375 0.80375782875 0.6953125 0.79958246375 0.578125 0.83507306875 0.565625 0.8455114825 0.565625 0.8810020875 0.590625 1 0.721875 1
10 0.128125 0.45929018749999995 0.1046875 0.4864300625 0.0828125 0.5177453025 0.0796875 0.5407098125 0.1296875 0.64091858 0.1625 0.6743215037500001 0.1734375 0.7014613774999999 0.1828125 0.70772442625 0.2234375 0.8121085600000001 0.2296875 0.8434238000000001 0.2359375 0.8455114825 0.2515625 0.8121085600000001 0.2890625 0.7703549062499999 0.3203125 0.7536534450000001 0.371875 0.74112734875 0.346875 0.6847599162500001 0.346875 0.63256785 0.3265625 0.59290187875 0.303125 0.5720250525 0.275 0.5093945725 0.228125 0.43215031375 0.2109375 0.41127348625000004 0.1890625 0.40709812125 0.153125 0.43423799625000004 0.1390625 0.457202505 0.128125 0.45929018749999995
10 0.240625 0 0.21875 0.04592901875 0.2203125 0.089770355 0.2390625 0.11273486375 0.2640625 0.121085595 0.2671875 0.13152400875 0.3078125 0.1586638825 0.4234375 0.18580375750000003 0.4453125 0.1565762 0.4703125 0.10438413375 0.4703125 0.0605427975 0.4515625 0.0375782875 0.4171875 0.014613778749999999 0.4109375 0 0.240625 0
0 0.2359375 0.2087682675 0.2359375 0.25469728625 0.2546875 0.29227557375 0.2734375 0.31106471875 0.2921875 0.3569937375 0.365625 0.4822546975 0.3828125 0.4822546975 0.459375 0.40709812125 0.3359375 0.17327766125 0.2953125 0.14822547 0.2671875 0.152400835 0.25 0.13569937375 0.2453125 0.1565762 0.25 0.1774530275 0.2359375 0.2087682675
0 0.4640625 0.40083507249999994 0.496875 0.33611691 0.5046875 0.29227557375 0.4625 0.25052192125 0.44375 0.20250521875 0.384375 0.17536534499999998 0.375 0.2484342375 0.45625 0.3966597075 0.4640625 0.40083507249999994
0 0.50625 0.40501043875 0.4890625 0.4551148225 0.4890625 0.46346555375000004 0.4921875 0.46764091874999997 0.5046875 0.46972860125 0.540625 0.44467640875000003 0.5671875 0.44467640875000003 0.575 0.43632567875 0.5859375 0.43215031375 0.5953125 0.41962421749999995 0.5984375 0.394572025 0.590625 0.38204592875000004 0.571875 0.36743215 0.55 0.35908142 0.540625 0.35908142 0.5234375 0.37787056375 0.5171875 0.3924843425 0.50625 0.40501043875
6 0.5140625 0.46137787 0.50625 0.47181628375 0.5140625 0.48016701500000003 0.58125 0.5093945725 0.6484375 0.55532359125 0.6578125 0.55532359125 0.6609375 0.5177453025 0.6546875 0.48434238 0.6453125 0.46346555375000004 0.625 0.44050104375 0.615625 0.43632567875 0.590625 0.43632567875 0.571875 0.44467640875000003 0.540625 0.44467640875000003 0.5140625 0.46137787
16 0.34375 0.5407098125 0.6765625 0.77870563625 0.709375 0.7954070975 0.8328125 0.80584551125 0.8390625 0.77244258875 0.865625 0.7118997912499999 0.8625 0.699373695 0.596875 0.519832985 0.49375 0.46764091874999997 0.48125 0.45302714 0.48125 0.43632567875 0.5 0.40292275625 0.5015625 0.38204592875000004 0.496875 0.37787056375 0.396875 0.46346555375000004 0.34375 0.5281837162499999 0.34375 0.5407098125
16 0.88125 1 0.8765625 0.9665970774999999 0.859375 0.9123173275 0.8515625 0.89979123125 0.8484375 0.80375782875 0.840625 0.7912317324999999 0.8359375 0.7912317324999999 0.828125 0.81002087625 0.7828125 0.79958246375 0.74375 0.8016701462499999 0.753125 0.92275574125 0.7375 0.933194155 0.7265625 1 0.88125 1
11 0.421875 0.7118997912499999 0.4375 0.76826722375 0.475 0.8121085600000001 0.5015625 0.86638830875 0.5375 0.8810020875 0.565625 0.8789144050000001 0.5671875 0.83507306875 0.6046875 0.8225469725000001 0.60625 0.80584551125 0.575 0.76826722375 0.54375 0.6847599162500001 0.45 0.61377870625 0.39375 0.582463465 0.3859375 0.60960334 0.3875 0.62839248375 0.421875 0.7118997912499999
11 0.2203125 0.9018789150000001 0.2203125 0.94780793375 0.23125 0.9979123175 0.4921875 1 0.5046875 0.94780793375 0.5046875 0.8977035487499999 0.4953125 0.855949895 0.4765625 0.8141962425 0.44375 0.7745302712500001 0.4140625 0.7557411275 0.384375 0.74530271375 0.340625 0.74530271375 0.28125 0.7745302712500001 0.2359375 0.83716075125 0.2203125 0.9018789150000001
11 0.2296875 1 0.2203125 0.9436325675 0.2203125 0.9018789150000001 0.23125 0.8434238000000001 0.209375 0.7745302712500001 0.196875 0.76826722375 0.1859375 0.7745302712500001 0.178125 0.79958246375 0.16875 0.80584551125 0 0.88935281875 0 1 0.2296875 1
11 0 0.7536534450000001 0.00625 0.7557411275 0.0078125 0.7640918575000001 0.00625 0.8851774525 0.1109375 0.83716075125 0.1234375 0.8225469725000001 0.14375 0.8204592900000001 0.175 0.80375782875 0.1890625 0.77244258875 0.203125 0.76617954125 0.1984375 0.74112734875 0.1875 0.7327766174999999 0.1265625 0.7244258875 0.034375 0.7223382049999999 0 0.71398747375 0 0.7536534450000001
11 1 0.68267223375 0.9453125 0.6638830900000001 0.90625 0.67223382 0.8765625 0.7118997912499999 0.8515625 0.7912317324999999 0.85 0.87473904 0.8578125 0.89979123125 0.8890625 0.9394572025 1 0.9853862212500001 1 0.68267223375
11 0.7953125 0.605427975 0.809375 0.62839248375 0.853125 0.6576200412500001 0.8640625 0.6576200412500001 0.871875 0.6430062624999999 0.884375 0.6430062624999999 0.9015625 0.62630480125 0.9109375 0.59498956125 0.975 0.46555323625 0.9734375 0.43841336124999997 0.9484375 0.40709812125 0.909375 0.38204592875000004 0.8875 0.37995824624999996 0.8703125 0.40083507249999994 0.7921875 0.582463465 0.7953125 0.605427975
11 0.73125 0.38622129375 0.659375 0.44050104375 0.646875 0.46137787 0.659375 0.51565762 0.6578125 0.55949895625 0.7484375 0.61795407125 0.7796875 0.6075156575 0.840625 0.46972860125 0.84375 0.37578288125 0.8375 0.36116910249999995 0.821875 0.35281837125000004 0.8109375 0.37160751625000005 0.778125 0.36743215 0.73125 0.38622129375
11 0.7984375 0.089770355 0.85 0.16075156625 0.871875 0.17118997875000003 0.9203125 0.1586638825 0.975 0.17327766125 0.9890625 0.17118997875000003 0.9984375 0.1189979125 1 0.05219206625 0.975 0.0020876824999999997 0.828125 0 0.7984375 0.035490605 0.7859375 0.0835073075 0.7984375 0.089770355
14 0.0484375 0.53653444625 0.0796875 0.5302713987500001 0.096875 0.49895615875 0.15 0.43841336124999997 0.2046875 0.2171189975 0.2296875 0.13987473875 0.225 0.10229645124999999 0.1875 0.04175365375 0.1875 0.01252609625 0.1796875 0.00835073125 0.1234375 0.14405010499999998 0.1078125 0.19832985375 0.0484375 0.53653444625