16 0.27916666625000003 0.953125 0.28958333375 0.9609375 0.55833333375 0.9578125 0.6833333337499999 0.9625 0.69583333375 0.946875 0.69583333375 0.7578125 0.71041666625 0.6375 0.70416666625 0.45625 0.7145833337499999 0.371875 0.70833333375 0.34375 0.6854166662500001 0.3359375 0.56666666625 0.3359375 0.42083333375000004 0.3234375 0.35 0.3234375 0.3375 0.3296875 0.33125 0.3796875 0.27916666625000003 0.953125
16 0.11875 0.3390625 0.11666666625 0.346875 0.14166666625 0.425 0.175 0.478125 0.2 0.5453125 0.25625 0.55625 0.325 0.4953125 0.34166666625 0.3234375 0.38125 0.3234375 0.38541666625 0.309375 0.33333333375 0.2953125 0.26666666625 0.2921875 0.18125 0.275 0.13958333375 0.309375 0.13333333375 0.3328125 0.11875 0.3390625
16 0.69583333375 0.3390625 0.7 0.34375 0.69791666625 0.4890625 0.71875 0.50625 0.7166666662500001 0.5390625 0.7458333337499999 0.546875 0.8125 0.459375 0.9083333337499999 0.2859375 0.8708333337499999 0.275 0.74166666625 0.2609375 0.69583333375 0.25 0.66875 0.2859375 0.6520833337499999 0.3359375 0.69583333375 0.3390625
16 0.07291666625 0.2625 0.0875 0.28125 0.09791666624999999 0.325 0.10833333375000001 0.3375 0.13125 0.33125 0.14166666625 0.3109375 0.18125 0.28125 0.31666666625 0.290625 0.30416666625 0.196875 0.1375 0.1796875 0.10625 0.1875 0.06666666625 0.2265625 0.07291666625 0.2625
16 0.37916666624999995 0.3078125 0.38333333375 0.321875 0.39166666624999996 0.325 0.58125 0.3328125 0.59583333375 0.2765625 0.59583333375 0.2171875 0.55833333375 0.20625 0.48958333375 0.1984375 0.48333333375000004 0.19375 0.4875 0.184375 0.40833333375 0.18125 0.35625 0.2328125 0.35625 0.3 0.37916666624999995 0.3078125
16 0.63125 0.3265625 0.65625 0.3265625 0.67083333375 0.2796875 0.6916666662500001 0.2484375 0.7479166662500001 0.2546875 0.7833333337499999 0.265625 0.825 0.265625 0.8479166662500001 0.221875 0.85 0.1890625 0.85833333375 0.1796875 0.85 0.1671875 0.82708333375 0.1625 0.66666666625 0.15 0.62083333375 0.3015625 0.61875 0.3203125 0.63125 0.3265625
16 1 0.2015625 0.9083333337499999 0.1953125 0.9 0.1984375 0.86458333375 0.271875 0.9083333337499999 0.284375 0.9104166662500001 0.290625 0.88958333375 0.3109375 0.8791666662500001 0.3421875 0.81875 0.44375 0.8166666662500001 0.459375 0.9354166662500001 0.4734375 0.9645833337499999 0.45 1 0.40625 1 0.2015625
16 0.57708333375 0.209375 0.59375 0.2203125 0.5833333337500001 0.278125 0.59375 0.2796875 0.61875 0.1953125 0.625 0.11875 0.60208333375 0.1125 0.44166666624999995 0.1109375 0.42708333375 0.1171875 0.41458333375 0.18125 0.57708333375 0.209375
16 0.29791666625 0.2015625 0.31041666625000003 0.23125 0.31666666625 0.29375 0.36458333375 0.3015625 0.38333333375 0.2109375 0.41875 0.18125 0.43333333375000005 0.1796875 0.43125 0.1203125 0.37291666625 0.1125 0.20833333375 0.1109375 0.2 0.125 0.20208333374999998 0.184375 0.29791666625 0.2015625
16 0 0.1953125 0.0375 0.28125 0.0625 0.30625 0.08125 0.3671875 0.09375 0.3765625 0.12083333375000001 0.378125 0.08958333375000001 0.290625 0.10208333375 0.275 0.13125 0.2671875 0.13541666624999998 0.2578125 0.1125 0.2421875 0.10208333375 0.2421875 0.09791666624999999 0.253125 0.07708333375 0.253125 0.06666666625 0.2390625 0.06666666625 0.221875 0.11666666625 0.175 0.1875 0.178125 0.1875 0.1453125 0.20208333374999998 0.11875 0.175 0.1125 0 0.1046875 0 0.1953125
16 0.18125 0.1140625 0.17291666625000002 0.0625 0.15625 0.0546875 0.10416666625 0.053125 0.0020833337499999998 0.0578125 0 0.1109375 0.18125 0.1140625
16 0.18541666625 0.1140625 0.35833333375000004 0.1171875 0.37916666624999995 0.1125 0.38125 0.05 0.21458333375 0.046875 0.2 0.0515625 0.17916666625000002 0.075 0.18541666625 0.1140625
16 0.54791666625 0.1109375 0.55625 0.1046875 0.55416666625 0.05 0.54375 0.04375 0.50208333375 0.04375 0.38541666625 0.0484375 0.38333333375 0.1125 0.54791666625 0.1109375
16 0.62083333375 0.1140625 0.625 0.125 0.5729166662499999 0.33125 0.6145833337500001 0.3375 0.66666666625 0.1546875 0.73541666625 0.153125 0.7479166662500001 0.1078125 0.7479166662500001 0.0671875 0.7208333337499999 0.0609375 0.58958333375 0.059375 0.575 0.0640625 0.57916666625 0.1109375 0.62083333375 0.1140625
16 0.96041666625 0.11875 0.96875 0.0578125 0.80208333375 0.05 0.8 0.109375 0.88125 0.1203125 0.96041666625 0.11875
16 0.85833333375 0.1734375 0.8479166662500001 0.1875 0.8458333337499999 0.221875 0.82708333375 0.26875 0.86666666625 0.275 0.9041666662500001 0.19375 0.97916666625 0.2 0.99375 0.1734375 0.98333333375 0.1484375 0.9875 0.1296875 0.96041666625 0.1203125 0.88541666625 0.1203125 0.8 0.1078125 0.78125 0.15625 0.82708333375 0.1609375 0.85833333375 0.1734375