10 0.53535965375 0.54885787 0.53253913875 0.55051736125 0.5240822937499999 0.5682939 0.52278286 0.5765583275 0.53546585125 0.5917223349999999 0.656128505 0.5955161525 0.6760799 0.584990455 0.68024790375 0.5837812525 0.68529126375 0.58695483125 0.6916518687500001 0.58569365875 0.694634035 0.56704562625 0.6842451900000001 0.5669897325000001 0.6799081499999999 0.56810692875 0.6675775875 0.55844805125 0.651487705 0.55024961875 0.6071073925 0.54872413 0.53535965375 0.54885787
10 0.56343317125 0.47048271375 0.56703948875 0.46078811000000003 0.56623332625 0.45161288749999995 0.56150593125 0.4435126775 0.5632308825 0.43998593625 0.561990675 0.43249792875 0.5526838025 0.42994397125 0.5460173475 0.43105447750000003 0.54011392625 0.43911074125 0.52704848375 0.44582791499999996 0.51781997 0.45383827625 0.496206825 0.5056800874999999 0.48663030625 0.52415551875 0.48477106 0.5325438312499999 0.4868220175 0.53956098 0.49412763499999995 0.5432871149999999 0.50312907875 0.54550408625 0.5091727075 0.5466285725 0.51688484 0.545907535 0.52840020125 0.54295510625 0.53619371375 0.53420987625 0.54768478375 0.49348042625 0.5526050575 0.48823635875 0.56343317125 0.47048271375
10 0.6819533237500001 0.5996712949999999 0.67649980125 0.595123855 0.65385703875 0.60322527375 0.64772721 0.6009172375 0.6305691925 0.600276255 0.62470913875 0.605551945 0.604470595 0.6104018649999999 0.59910699625 0.6083823325000001 0.5348299974999999 0.6290732962500001 0.50561372125 0.64010339375 0.49932559249999997 0.6439708762499999 0.49879198 0.6466796825 0.50207389875 0.6574759324999999 0.51192933375 0.6653435037500001 0.52238675625 0.6617988425 0.55589940875 0.65820588875 0.5702251312500001 0.660690165 0.5840328525 0.659238325 0.5871505337499999 0.65833383625 0.5883076825 0.6554441325 0.58760983125 0.6464521999999999 0.59769194625 0.639440825 0.59932993875 0.6359008225 0.6274789925 0.63028833625 0.65028599375 0.63388765625 0.65450805625 0.63215197 0.6697367624999999 0.617517895 0.6819533237500001 0.5996712949999999
0 0.39267122125 0.58552308625 0.3941880675 0.5927450175 0.4004977425 0.60010887 0.40773195 0.6015857087500001 0.41603338125 0.597644935 0.4223742775 0.59171894625 0.46463204750000003 0.578948505 0.467157415 0.56493507125 0.46480002625 0.54825180625 0.45556812874999997 0.5402033374999999 0.4494383025 0.5378953025 0.44042341 0.53948906375 0.43720019375 0.544510565 0.42294878625000004 0.55119912 0.39966093999999996 0.5482501 0.39373250875 0.5622292175 0.39267122125 0.58552308625
10 0.4050773075 0.548211125 0.44742500125 0.5379685925 0.4703316025 0.51957464125 0.48727261624999996 0.5105733925 0.50063071375 0.49648201000000003 0.50785898625 0.4800825925 0.51439534375 0.4725674975 0.515335485 0.46003556250000005 0.5050891325 0.45534619875 0.47022387250000003 0.46341796125 0.40007714499999997 0.51390579125 0.3942170925 0.51918148 0.3890177325 0.5288626875 0.392780495 0.5390086387499999 0.4050773075 0.548211125
10 0.58938018875 0.50495795625 0.57170416875 0.5003808575 0.55224746375 0.49887436125 0.5421438024999999 0.4946544 0.54148311 0.4902488825 0.53080868 0.48415131250000004 0.521312945 0.486395375 0.51180159875 0.49528435875 0.5140319062500001 0.5048533012499999 0.52777124875 0.51210488875 0.54586567 0.54261137125 0.56764260625 0.5562147175 0.57883503625 0.5662484025 0.60588564625 0.57934337125 0.61841507375 0.59154317 0.62814342625 0.5922964175 0.6383897775 0.59698578125 0.6497932787499999 0.59878544125 0.6745177212500001 0.58190730375 0.68019792625 0.5715757975 0.67260402125 0.55998732375 0.64819024875 0.5466381662500001 0.63077806625 0.53176853625 0.58938018875 0.50495795625
0 0.7667267687499999 0.5459616225 0.782346395 0.52814934 0.78496168625 0.51666381625 0.7821078425 0.50727577125 0.7117047575 0.4832612625 0.6911436725 0.48258596375 0.68615538375 0.484033145 0.6744352775 0.49458452375 0.6689505325 0.50332692625 0.6693629975000001 0.51138005375 0.68183965875 0.5256383575 0.75080021 0.55160376625 0.7667267687499999 0.5459616225
10 0.60877664625 0.59331783 0.5987472975 0.5982706987499999 0.59818246625 0.6142693475000001 0.58909919625 0.6245665375 0.5852896 0.63435535125 0.58695507375 0.65992294 0.5961148537500001 0.71907227375 0.595137555 0.72701779375 0.601521545 0.7435544774999999 0.60731321875 0.74698221625 0.6229543925000001 0.7404012675 0.66159802875 0.7358305362500001 0.66564024 0.7290390325 0.664529925 0.7119939725000001 0.65375369875 0.6676159800000001 0.6541758400000001 0.65114792875 0.6498207612500001 0.627893035 0.6440446975 0.617820375 0.6268123637499999 0.6080065612500001 0.6244921325 0.5959097125 0.61946668625 0.59277047875 0.60877664625 0.59331783
0 0.386537655 0.625612485 0.39440133375 0.6447846850000001 0.40906520749999997 0.64614925875 0.46053332875 0.6301959487500001 0.52712462125 0.60372557875 0.5218606225 0.57971277625 0.51731602125 0.5759232424999999 0.51321510625 0.566896995 0.50847504375 0.56469656625 0.4443407375 0.5858569312499999 0.39444223125 0.6069736637500001 0.39155716625 0.6108754625 0.3833984275 0.6152856387500001 0.386537655 0.625612485
10 0.49749973124999997 0.69817806875 0.50357453125 0.7083355924999999 0.5180134125 0.7138747625 0.5383214375 0.7116660899999999 0.5787769775 0.70973145 0.59497387625 0.70560021625 0.58852002125 0.67114604 0.5852364325 0.6619226725 0.544893215 0.65965675375 0.5166719937500001 0.6626243675000001 0.503175535 0.670580275 0.49643121749999997 0.68332440125 0.49749973124999997 0.69817806875
10 0.7000956125000001 0.6782688425000001 0.74839424125 0.61906262125 0.760798275 0.59726032625 0.75607922625 0.58993703625 0.7042217587499999 0.57204752375 0.69740315375 0.5758365425 0.652478715 0.6401816625 0.65552209375 0.676081545 0.6634979475 0.7065807662500001 0.683595085 0.6981166262499999 0.69659380125 0.6838695737499999 0.6952083375 0.6781674225000001 0.7000956125000001 0.6782688425000001
10 0.6336735525 0.5333329274999999 0.64934835 0.547965765 0.66780214875 0.5535974025 0.6940220100000001 0.56487569875 0.69429796125 0.56801036375 0.7066282287500001 0.57235759875 0.7272023862499999 0.5502609375 0.71435460375 0.5425421 0.71178979125 0.545227335 0.6871571324999999 0.53033203625 0.6647222912499999 0.5079948825 0.63199959875 0.49248270875000005 0.579875855 0.46911304625 0.55647723 0.49232705375 0.5497931425 0.49724881125000003 0.57234741875 0.5010264625 0.5888449725 0.50497720875 0.61185516875 0.519281525 0.6336735525 0.5333329274999999
10 0.6959194475 0.48052583624999995 0.6993073875 0.4742522225 0.69603937875 0.46814009125 0.6796042137499999 0.45790306000000003 0.63422532125 0.43597285375 0.6202685087500001 0.42879786125 0.6014582875 0.42691615125 0.58916167625 0.42822233249999997 0.58540029875 0.42768952125 0.585768405 0.42566957625 0.5774849725 0.42254611375 0.57008797625 0.42580826875 0.56472232 0.43137063499999995 0.5631076925 0.43673430125 0.56892134875 0.44105593875 0.5705744875 0.43902639125 0.57453844 0.4411926825 0.574268365 0.450737535 0.5777761825000001 0.46146021125 0.58216720375 0.46553858875000004 0.60999582 0.48091963249999997 0.6523901424999999 0.50124707625 0.6665175449999999 0.50838892625 0.66773082125 0.50478492875 0.67341541375 0.4966729175 0.679383225 0.4905009525 0.6861680925 0.484755745 0.69382753625 0.48253502 0.6959194475 0.48052583624999995
10 0.7919972975 0.6445200212500001 0.79970495125 0.63950131 0.80267931375 0.61198991625 0.8074397975 0.56928143 0.8121867075 0.5484493025 0.81042703875 0.53686188625 0.80594302625 0.52963644125 0.79667249125 0.5247798575 0.796535095 0.52339343875 0.7986125562499999 0.52209378125 0.798049845 0.5202426775 0.79950011 0.51229484375 0.7984713025000001 0.509062955 0.793328055 0.50612699375 0.78815032875 0.505476425 0.7807331125 0.5058386075 0.78444903 0.5136704425 0.7840623075 0.51851515125 0.784051145 0.5251343425 0.77730795125 0.53460397875 0.7661582149999999 0.5458497525 0.7611435812499999 0.5480631524999999 0.7507975462500001 0.5519033925 0.7410629262499999 0.62933002375 0.74093322625 0.63714676875 0.74241433625 0.64027822375 0.74487054875 0.64288741 0.7560615862500001 0.64636345375 0.76997769375 0.6479234425 0.7808051912499999 0.6474004062500001 0.7919972975 0.6445200212500001
16 0.7067084 0.47329283875 0.7113568425 0.47288789375 0.71165190875 0.46669620875 0.71416293 0.46808373625 0.7340548212500001 0.44618495375 0.72154099625 0.435399575 0.6462705762500001 0.405382105 0.6255594525 0.42773013875 0.6326439275 0.43489737 0.7066287987500001 0.46456001125 0.7067084 0.47329283875
10 0.7341569075 0.6424816937500001 0.71849742375 0.65770205 0.701106035 0.6782592162500001 0.697270955 0.6791716525 0.696650805 0.6837776212500001 0.68591629375 0.69755752375 0.6633225912499999 0.7065587499999999 0.66969082625 0.72793903375 0.68392665875 0.7196066550000001 0.7079762624999999 0.70556825125 0.7268038775 0.6986162962500001 0.7532978837500001 0.685668155 0.76334688 0.678454825 0.75959785875 0.668405 0.74384469 0.64854366125 0.7341569075 0.6424816937500001