5 0.08077583625000001 0.101203795 0.047660497499999996 0.09034592 0.00099327 0.13409142375 0.00277056125 0.37402584625 0.03757834625 0.539276265 0.0669026675 0.52168404875 0.07349116125 0.519587265 0.08208754750000001 0.48790451375000005 0.09602619625000001 0.4697527675 0.1101348425 0.445863715 0.1132939075 0.43909923999999995 0.08077583625000001 0.101203795
5 0.16090919125 0.26114815750000003 0.2009757 0.2843792275 0.2183442975 0.266693435 0.22815855249999997 0.27503907 0.23679112 0.30418851625 0.27472816875 0.31534844125 0.28542148875 0.309287195 0.28454762875 0.25674853875 0.282847705 0.22445750875 0.2859258 0.21786639875 0.2793122425 0.20451502625 0.17839864625000001 0.10584435875 0.15115301 0.11244873 0.13497758375 0.2454291725 0.16090919125 0.26114815750000003
5 0.060329877500000004 0.029539081249999998 0.09691041375 0.13364483875 0.122597435 0.12526661375 0.14436891625 0.123012195 0.15466408875 0.1142483925 0.17734747750000002 0.0812184725 0.16526785875000002 0.022528733750000002 0.060329877500000004 0.029539081249999998
5 0.18713537625 0.6890520325 0.1820154025 0.6417284675 0.10222536125 0.5918444025 0.01686632125 0.65235134875 0.025802213749999997 0.801541275 0.1458317825 0.73086558 0.18713537625 0.6890520325
17 0.10591815499999999 0.35521958124999997 0.206431905 0.50035691375 0.21966257625000002 0.4916276575 0.23061206625 0.47232818000000004 0.22147925875 0.45833544875 0.2106431075 0.4317810575 0.1037154725 0.26966575375 0.10591815499999999 0.35521958124999997
17 0.07702563 0.58995989875 0.1263363225 0.5726110375 0.10529438 0.54132150375 0.0153221425 0.5569970825 0.0076738150000000005 0.5600646662500001 0.012996471249999999 0.61925907375 0.01930531375 0.62378158625 0.0269967975 0.6172868025 0.06067262375 0.60003904 0.07702563 0.58995989875
5 0.08531074625 1 0.131702215 0.8993824662500001 0.0682215725 0.8147059575 0.02834207625 0.8218343975000001 0.04130373750000001 1 0.08531074625 1
17 0.0842156425 0.50706096625 0.092580815 0.5148795162500001 0.10683451875 0.5235790137499999 0.13305994875 0.49265401249999996 0.15021877625 0.46365626624999995 0.15450133375 0.43749869750000003 0.15565025500000002 0.43353958499999995 0.13486691625 0.39685322 0.12818381375 0.40014512500000005 0.10778562000000001 0.45434248375 0.09034325375 0.4859458725 0.08152528625000001 0.491087975 0.0842156425 0.50706096625
17 0.27716271375 1 0.2681464875 0.9700236575 0.25862347875 0.96901155875 0.2164511325 0.961052555 0.17328443624999998 0.9565199575 0.15080359875 0.95893190125 0.102820795 0.9713391124999999 0.0882083 1 0.27716271375 1
5 0.1461240525 0.83048271 0.17413780625 0.848686505 0.18776748000000001 0.86302948 0.20273986375 0.8744973625 0.21562076875 0.87915847875 0.2350332275 0.8805815825000001 0.24215869625 0.864786515 0.23608233125000003 0.8401808425 0.22326058375 0.8160471524999999 0.20422818750000002 0.79930091125 0.17841853624999998 0.76912290875 0.16181077625 0.7487046637500001 0.1609576175 0.82666375625 0.1461240525 0.83048271
17 0.1443613125 0.8296815325 0.16071493125 0.8285373825000001 0.15905063125 0.7937285237499999 0.15975613624999999 0.71990959125 0.14842503875000002 0.72941507125 0.1377613425 0.7376940775 0.1443613125 0.8296815325
5 0.1569923225 0.43609444375 0.1432161625 0.4819497775 0.1203027975 0.5092051575 0.187845455 0.63594771 0.20053009625 0.6568646625 0.21250420125000002 0.6810378625 0.21647143624999998 0.6576733 0.21030198875 0.50207554625 0.20506193875 0.50391644625 0.19945219875 0.49981979000000004 0.1848038725 0.47839887500000006 0.1569923225 0.43609444375
17 0.2666433375 0.089095005 0.2624221675 0.01540008875 0.23538732750000002 0.0193822025 0.23429605250000002 0.0243831825 0.2370830225 0.117756185 0.24711535375000002 0.13281309625 0.26323260875 0.140549835 0.2735308925 0.11126646125 0.2666433375 0.089095005
17 0.2768861225 0.54012669125 0.25258515875 0.3768883 0.24672882125 0.44006601 0.2596969025 0.5422931612499999 0.2768861225 0.54012669125
17 0.2336449275 0.70371595375 0.20946441 0.7321987975 0.18179269874999998 0.76427486125 0.1962848525 0.78921477 0.24438834375 0.7289182025 0.2798603375 0.6921103574999999 0.296755755 0.67502106 0.29921656875 0.65810444125 0.28544526625 0.6558961125 0.24965797125000003 0.6833394875000001 0.25219548625 0.6999064075 0.24596676124999997 0.70871441375 0.2336449275 0.70371595375
5 0.23084729375 0.28782035125 0.22034491 0.2725782225 0.190871495 0.304818835 0.17613476375 0.32093917625 0.17678263375 0.3723748625 0.1902962475 0.40072038249999997 0.2067122225 0.42353715999999997 0.222622665 0.4570406025 0.22762108625 0.47000496374999995 0.2302226825 0.47781140125 0.24049989624999998 0.4815303975 0.25595565 0.34553315875 0.23878872625 0.31300528499999997 0.23084729375 0.28782035125
5 0.46036651125 0.90805295625 0.46280819125 0.877083085 0.4371816575 0.86059559375 0.38336758125000003 0.9478204237500001 0.4300852875 0.96818843125 0.45719691500000004 0.97130540125 0.46036651125 0.90805295625
5 0.28575792125 0.7419209537499999 0.2286241525 0.7953399925 0.22340552375 0.8043002262500001 0.24193672125 0.842397895 0.23921957375000003 0.86980575125 0.23610039749999998 0.88506537625 0.25648363375 0.89151818125 0.35885967999999996 0.8114431037500001 0.3502906325 0.7911253675000001 0.31161769 0.80529121 0.293609255 0.808699875 0.28575792125 0.7419209537499999
17 0.65931888125 0.260352025 0.49301542 0.31448381875 0.38450414875 0.37379477625 0.38676183625 0.43119480875 0.441368365 0.4473218175 0.66394168875 0.32854367 0.7384062662499999 0.28170447374999996 0.7343497999999999 0.26290816 0.67873554125 0.25899357625 0.65931888125 0.260352025
17 0.6767538487500001 0.32073265 0.6330916387500001 0.3502544275 0.6435104262500001 0.3634555175 0.7171590975 0.4516339625 0.7731273537500001 0.48672230624999996 0.81653388125 0.48089945 0.798136315 0.43203852875000004 0.7557111325 0.36953563250000004 0.7078373087500001 0.33109497374999997 0.6767538487500001 0.32073265
17 0.55274879375 0.41856054625 0.5892309925 0.47172821875 0.61217863125 0.51191279125 0.65331805125 0.55778961875 0.70516482375 0.60709633625 0.748702865 0.6569843562500001 0.77255757875 0.6413853875 0.7715688875 0.574590465 0.74418683375 0.50407009625 0.6919114725 0.44922135750000003 0.6374103987499999 0.41960237125 0.588497985 0.381234375 0.54448145625 0.3926719175 0.55274879375 0.41856054625
17 0.8700133875 0.42979579375 0.83630115 0.317928245 0.80123623 0.3370975175 0.82173534625 0.44013848375000003 0.8517631962500001 0.53136877375 0.8921355662499999 0.6483423687500001 0.9393421375 0.6241446225 0.9248846425 0.57222203875 0.90763281375 0.52467396125 0.8700133875 0.42979579375
17 0.27505664375 0.5814679375 0.27502376375 0.56754021875 0.26077205249999996 0.5587862975 0.2527190075 0.53566868 0.21931119124999998 0.5087529525 0.2130053775 0.52173114375 0.21850275249999998 0.60631965 0.26125788875 0.63258141125 0.27541096374999996 0.599552175 0.248160425 0.5847426812500001 0.25571912375 0.57446283875 0.27505664375 0.5814679375
17 0.25068437625 0.33382574499999995 0.26006457375 0.3470994975 0.2516815775 0.360223015 0.27463772625 0.36000993625 0.30554828375 0.341131315 0.320847095 0.30941492125 0.32049277625 0.29133068375 0.30222672625 0.29818064125 0.29262372375 0.32253352999999996 0.25068437625 0.33382574499999995
17 0.30204415 0.4848556775 0.301475535 0.46400042874999997 0.28296231375 0.454151655 0.26226476125000003 0.44306270124999997 0.2694192425 0.48156620625 0.30204415 0.4848556775
17 0.23509081375000002 0.06467434 0.23534649625 0.04097541875 0.20426303499999998 0.03061309375 0.17124241875 0.03570932125 0.17585824875 0.054888411250000005 0.17596539625 0.0562739175 0.2032902025 0.058541195000000004 0.23509081375000002 0.06467434
17 0.27405441375 0.06891333625 0.27300731375000004 0.1093836525 0.28596475125000004 0.1419091575 0.29996078 0.174362 0.31891110125 0.14935514375 0.27405441375 0.06891333625
17 0.36967673125 0.4007227825 0.39153704 0.33232927500000004 0.40155277 0.21879538624999997 0.3995425075 0.0712778225 0.38324649375 0.07659694874999999 0.379923775 0.20916460125 0.37477955749999997 0.31817865875 0.32708599 0.44409961875 0.31887589875 0.48646408 0.33517191375000005 0.48114495625000003 0.36967673125 0.4007227825
17 0.5703657725 0.0927585525 0.5270006349999999 0.0721114775 0.45488490125 0.017257830000000002 0.42215284625000005 0.012582854999999999 0.41559134999999997 0.0492599675 0.4986701175 0.08384458 0.54915685625 0.1290674425 0.6313784474999999 0.15256801 0.65745037 0.15213694 0.6588931787500001 0.10328092875 0.5703657725 0.0927585525
17 0.549451605 0.42993524375 0.522249805 0.52377649375 0.53472875625 0.6176275612500001 0.55338200375 0.64278956 0.60004433 0.65206193875 0.5986270499999999 0.579724995 0.59692971875 0.4767616 0.563810465 0.44007467 0.549451605 0.42993524375
17 0.63711100375 0.8208078812499999 0.7138510775 0.85444296625 0.7610905275000001 0.84417294125 0.71590389 0.7999722699999999 0.61033895125 0.74467282625 0.5320903087500001 0.732038315 0.5111370749999999 0.7446482837499999 0.50160834125 0.7564589574999999 0.50955423875 0.77819107 0.5780598525 0.799865245 0.63711100375 0.8208078812499999