1 0.19378111 0.39161706375 0.16765677125 0.51314484125 0.15244512999999998 0.60391865125 0.15277581875 0.61755952375 0.1567440725 0.62599206375 0.164019205 0.6326884925 0.1719557125 0.63516865125 0.22486576500000002 0.6386408725 0.261572115 0.6398809525 0.28538163875 0.64236111125 0.37235253749999997 0.6440972225 0.3845879875 0.64508928625 0.44841073875 0.6453373012500001 0.4692440725 0.6438492062500001 0.49636047499999997 0.64484127 0.5066117975000001 0.6443452375 0.5148789925 0.63740079375 0.519177935 0.6279761899999999 0.52248481375 0.5148809525 0.52579169125 0.471478175 0.5294292575 0.36135912750000004 0.53207476 0.32663690500000003 0.531413385 0.29439484125 0.53306682375 0.252728175 0.5317440725 0.2465277775 0.52843719375 0.24330357125 0.5198393099999999 0.24206349249999998 0.23346364875 0.2207341275 0.22883402 0.22346230125000002 0.2268498925 0.22668650750000002 0.19378111 0.39161706375
13 0.52579365125 0.419146825 0.52579365125 0.41418650749999997 0.52414021125 0.440228175 0.95734127 0.2008928575 0.94411375625 0.19221230125000002 0.9408068787499999 0.17733134875 0.52744709 0.41666666625 0.53075396875 0.41666666625 0.52744709 0.419146825 0.52579365125 0.419146825
13 0.5208333337500001 0.458829365 0.5208333337500001 0.460069445 0.9904100525 0.26413690500000003 0.9623015875 0.23685515875 0.5224867725 0.44146825375 0.5208333337500001 0.458829365
13 0.5340608462499999 0.31870039625 0.56712963 0.46999007875 0.5803571425 0.54563492125 0.60515873 0.52455357125 0.5522486775000001 0.24925595250000002 0.525887065 0.25739703875 0.5340608462499999 0.31870039625
13 0.51917989375 0.4836309525 0.52414021125 0.48487103125 0.987103175 0.2976190475 0.9722222225 0.27529761875 0.5125661375 0.46502976250000005 0.51917989375 0.4836309525
13 0.7771164025 0.74280754 0.7754629625 0.7155257937499999 0.213002355 0.74645288 0.20833333375 0.7651289687499999 0.7771164025 0.74280754
13 0.21660052875000002 0.7279265875 0.21329365125 0.7279265875 0.21825396875 0.75520833375 0.752314815 0.6386408725 0.75892857125 0.62375992125 0.75066137625 0.6113591275 0.21660052875000002 0.732886905 0.2199074075 0.731646825 0.22486772500000002 0.72916666625 0.21660052875000002 0.7279265875
13 0.692791005 0.41170634874999995 0.4050925925 0.76016865125 0.4368849325 0.7673219275 0.7192460312500001 0.4241071425 0.692791005 0.41170634874999995
13 0.7473544975 0.44270833375 0.712632275 0.43030754000000004 0.43650793625 0.7886904762499999 0.47619047625 0.80233134875 0.47860957 0.80378280625 0.7473544975 0.44270833375
1 0.61177248625 0.713045635 0.60515873 0.7192460312500001 0.74239418 0.7217261899999999 0.7390873012500001 0.61879960375 0.7275132275 0.44146825375 0.72420634875 0.36334325375 0.5902777775 0.36706349250000003 0.596891535 0.45014881 0.60515873 0.51091269875 0.60515873 0.62375992125 0.60350529125 0.6708829362500001 0.60515873 0.711805555 0.615079365 0.7105654762499999 0.61177248625 0.711805555 0.61177248625 0.713045635
4 0.23644179875 0.72296627 0.22652116374999998 0.7279265875 0.47453703750000004 0.67708333375 0.49437830750000006 0.64484127 0.19179894125 0.6398809525 0.185185185 0.66220238125 0.16369047625 0.713045635 0.2298280425 0.7217261899999999 0.2298280425 0.7192460312500001 0.23478836 0.7217261899999999 0.23644179875 0.72296627