7 0.34036489875000003 0.56589360625 0.35832146375 0.60243625625 0.3983513325 0.6392318674999999 0.40894045749999997 0.6345312675 0.39843591875 0.6061680125 0.43741041375 0.6060980275 0.4480403575 0.6004220225 0.4566323425 0.61240315875 0.47764437125000003 0.63801662125 0.496787615 0.61515951125 0.5531211549999999 0.5106979925 0.5808622837499999 0.43759592374999995 0.551377775 0.42818816374999996 0.45111057250000003 0.43392759499999994 0.40464028375 0.4579066375 0.36721097874999997 0.48313737500000004 0.34093930499999997 0.521124905 0.34036489875000003 0.56589360625
14 0.7820846950000001 0.47176129375000003 0.8179717599999999 0.39025675625 0.8338962675 0.38223045125 0.8527567337499999 0.33508812125 0.859194205 0.305426515 0.8452289725 0.2666334375 0.7883328275 0.29141146625000003 0.7486644237500001 0.30806331625 0.70613874625 0.39299343125 0.67192227625 0.46561946249999997 0.64711415625 0.5307185525 0.69574191 0.51726920625 0.76330881625 0.48583976749999996 0.7820846950000001 0.47176129375000003
14 0.5124937675000001 0.33296819749999995 0.5385992175 0.32999532875 0.53322597 0.30318339 0.50561614625 0.28002010125000004 0.45145482125 0.23944607625 0.38230780875000003 0.18446406875000002 0.34651123125 0.170678655 0.31551939875 0.16624778625 0.27629999375000003 0.17217019375 0.365604805 0.24213609375 0.44611354 0.30499787625 0.47767387749999995 0.32688614125 0.5124937675000001 0.33296819749999995
14 0.56264015625 0.62469703375 0.5780399275 0.5671248825 0.5984077175 0.51500566 0.599142445 0.49744839125 0.56350619 0.51087441125 0.54057570625 0.5311049274999999 0.51772390875 0.580497685 0.48700895125000004 0.6625781325 0.46839339375 0.70386804 0.46403469999999997 0.71489710125 0.48097376 0.7447117975 0.52235357875 0.71820603625 0.54019359 0.6954488012500001 0.56264015625 0.62469703375
14 0.709465185 0.53080165625 0.68914411375 0.5197193800000001 0.64572928875 0.5327692337500001 0.64813461 0.5063334574999999 0.63160078125 0.4978777725 0.6119706699999999 0.50132667875 0.60125909 0.50895349 0.5672845787499999 0.606840145 0.55856718875 0.62889826875 0.5783576225 0.6526607950000001 0.6391255925 0.59744550375 0.70099270375 0.54700735625 0.709465185 0.53080165625
7 0.16458648499999998 0.203093705 0.13664716500000001 0.21884669625 0.13192110625 0.2386543925 0.13717190125 0.2683925425 0.1432798775 0.27764721625 0.14254515 0.29520448375 0.1375741825 0.32086460125000005 0.13830596 0.33442038125 0.15211087125 0.346002025 0.17817550375 0.34400455999999996 0.18762467125 0.3355022175 0.19984357500000002 0.32289851375 0.22102182750000002 0.31349731125 0.23995803 0.32663026875 0.2586522725 0.3145026025 0.25392916249999997 0.30319725 0.26370487625 0.2868916775 0.25657939625000004 0.27090905125 0.26957384375 0.23977267624999998 0.2518592375 0.22849065124999998 0.24734022 0.21230828 0.21683820625 0.196172565 0.18706796874999998 0.19359263 0.16458648499999998 0.203093705
14 0.19904196375000002 0.18684134875000002 0.13546933875 0.18490731125 0.11685673375 0.19508417 0.1163260975 0.20776441874999999 0.11261459125 0.26541311624999997 0.11350374 0.3372933775 0.12734946875 0.34789961625 0.14575798625 0.34259977625 0.13895905125 0.31881392000000003 0.14336151375 0.27569640875 0.13139047 0.25133464125 0.13526229750000002 0.22089737750000002 0.15261249125 0.2098449875 0.1896744325 0.19339288375 0.22323190875 0.19859941125 0.2423722025 0.20685535000000002 0.25597302375000003 0.2233140125 0.26562333125 0.24104769874999998 0.27124739000000003 0.19978112 0.25858243625 0.19200121875 0.19904196375000002 0.18684134875000002
7 0.53252615875 0.38199134874999996 0.53407135 0.4071521025 0.5441706575 0.41415634625000003 0.5500745425 0.42828803625 0.57381844 0.41966249125 0.6003758425 0.37484713375 0.6313327562500001 0.31802731 0.66326635875 0.268910845 0.692141545 0.261836615 0.75204938375 0.25821784999999997 0.73889756375 0.23102974499999998 0.72264946 0.2157462325 0.6877479325 0.21161498375 0.6494643975 0.22621615250000002 0.6239682675 0.2456710125 0.6149243325 0.27553236625 0.6306039299999999 0.27335848375 0.62327140875 0.29336592499999997 0.59708432 0.29828960125 0.57659702625 0.32222198625 0.5812793175000001 0.3345027425 0.5885272525 0.34755915625 0.57740749 0.36494000625 0.56079202375 0.35843512875 0.55729051125 0.34898071 0.53252615875 0.38199134874999996
14 0.68766629625 0.21356579125 0.71356765625 0.2154699425 0.7363727362500001 0.22927868375 0.7511543325 0.24856368499999998 0.7615831375000001 0.21665165125000002 0.7101069624999999 0.20504012 0.6303678725 0.18587176125 0.6181897875 0.1975000625 0.58324154125 0.2565703125 0.5383951275 0.3348723475 0.5049133849999999 0.38994111 0.5196541650000001 0.41020151374999997 0.53382644 0.413004525 0.5319955225 0.39467159875 0.53953213625 0.3697871375 0.55675987375 0.36166096000000003 0.58148045875 0.36073877125000003 0.58592079 0.3477589025 0.5763113 0.3290498125 0.58339891375 0.31489479374999996 0.598346735 0.29916513125 0.61936171375 0.293665545 0.6305631125 0.2743338875 0.622702905 0.27590853 0.611055455 0.27485658125 0.63064769875 0.24127003125000002 0.6521116775 0.2250410025 0.68766629625 0.21356579125
14 0.5910515925 0.783917485 0.5748821762499999 0.7977962125000001 0.5474734925 0.800868955 0.54592830125 0.7757082037499999 0.52128935625 0.7746795824999999 0.522432265 0.7473682775 0.53534507625 0.7181827075 0.551473675 0.7052793837500001 0.5781097625 0.68962626625 0.4795888925 0.74676247875 0.41829323625000003 0.78354497125 0.4072142925 0.7999504175 0.44455901 0.80778353625 0.49750168875 0.81539357875 0.5517067812500001 0.8238791537500001 0.57516495125 0.8220814350000001 0.6044075025 0.8062285712499999 0.6556446699999999 0.7614664287499999 0.69608862 0.7262819075 0.7229696175 0.7047763662500001 0.72329616375 0.69697313625 0.6819601125 0.69139044625 0.65976435625 0.694063695 0.64424508125 0.72344900875 0.6106846525 0.74935553 0.5910515925 0.783917485
7 0.6524726525 0.7130957325 0.6625340925000001 0.6899623325 0.65084582625 0.6898857887500001 0.6402158824999999 0.6955617924999999 0.623396325 0.69393393375 0.6068216774999999 0.68645365125 0.57668407625 0.69265235 0.55815310625 0.7008784025 0.5313129275 0.72140853875 0.52100657875 0.7503943612499999 0.52014939625 0.77087784 0.5471090787499999 0.77853454125 0.5460478062499999 0.80389503875 0.57231652875 0.79702055625 0.588281855 0.78801884625 0.60648923125 0.7564829774999999 0.6295829875 0.732350845 0.6524726525 0.7130957325
5 0.04765071 0.7623631224999999 0.0482600325 0.7788451125 0.0488285375 0.79630250875 0.037667955 0.8146587624999999 0.03339089625 0.82373701625 0.05026657875 0.8240236950000001 0.050169636249999996 0.82634027875 0.17014858375 0.8152011349999999 0.28210700375 0.7784251999999999 0.3538285125 0.74084372125 0.403844085 0.694230645 0.40486454 0.66984555 0.386214065 0.649884765 0.395581595 0.64333323 0.36328948250000004 0.60788918625 0.32089511000000004 0.59655394625 0.2713723075 0.6003491274999999 0.16169380625 0.6447285475 0.11750343375 0.67631107375 0.08007413 0.7015418099999999 0.08121113875000001 0.73645660125 0.06406503625 0.74263197125 0.07110888 0.7605654037499999 0.04765071 0.7623631224999999
5 0.63113702875 0.6641724537499999 0.6736538562500001 0.6725814812500001 0.76602003125 0.66939209875 0.840753235 0.6529698825 0.8919058149999999 0.6412715962500001 0.87452070375 0.59107329375 0.8429633175 0.5380719825 0.8035835912500001 0.5167829574999999 0.7702302050000001 0.5066994125000001 0.71288801125 0.511093835 0.68780006625 0.52079465625 0.7092610937499999 0.535678675 0.6714236075 0.57066345 0.6296356075 0.6069232499999999 0.60780426375 0.6319309125 0.63113702875 0.6641724537499999
7 0.39876000125 0.19487056249999998 0.41334045875000003 0.18791953500000003 0.4163988725 0.14587729875 0.3936346125 0.13109315125 0.36019958875 0.12296041375 0.32317846625 0.13843711375 0.32855171499999997 0.16524905374999999 0.36300424249999996 0.180109745 0.39876000125 0.19487056249999998
7 0.51743866875 0.15271824374999998 0.515526115 0.136336125 0.49467736 0.10682104875000001 0.45900323625 0.09010942375000001 0.41111021000000003 0.08600150250000001 0.4050401025 0.106884475 0.40279805125 0.129418635 0.41924729499999996 0.17093817625 0.44860934999999996 0.18327215 0.46787209750000003 0.18860187750000001 0.49817297125000004 0.17850156250000002 0.5130391562500001 0.16472270875 0.51743866875 0.15271824374999998
7 0.7173809637499999 0.37268637 0.7333900575 0.33159620875 0.74581305125 0.31411548499999997 0.7659738 0.29798632999999997 0.7454894562500001 0.29080566874999997 0.69853229875 0.2953765075 0.6627327712500001 0.3127041425 0.6413504287499999 0.3269823625 0.6321024024999999 0.36172073374999997 0.6361724175 0.38863254750000004 0.651647925 0.39133568375000005 0.63002067375 0.4114663275 0.6277786249999999 0.43400048875 0.6389770725 0.44578187874999997 0.6240292512500001 0.46151154 0.62162392875 0.48794731625 0.63652798 0.504306105 0.6535516287500001 0.50105694625 0.67819647625 0.43985947000000003 0.7173809637499999 0.37268637
5 0.37670096375 0.4736596275 0.43934067 0.43580185625 0.49749922625000004 0.41189935875000006 0.4803968925 0.38598627874999997 0.4351919675 0.37972780375 0.36253754 0.377517475 0.28201995375 0.40799483625 0.22968364624999998 0.44797983125 0.17979052875 0.49166669749999997 0.15127680500000001 0.55218838875 0.17680785125 0.59398422125 0.22217900000000002 0.56522803375 0.29805511375 0.52149451125 0.37670096375 0.4736596275
7 0.751392855 0.7395446262500001 0.768133725 0.712010245 0.6865228987499999 0.67548436625 0.6741407225 0.691989685 0.7259026249999999 0.69677339 0.70386719125 0.72665807125 0.72711832 0.76085042 0.751392855 0.7395446262500001