10 0.54184479875 0.2794532625 0.5090104962499999 0.285146945 0.50333235875 0.28412911125 0.4831086275 0.26293903375 0.47222201625 0.24146481250000001 0.46340592375 0.2289763625 0.45446112375 0.22452007 0.34339900624999997 0.27515083 0.28247600500000003 0.29639505875 0.2824116525 0.30041113875000003 0.31356716 0.33038535875 0.32640237624999996 0.33883943375000003 0.36448353 0.37095013625 0.44606036000000004 0.43289765375 0.47327408875000004 0.45220813249999997 0.4825468525 0.45594006625 0.53741238875 0.42773640375 0.539232285 0.42274841625 0.5353356712499999 0.39939459875 0.535496555 0.38935440125 0.56765574 0.37643543625 0.5709997450000001 0.36517578 0.58076135875 0.35814315999999996 0.58353297625 0.35299013875 0.5827743175 0.34110693625000005 0.5877259712499999 0.32823352875 0.6062844912500001 0.32501536125 0.6110171075 0.345554265 0.6183542575 0.35162430875 0.64363916125 0.3432348225 0.65771568875 0.33345150875 0.657940925 0.31939523375 0.64717682125 0.27053282 0.6368626 0.24295196375 0.6283360975 0.21239116 0.61899278125 0.1933192675 0.608884015 0.19240224749999998 0.60676832875 0.1961065525 0.60714765875 0.20204815375 0.61870938875 0.23074765875 0.6230818625 0.25401895875 0.61665126375 0.26047395875 0.5988643925 0.26489329 0.59422151625 0.26836834125 0.5927295837500001 0.27263197125 0.5947679275 0.28362578125 0.5990376725000001 0.293565165 0.5961181624999999 0.29807634625 0.58704465625 0.30165221124999997 0.5740807325 0.3012302925 0.56178573 0.2886776225 0.54184479875 0.2794532625
10 0.46044507 0.46311009249999996 0.4437194375 0.45065823375 0.4226918825 0.43027503250000004 0.36859239125000004 0.39092971624999995 0.34628515125 0.37143590625 0.32718022249999995 0.359396635 0.3103388725 0.34429489625000004 0.28936268125000003 0.33057765250000004 0.26845084375 0.31284433125 0.25807846624999997 0.30863558999999996 0.24760955750000002 0.31045096625 0.143942745 0.34377965625 0.1274869225 0.35397555500000005 0.12125558375 0.36773835374999997 0.11858669499999999 0.38622329375 0.11951243625 0.40742233375 0.12322897875000001 0.43214235 0.1308359375 0.46086014875 0.15651876625 0.51648037125 0.18385441 0.55779676625 0.19350650375 0.56747030375 0.2082451575 0.57559430875 0.22028953874999999 0.57417322375 0.31233646625 0.535517145 0.46041289375 0.46511813125 0.46044507 0.46311009249999996
11 0.24593722125 0.8787720274999999 0.2882107775 0.9355202287500001 0.29881459125 0.94502873125 0.313733315 0.95178653875 0.34374463874999994 0.94457992125 0.3638142775 0.94577212125 0.37128013375 0.94381000625 0.41994030875 0.90800506875 0.43165052625 0.88795230375 0.43899446750000004 0.8639842725 0.44035149500000004 0.8483967649999999 0.426269365 0.7894299325 0.42751746625000003 0.74115447125 0.42611586625000003 0.7200379474999999 0.43864289874999995 0.68849627 0.44167192875 0.6672789337499999 0.4371837375 0.6413577512499999 0.42680516124999995 0.617792975 0.41600209 0.60097667375 0.40433084125 0.58898332625 0.35491260124999996 0.563510955 0.3296728625 0.559210365 0.3016615075 0.560062795 0.217588475 0.5946662025 0.1936346175 0.60883225375 0.16625321375 0.629600045 0.14181050875 0.6545306525 0.13013246750000002 0.6725753775 0.1212130525 0.6961491187500001 0.1194637075 0.71647706375 0.12571364000000002 0.76078237125 0.13568071 0.78041358625 0.14859946624999998 0.7935255812500001 0.16488141625 0.8040519175 0.18672578625 0.8129462062499999 0.19855791875 0.8148993575 0.2077985075 0.8206393325000001 0.24593722125 0.8787720274999999
0 0.598485325 0.7722488125 0.5923195274999999 0.68320731625 0.59054539 0.62611111875 0.5871438225 0.61134878125 0.5805591325 0.597805905 0.5689200600000001 0.58380451875 0.55519747875 0.5714993975 0.5420342975 0.5637696812499999 0.52975848125 0.5598910075 0.493657515 0.5621462287500001 0.47214731 0.5718836174999999 0.45749839375 0.58777356625 0.453434105 0.60449801875 0.45441120875 0.6323630175 0.469181445 0.687873095 0.48955867499999994 0.7784551562500001 0.496786305 0.8012313550000001 0.51414188875 0.8335985725 0.52118325125 0.8383849325 0.53462303375 0.83872433375 0.555888815 0.83436922375 0.57611933625 0.8255212262499999 0.5902923925 0.809713795 0.59455594125 0.8002971425 0.598485325 0.7722488125
13 0.8537712875 0.76910264875 0.861687775 0.7594103762500001 0.86222246625 0.7475724524999999 0.26292522625 0.28731077875 0.25874984 0.28984729000000004 0.25554450500000003 0.29765301 0.25636211 0.30539703500000004 0.8537712875 0.76910264875
13 0.9447388875 0.94983141625 0.7541336887500001 0.6916307449999999 0.70380547125 0.65244533 0.91680694375 0.95412125625 0.9234879037499999 0.953516475 0.9447388875 0.94983141625
13 0.49425548124999996 0.51262132875 0.42756702750000003 0.5326481925000001 0.9590175474999999 0.53042764125 0.955362355 0.51626337 0.9555884899999999 0.50195454625 0.49425548124999996 0.51262132875
13 0.79055784875 0.33232659249999996 0.7882058437499999 0.31905161625 0.7817376437500001 0.31138463250000004 0.26388266375 0.5575118987500001 0.26514506125 0.56692741125 0.2705886075 0.5732607625 0.79055784875 0.33232659249999996
13 0.46991099374999995 0.48079405125 0.36105317875 0.5317936 0.8973828125 0.35530545875 0.89779951 0.34470837875 0.89070320625 0.33359876125 0.46991099374999995 0.48079405125
13 0.9272439287500001 0.3802685075 0.92586868 0.365170205 0.91971033125 0.3548775275 0.3590599425 0.5331052475 0.34035246375 0.54175167375 0.38639334249999996 0.5437235512499999 0.9272439287500001 0.3802685075
13 1 0.54392823375 0.42554258375000004 0.53389228 0.40692721125 0.5397872262500001 0.42502726625000004 0.54557924875 1 0.571537485 1 0.54392823375
13 0.90568556875 0.5715352674999999 0.6153726525 0.556955995 0.64402749 0.5817814275 0.9112272775 0.601462095 0.90568556875 0.5715352674999999
13 1 0.6996083325 0.70541422 0.62585823125 0.7404029925000001 0.65534796875 1 0.7268251012499999 1 0.6996083325
13 0.99430244375 0.66325407875 0.66567841875 0.59492737125 0.6987555987499999 0.6240040775 0.9959894262500001 0.6865162100000001 0.99430244375 0.66325407875
13 1 0.40144841 0.997190545 0.38925576125 0.9952741325 0.38878402375 0.75023380625 0.43349377875 0.6132800625 0.47529895250000004 1 0.414760365 1 0.40144841
13 1 0.42541801999999995 0.62122948875 0.47263622499999997 0.5364687225 0.49880012625 0.53953468375 0.5023429699999999 1 0.45487661 1 0.42541801999999995
13 1 0.63450569625 0.739080885 0.5870993025 0.64588739375 0.581336365 0.6595871575 0.5927431475 0.99695028875 0.6622058612499999 1 0.66076385375 1 0.63450569625