2 0.7421875 0.4875 0.725 0.62291666625 0.7375 0.6520833337499999 0.76875 0.6833333337499999 0.8359375 0.69583333375 0.8734375 0.68125 0.9109375 0.64166666625 0.9265625 0.59583333375 0.928125 0.54583333375 0.9140625 0.5 0.88125 0.45833333375 0.853125 0.44375 0.8109375 0.44166666624999995 0.790625 0.44583333375 0.7609375 0.46458333375000005 0.7421875 0.4875
2 0.59375 0.72708333375 0.584375 0.8145833337499999 0.59375 0.8770833337499999 0.6078125 0.89791666625 0.6890625 0.95 0.6953125 0.9375 0.7328125 0.91458333375 0.7703125 0.8708333337499999 0.78125 0.86666666625 0.8046875 0.82708333375 0.79375 0.8166666662500001 0.7921875 0.7479166662500001 0.7734375 0.69583333375 0.7421875 0.6583333337499999 0.7171875 0.64166666625 0.6765625 0.63333333375 0.6359375 0.65 0.603125 0.69375 0.59375 0.72708333375
2 0.440625 0.8145833337499999 0.44375 0.86875 0.421875 0.91875 0.3890625 0.95833333375 0.39375 0.975 0.4171875 0.99375 0.4625 1 0.4953125 0.98958333375 0.521875 1 0.5390625 0.96875 0.5625 0.98125 0.5734375 0.97916666625 0.621875 0.91875 0.621875 0.9083333337499999 0.590625 0.86666666625 0.584375 0.8145833337499999 0.5859375 0.7520833337499999 0.5015625 0.7479166662500001 0.45 0.75625 0.446875 0.80208333375 0.440625 0.8145833337499999
2 0.2015625 0.8479166662500001 0.209375 0.92083333375 0.234375 0.9645833337499999 0.26875 0.9875 0.321875 0.99375 0.3609375 0.97916666625 0.4046875 0.94375 0.4328125 0.9020833337499999 0.44375 0.86458333375 0.440625 0.825 0.4234375 0.7833333337499999 0.4 0.75625 0.36875 0.75833333375 0.3046875 0.7208333337499999 0.278125 0.71875 0.2453125 0.7375 0.2203125 0.78125 0.2015625 0.8479166662500001
2 0.1171875 0.66458333375 0.1515625 0.70625 0.178125 0.7208333337499999 0.209375 0.7229166662500001 0.2359375 0.71041666625 0.2796875 0.67291666625 0.2796875 0.62083333375 0.2515625 0.64166666625 0.2140625 0.6541666662500001 0.184375 0.6541666662500001 0.1609375 0.64375 0.128125 0.5875 0.1125 0.54375 0.10625 0.54583333375 0.096875 0.53125 0.0890625 0.56458333375 0.0984375 0.625 0.1171875 0.66458333375
2 0.1125 0.54375 0.1328125 0.59791666625 0.1609375 0.64375 0.171875 0.65 0.2078125 0.6541666662500001 0.259375 0.6375 0.2921875 0.59375 0.296875 0.55 0.2890625 0.55625 0.278125 0.55416666625 0.2703125 0.58125 0.2609375 0.58958333375 0.25625 0.575 0.2578125 0.54583333375 0.2421875 0.49166666625 0.2234375 0.47708333375 0.1984375 0.47291666624999995 0.19375 0.45208333375000004 0.18125 0.43958333375 0.1546875 0.43333333375000005 0.121875 0.47291666624999995 0.1109375 0.50625 0.1125 0.54375
2 0.371875 0.58541666625 0.359375 0.58958333375 0.353125 0.60208333375 0.35625 0.65625 0.3734375 0.6916666662500001 0.3984375 0.7166666662500001 0.428125 0.7166666662500001 0.4734375 0.67916666625 0.4578125 0.64375 0.45625 0.62083333375 0.4765625 0.59791666625 0.4984375 0.59791666625 0.515625 0.62291666625 0.53125 0.62291666625 0.51875 0.57083333375 0.5015625 0.54583333375 0.48125 0.52916666625 0.4546875 0.525 0.409375 0.53541666625 0.38125 0.55416666625 0.371875 0.58541666625
2 0.65 0.45416666624999996 0.6671875 0.46875 0.6546875 0.48333333375000004 0.6625 0.48958333375 0.665625 0.5104166662499999 0.684375 0.54375 0.6734375 0.56666666625 0.678125 0.60833333375 0.721875 0.61666666625 0.721875 0.6041666662499999 0.734375 0.58958333375 0.7484375 0.4875 0.7609375 0.46666666625 0.7921875 0.44583333375 0.84375 0.44166666624999995 0.8375 0.41666666625 0.8140625 0.39791666625 0.78125 0.38541666625 0.740625 0.38541666625 0.684375 0.40833333375 0.65 0.44583333375 0.65 0.45416666624999996
2 0.665625 0.23958333375 0.6484375 0.26666666625 0.6359375 0.31458333374999997 0.6359375 0.3375 0.64375 0.35625 0.653125 0.36875 0.6625 0.37083333375000005 0.6734375 0.37083333375000005 0.7 0.35833333375000004 0.703125 0.38333333375 0.709375 0.39166666624999996 0.7484375 0.38541666625 0.7984375 0.38958333375000004 0.7984375 0.32291666625 0.7921875 0.29583333375 0.778125 0.2625 0.7453125 0.225 0.703125 0.22083333375 0.6796875 0.23125 0.678125 0.23958333375 0.665625 0.23958333375
2 0.671875 0.11458333375 0.6765625 0.1625 0.6859375 0.18333333375 0.7 0.20416666625000002 0.725 0.22083333375 0.759375 0.225 0.76875 0.23333333374999998 0.7953125 0.23333333374999998 0.809375 0.18125 0.8109375 0.15625 0.8078125 0.15208333375 0.796875 0.15208333375 0.7875 0.16666666625 0.7875 0.17916666625000002 0.771875 0.18125 0.7671875 0.175 0.771875 0.16666666625 0.771875 0.15416666625 0.7671875 0.14375 0.753125 0.13333333375 0.721875 0.09375 0.7171875 0.10625 0.7015625 0.10208333375 0.671875 0.11458333375
2 0.5125 0.11666666625 0.5125 0.14583333375000002 0.5484375 0.19583333374999998 0.559375 0.23333333374999998 0.5609375 0.26458333375 0.6140625 0.29375 0.6484375 0.26666666625 0.6671875 0.23958333375 0.6765625 0.18541666625 0.675 0.14791666625 0.6625 0.1125 0.640625 0.08333333375 0.6 0.05625 0.5640625 0.052083333749999995 0.5421875 0.06458333375 0.5234375 0.08958333375000001 0.5125 0.11666666625
2 0.43125 0 0.43125 0.01666666625 0.425 0.025 0.4265625 0.04791666625 0.4328125 0.06458333375 0.440625 0.07083333374999999 0.4453125 0.08333333375 0.459375 0.09166666625 0.4671875 0.09166666625 0.478125 0.08333333375 0.5171875 0.07083333374999999 0.525 0.06458333375 0.5390625 0.06875 0.5515625 0.05625 0.5515625 0.052083333749999995 0.5453125 0.04583333375 0.540625 0.01041666625 0.5359375 0 0.43125 0
2 0.353125 0.17083333374999998 0.3703125 0.17291666625000002 0.3828125 0.1875 0.4109375 0.2375 0.4109375 0.24375 0.3859375 0.25416666625 0.3796875 0.27708333375 0.359375 0.30625 0.3484375 0.34791666624999995 0.35625 0.39583333375 0.3921875 0.44791666625 0.41342185125 0.47502612874999994 0.46123133250000004 0.500893 0.49913436375000003 0.49686928125 0.511625105 0.48192398750000004 0.5236851687499999 0.498593715 0.5391909425 0.47675060375 0.5609375 0.45416666624999996 0.5640625 0.39166666624999996 0.5859375 0.36666666625 0.5921875 0.34791666624999995 0.584375 0.31041666625000003 0.565625 0.27916666625000003 0.55 0.20416666625000002 0.5203125 0.15625 0.4984375 0.13541666624999998 0.4515625 0.1125 0.4140625 0.1125 0.375 0.12708333375 0.3515625 0.15833333375 0.353125 0.17083333374999998
2 0.078125 0.25833333375 0.0734375 0.30625 0.1296875 0.35833333375000004 0.159375 0.36041666624999996 0.1859375 0.35208333375 0.1921875 0.34583333375 0.1859375 0.32291666625 0.1875 0.27291666625 0.175 0.25 0.140625 0.225 0.1515625 0.19791666625 0.13125 0.19375 0.1109375 0.20625 0.0859375 0.24166666625000002 0.078125 0.25833333375
2 0.240625 0.22291666625 0.2484375 0.26458333375 0.290625 0.33541666625 0.3203125 0.33541666625 0.3171875 0.28541666625 0.3734375 0.25833333375 0.4046875 0.23125 0.3765625 0.18333333375 0.35 0.175 0.3515625 0.14791666625 0.3796875 0.11875 0.34375 0.10416666625 0.2671875 0.12916666625 0.2453125 0.19166666625 0.240625 0.22291666625
2 0.540625 0.475 0.51875 0.50625 0.5109375 0.48958333375 0.4875 0.50208333375 0.4828125 0.525 0.509375 0.55 0.5171875 0.56666666625 0.5453125 0.575 0.5484375 0.59583333375 0.565625 0.6125 0.5703125 0.63333333375 0.59375 0.6520833337499999 0.625 0.65625 0.671875 0.625 0.678125 0.58541666625 0.675 0.56875 0.684375 0.5416666662499999 0.6578125 0.48333333375000004 0.6671875 0.46458333375000005 0.65625 0.45416666624999996 0.6140625 0.45 0.590625 0.40833333375 0.584375 0.38333333375 0.5765625 0.37916666624999995 0.5640625 0.38958333375000004 0.559375 0.46666666625 0.540625 0.475
2 0.5921875 0.31041666625000003 0.596875 0.33541666625 0.6015625 0.34166666625 0.6 0.3625 0.5859375 0.38125 0.590625 0.41041666624999995 0.6125 0.45208333375000004 0.65 0.45208333375000004 0.659375 0.43541666625 0.6796875 0.4125 0.678125 0.37291666625 0.6515625 0.36458333375 0.6171875 0.30208333374999996 0.5921875 0.28125 0.5765625 0.27916666625000003 0.5734375 0.28333333374999997 0.575 0.28958333375 0.5921875 0.31041666625000003
2 0.2015625 0.44166666624999995 0.2078125 0.44375 0.23125 0.41666666625 0.2390625 0.44166666624999995 0.2546875 0.45 0.265625 0.42291666624999996 0.284375 0.40208333375000005 0.3078125 0.40208333375000005 0.31875 0.43541666625 0.3390625 0.43541666625 0.3359375 0.44791666625 0.3203125 0.45416666624999996 0.3203125 0.47083333375 0.3125 0.47916666625 0.325 0.53541666625 0.3453125 0.56041666625 0.36875 0.56041666625 0.371875 0.5375 0.3890625 0.5125 0.3890625 0.45833333375 0.3734375 0.43541666625 0.3640625 0.43333333375000005 0.359375 0.40625 0.346875 0.40208333375000005 0.3484375 0.38958333375000004 0.3296875 0.34375 0.3109375 0.33541666625 0.28125 0.33541666625 0.265625 0.34375 0.2171875 0.40416666625 0.2015625 0.44166666624999995
2 0.2135416675 0.31805555625 0.234375 0.31805555625 0.2375 0.30138888999999996 0.2447916675 0.30416666625 0.25520833249999997 0.27916666625000003 0.24375 0.2625 0.240625 0.23194444375 0.24270833249999998 0.19861111 0.25625 0.15 0.25520833249999997 0.1347222225 0.2354166675 0.1597222225 0.2020833325 0.16388888999999998 0.22083333249999998 0.19305555625 0.203125 0.19444444375 0.17395833249999998 0.225 0.18125 0.24166666625000002 0.1885416675 0.32638889 0.19583333249999998 0.34861111 0.2135416675 0.31805555625
2 0.46875 0.6375 0.4760416675 0.6347222225 0.4802083325 0.67916666625 0.478125 0.69861111 0.49895833250000005 0.70694444375 0.5333333325 0.69583333375 0.5395833325 0.675 0.55 0.6597222225 0.5583333325000001 0.63333333375 0.5645833325 0.6027777775 0.5520833325000001 0.60138889 0.5489583325 0.5777777775 0.5177083325 0.5652777775 0.5260416674999999 0.59861111 0.534375 0.6277777775 0.521875 0.6305555562499999 0.5052083325000001 0.6097222225 0.49375 0.5972222225 0.4802083325 0.59583333375 0.478125 0.6041666662499999 0.4760416675 0.60555555625 0.4729166675 0.60555555625 0.4729166675 0.62083333375 0.4614583325 0.61666666625 0.4572916675 0.6277777775 0.46875 0.6375
2 0.39375 0.7541666662500001 0.4020833325 0.71805555625 0.38854166749999997 0.7027777775 0.3677083325 0.6777777775 0.3520833325 0.64583333375 0.3541666675 0.625 0.33020833250000003 0.6125 0.3114583325 0.64305555625 0.3052083325 0.65 0.2833333325 0.63333333375 0.290625 0.6902777775 0.3104166675 0.7277777775 0.3666666675 0.7541666662500001 0.39375 0.7541666662500001
2 0.5697916675 0.7111111099999999 0.5979166674999999 0.6888888900000001 0.6010416675 0.6597222225 0.5822916674999999 0.64444444375 0.5625 0.62083333375 0.5489583325 0.6611111099999999 0.5364583325000001 0.67638889 0.5333333325 0.6916666662500001 0.5072916675 0.70555555625 0.4791666675 0.69861111 0.48645833250000003 0.71944444375 0.4770833325 0.7236111099999999 0.4739583325 0.67916666625 0.43958333250000003 0.7111111099999999 0.440625 0.7152777775 0.4604166675 0.7513888900000001 0.5291666675 0.7458333337499999 0.5885416674999999 0.7472222225 0.5697916675 0.7111111099999999
2 0.2697916675 0.5833333337500001 0.2791666675 0.54861111 0.28125 0.55416666625 0.296875 0.54861111 0.3010416675 0.52916666625 0.284375 0.51944444375 0.29375 0.51944444375 0.31770833249999997 0.5055555562499999 0.2979166675 0.48333333375000004 0.3052083325 0.47361111 0.3166666675 0.4722222225 0.315625 0.4527777775 0.3322916675 0.4527777775 0.3364583325 0.43611111 0.321875 0.43611111 0.3114583325 0.39861111 0.2927083325 0.40138889 0.2947916675 0.43333333375000005 0.2833333325 0.45694444375000004 0.2791666675 0.41388889 0.2645833325 0.4527777775 0.2729166675 0.49444444375 0.2677083325 0.51666666625 0.26041666750000003 0.56666666625 0.2583333325 0.56388889 0.2572916675 0.5875 0.2697916675 0.5833333337500001